20000.0
20000.0
20000.0
20000.0
20000.0
20000.0
20000.0
20000.0
20000.0
20000.0
20000.0
20000.0
20000.0
20000.0
20000.0
20000.0
20000.0
20000.0
20000.0
20000.0
20000.0
20000.0
20000.0
20000.0
20000.0
20000.0
20000.0
20000.0
20000.0
20000.0
20000.0
20000.0
20000.0
20000.0
20000.0
20000.0
20000.0
20000.0
20000.0
20000.0
20000.0
20000.0
19999.98828125
20000.0
20000.0
20000.0
19999.98828125
20000.0
20000.0
20000.0
20000.001953125
20000.0
20000.0
20000.0
20000.0
20000.0
20000.0
20000.0
20000.0
20000.0
19999.998046875
20000.0
20000.0
20000.0
20000.0
20000.0
20000.0
20000.0
20000.0
20000.0
20000.0
20000.0
20000.0
20000.0
20000.0
20000.0
20000.0
20000.0
20000.0
20000.0
20000.0
20000.0
20000.0
20000.0
20000.0
20000.0
20000.0
20000.0
20000.0
20000.0
19861.791015625
19425.189453125
19018.345703125
18555.09765625
18003.771484375
17475.490234375
17032.779296875
16646.189453125
16264.0703125
15884.38671875
15476.1416015625
15064.5283203125
14733.44921875
14405.4072265625
14109.119140625
13817.5400390625
13554.4423828125
13303.421875
13075.0693359375
12868.7646484375
12665.072265625
12475.94140625
12282.4140625
12091.3056640625
11923.6533203125
11741.4169921875
11567.55078125
11393.302734375
11230.97265625
11067.25
10889.572265625
10717.2099609375
10545.115234375
10384.7333984375
10222.6337890625
