20000.0
19999.400390625
19999.998046875
20000.0
20000.0
20000.0
19706.58203125
19239.6953125
19272.72265625
19669.6015625
20000.0
20000.0
20000.0
20000.0
20000.0
20000.0
20000.0
20000.0
20000.0
20000.0
20000.0
20000.0
20000.0
20000.0
20000.0
20000.0
20000.0
20000.0
20000.0
20000.0
20000.0
20000.0
20000.0
20000.0
20000.0
19999.99609375
20000.0
20000.0
20000.0
20000.0
19999.998046875
19874.03125
19171.779296875
18430.546875
17721.37890625
16998.130859375
16309.0791015625
15677.7763671875
15112.89453125
14604.1474609375
14144.0986328125
13704.529296875
13264.98046875
12872.7060546875
12548.9580078125
12205.2099609375
11882.83984375
11567.236328125
11271.20703125
10990.62890625
10732.7783203125
10499.365234375
10271.169921875
10059.1416015625
9848.912109375
9694.396484375
9564.1533203125
9413.548828125
9257.2451171875
9104.9091796875
8965.1318359375
8826.3818359375
8691.6279296875
8564.8154296875
8437.8037109375
8318.150390625
8198.3779296875
8082.14990234375
7980.12841796875
7870.6318359375
7766.021484375
7658.619140625
7557.33154296875
7456.64111328125
7360.10107421875
7270.37939453125
7181.05126953125
7097.21484375
7012.7294921875
6929.83251953125
6857.06494140625
6779.03955078125
6705.94287109375
6632.64599609375
6563.53515625
6493.90625
6426.0908203125
6362.138671875
6297.8017578125
6237.20947265625
6176.3330078125
6114.12744140625
6055.8466796875
5995.36962890625
5940.38037109375
5886.1015625
5835.36962890625
5784.35693359375
5734.57958984375
5687.41796875
5639.93359375
5595.12744140625
5549.62353515625
5504.822265625
5465.658203125
5423.7763671875
5384.3017578125
5344.30029296875
5305.73681640625
5265.205078125
5225.0126953125
5187.4287109375
5149.77490234375
5114.486328125
5078.982421875
