20000.0
20000.0
20000.0
20000.0
20000.0
20000.0
20000.0
20000.0
20000.0
20000.0
20000.0
20000.0
20000.0
20000.0
20000.0
20000.0
20000.0
20000.0
20000.0
20000.0
20000.0
20000.0
20000.0
20000.0
20000.0
20000.0
20000.0
20000.001953125
20000.0
19999.99609375
20000.0
19999.943359375
20000.0
20000.0
19999.998046875
20000.0
20000.0
20000.0
20000.0
20000.0
19999.994140625
20000.0
20000.0
20000.0
20000.0
20000.0
20000.0
20000.0
20000.0
20000.0
20000.0
20000.0
19999.984375
19902.642578125
18954.802734375
17933.86328125
17033.91796875
16262.455078125
15610.5576171875
14991.146484375
14374.642578125
13821.55078125
13253.0654296875
12744.4384765625
12257.2275390625
11818.228515625
11408.896484375
11059.23046875
10776.9091796875
10488.4609375
10226.548828125
9967.775390625
9722.052734375
9476.115234375
9238.7890625
9011.900390625
8788.1708984375
8581.2333984375
8361.6650390625
8154.89306640625
7977.47021484375
7789.564453125
7614.56884765625
7439.25634765625
7275.6142578125
7111.88818359375
6955.0302734375
6812.78955078125
6676.22021484375
6545.21240234375
6413.3974609375
6286.55078125
6175.94140625
6058.01171875
5947.333984375
5837.58251953125
5735.04833984375
5637.4326171875
5544.15869140625
5452.712890625
5357.94921875
5266.91552734375
5174.720703125
5085.94580078125
5012.9208984375
4933.2802734375
4860.208984375
4788.4677734375
4721.65576171875
4654.7705078125
4589.751953125
4528.45166015625
4466.90185546875
4409.47900390625
4352.25732421875
4296.54541015625
4247.89990234375
4196.20556640625
4148.0615234375
4100.0859375
4055.130126953125
4009.901123046875
3965.9462890625
3924.572021484375
3883.744140625
3846.10400390625
3807.826904296875
