20000.0
20000.0
20000.0
20000.0
20000.0
20000.0
20000.0
20000.0
20000.0
20000.0
20000.0
20000.0
20000.0
20000.0
20000.0
20000.0
20000.0
20000.0
20000.0
20000.0
20000.0
20000.0
20000.0
20000.0
20000.0
20000.0
20000.0
20000.0
20000.0
19999.3125
19999.98828125
20000.0
19999.99609375
20000.0
20000.0078125
20000.0
20000.0
20000.0
20000.0
20000.0
20000.0
20000.0
20000.0
20000.0
20000.0
20000.0
20000.0
20000.0
20000.0
20000.0
19999.998046875
20000.0
20000.0
20000.0
20000.0
20000.0
20000.0
20000.0
20000.0
20000.0
20000.0
20000.0
20000.0
20000.0
19594.814453125
18782.8515625
17901.326171875
17089.6171875
16320.171875
15642.5439453125
15109.8447265625
14624.9052734375
14175.1494140625
13734.1025390625
13328.6728515625
12902.4052734375
12484.921875
12094.4306640625
11715.28125
11376.2392578125
11028.0556640625
10684.583984375
10389.279296875
10083.931640625
9809.3876953125
9544.7138671875
9302.748046875
9064.1328125
8835.7265625
8629.4814453125
8431.3173828125
8250.27734375
8069.33349609375
7890.3916015625
7732.6376953125
7564.9345703125
7408.24560546875
7257.609375
7120.703125
6980.69091796875
6843.884765625
6715.9384765625
6588.08935546875
6466.11962890625
6344.537109375
6226.91455078125
6124.2109375
6014.5947265625
5911.90771484375
5809.29638671875
5713.89111328125
5619.20068359375
5528.1396484375
5443.7783203125
5359.31884765625
5277.1962890625
5193.0107421875
5112.33837890625
5038.84423828125
4959.6826171875
4885.55712890625
4810.734375
4739.84521484375
4668.0048828125
4598.00146484375
4531.80517578125
4464.8359375
4401.85986328125
4338.6484375
