20000.0
20000.0
20000.0
20000.0
20000.0
20000.0
20000.0
20000.0
20000.0
20000.0
20000.0
20000.0
20000.0
20000.0
20000.0
20000.0
20000.0
20000.0
20000.0
20000.0
20000.0
20000.0
20000.0
20000.0
20000.0
20000.0
20000.0
20000.0
20000.0
20000.0
20000.0
20000.0
19999.32421875
20000.0
19999.8125
20000.0
20000.0
20000.0
19999.99609375
19999.998046875
20000.0
20000.0
20000.0
20000.0
19999.99609375
20000.0
20000.0
19999.998046875
20000.0
20000.0
20000.0
20000.0
20000.0
20000.0
20000.0
20000.0
20000.0
20000.0
20000.0
20000.0
20000.0
20000.0
20000.0
20000.0
19817.74609375
19389.5
18921.513671875
18491.5625
18074.671875
17691.65234375
17311.408203125
16944.1484375
16606.341796875
16277.2802734375
15947.5615234375
15553.2021484375
15163.9453125
14859.509765625
14580.70703125
14323.3056640625
14069.0712890625
13834.865234375
13593.9697265625
13338.142578125
13092.2919921875
12856.0869140625
12646.28515625
12454.2509765625
12277.4765625
12127.8046875
11967.5712890625
11816.65234375
11666.5830078125
11529.1806640625
11391.5068359375
11254.90234375
11122.490234375
10985.5771484375
10852.62109375
10717.896484375
10592.4169921875
10476.439453125
10345.4091796875
10217.7314453125
10085.935546875
9957.7158203125
9820.505859375
9686.0791015625
9562.55078125
9439.9169921875
9324.0166015625
9206.8212890625
9092.8974609375
8990.66796875
8877.677734375
8768.8447265625
8657.5693359375
8551.1630859375
8442.7509765625
8334.29296875
8237.353515625
8138.64208984375
8041.931640625
7943.349609375
