20000.0
20000.0
20000.0
20000.0
19999.99609375
20000.0
20000.0
20000.0
20000.0
20000.0
20000.0
20000.0
20000.0
20000.0
20000.0
20000.0
20000.0
20000.0
20000.0
20000.0
20000.0
20000.0
20000.0
20000.0
19999.994140625
20000.0
19999.978515625
20000.0
20000.0
20000.0
19999.947265625
19999.99609375
20000.0
19999.998046875
20000.0
20000.0
20000.0
20000.0
20000.0
20000.0
19999.998046875
20000.0
19871.880859375
19332.337890625
18797.564453125
18316.0
17887.802734375
17460.6328125
16908.20703125
16478.171875
16111.0302734375
15761.4970703125
15433.19921875
15145.86328125
14840.5185546875
14561.9384765625
14286.623046875
14059.400390625
13845.2109375
13651.2890625
13451.513671875
13157.201171875
12878.3857421875
12638.8896484375
12444.259765625
12290.2236328125
12122.59375
11961.2587890625
11808.552734375
11670.4609375
11519.525390625
11366.7353515625
11231.1201171875
11100.236328125
10978.666015625
10859.419921875
10745.8525390625
10645.9990234375
10536.1708984375
10429.046875
10317.8046875
10210.5751953125
10103.943359375
10005.02734375
9914.8544921875
9824.8984375
9738.5390625
9650.2568359375
9557.3115234375
9469.9375
9368.591796875
9268.220703125
9162.44921875
9061.6162109375
8957.064453125
8853.0078125
8747.7626953125
8634.3828125
8528.552734375
8421.44921875
8316.0185546875
8222.388671875
8116.4326171875
8015.4345703125
7913.19775390625
7816.529296875
7716.4931640625
7615.75634765625
7518.60498046875
7418.794921875
7322.94091796875
7224.93994140625
7131.94482421875
7050.64501953125
6960.75341796875
6873.96923828125
6790.7099609375
6711.84814453125
6630.73779296875
6549.990234375
6473.3056640625
6396.71533203125
6325.83056640625
6255.29541015625
