20000.0
20000.0
20000.0
20000.0
20000.0
20000.0
20000.0
20000.0
20000.0
20000.0
20000.0
20000.0
20000.0
20000.0
20000.0
20000.0
20000.0
20000.0
20000.0
20000.0
20000.0
20000.0
20000.0
20000.0
20000.0
20000.0
20000.0
20000.0
20000.0
20000.0
20000.0
20000.0
20000.0
20000.0
20000.0
19985.34765625
19985.330078125
20000.0
20000.0
20000.0
20000.0
20000.0
19999.99609375
20000.0
20000.0
20000.0078125
20000.001953125
20000.001953125
20000.0
20000.0
20000.0
20000.0
20000.0
20000.0
20000.0
20000.0
20000.0
20000.0
20000.0
20000.0
20000.0
20000.0
20000.0
20000.0
20000.0
20000.0
20000.0
20000.0
19997.982421875
20000.0
19999.998046875
19999.998046875
20000.0
19999.3359375
20000.0
19489.5
18973.294921875
18488.41015625
18066.451171875
17629.7890625
17216.416015625
16808.18359375
16431.970703125
16101.548828125
15778.7158203125
15491.3076171875
15226.6083984375
14991.62890625
14797.306640625
14605.4677734375
14430.927734375
14255.6708984375
14089.3212890625
13922.9873046875
13770.474609375
13626.0751953125
13487.7353515625
13357.5966796875
13224.736328125
13094.412109375
12980.513671875
12859.0390625
12746.1640625
12634.291015625
12530.1064453125
12427.7568359375
12328.39453125
12234.0244140625
12138.326171875
12047.5517578125
11956.49609375
11868.0302734375
11790.1728515625
11706.2822265625
11627.15625
11544.626953125
11465.7880859375
11385.90625
11307.7421875
11233.654296875
11158.4873046875
11086.962890625
11014.4033203125
