20000.0
20000.0
20000.0
20000.0
20000.0
20000.0
20000.0
20000.0
20000.0
20000.0
20000.0
20000.0
20000.0
20000.0
20000.0
20000.0
20000.0
20000.0
20000.0
20000.0
20000.0
20000.0
20000.0
20000.0
20000.0
20000.0
20000.0
20000.0
20000.0
20000.0
20000.0
20000.0
20000.0
20000.0
20000.0
20000.0
20000.0
20000.0
20000.0
19999.9921875
20000.0
20000.0
19999.994140625
20000.0
20000.00390625
20000.0
20000.0
20000.0
20000.001953125
20000.0
19999.9765625
20000.0
20000.0
20000.0
20000.0
20000.0
19999.99609375
20000.0
20000.0
20000.0
20000.0
20000.0
20000.0
20000.0
20000.0
20000.0
20000.0
20000.0
20000.0
20000.0
20000.0
20000.0
20000.0
20000.0
20000.0
20000.0
20000.0
20000.0
20000.0
20000.0
19820.228515625
19305.482421875
18812.734375
18332.89453125
17775.125
17188.77734375
16655.927734375
16223.2841796875
15812.431640625
15395.849609375
15013.123046875
14625.7041015625
14294.6708984375
13984.533203125
13706.6083984375
13434.9248046875
13180.4482421875
12951.7841796875
12725.55859375
12512.6162109375
12289.8232421875
12074.4697265625
11886.9287109375
11694.01171875
11512.7041015625
11326.81640625
11145.8037109375
10962.4638671875
10784.2958984375
10614.990234375
10443.7880859375
10280.998046875
10121.2177734375
9969.6787109375
9837.1650390625
9691.7578125
9542.4423828125
9382.21484375
9218.3818359375
9055.7890625
8900.5087890625
8756.7822265625
8614.494140625
8482.2509765625
8350.404296875
