20000.0
20000.0
20000.0
20000.0
20000.0
20000.0
20000.0
20000.0
20000.0
20000.0
20000.0
20000.0
20000.0
20000.0
20000.0
20000.0
20000.0
20000.0
20000.0
20000.001953125
20000.0
20000.0
19453.07421875
18318.625
17386.6796875
16592.552734375
15915.0498046875
15335.01171875
14824.4296875
14402.5380859375
13975.4462890625
13597.806640625
13239.4013671875
12912.310546875
12593.6123046875
12296.2021484375
12034.4501953125
11773.640625
11530.603515625
11292.650390625
11071.9228515625
10884.9716796875
10682.61328125
10496.146484375
10315.0556640625
10162.4970703125
10031.54296875
9905.640625
9790.4853515625
9682.1953125
9579.056640625
9476.1767578125
9376.173828125
9289.197265625
9197.3232421875
9112.6904296875
9029.2294921875
8952.0341796875
8875.37890625
8801.939453125
8733.3369140625
8661.861328125
8593.9873046875
8526.2216796875
8462.5615234375
8406.6005859375
8345.3623046875
8286.267578125
8225.26171875
8143.9970703125
8067.58251953125
7999.03515625
7938.59033203125
7881.03857421875
7829.12939453125
7778.4736328125
7730.27099609375
7689.5869140625
7644.32080078125
7599.5263671875
7539.7060546875
7477.56396484375
7415.662109375
7355.98388671875
7294.958984375
7208.30859375
7117.20947265625
7023.80419921875
6931.400390625
6847.18994140625
6751.197265625
6659.39404296875
6567.15869140625
6480.24267578125
6388.18798828125
6286.71435546875
6175.18115234375
6064.3427734375
5966.32568359375
5874.4619140625
5790.63037109375
5719.6650390625
5642.6875
5569.71533203125
5497.38818359375
5429.60888671875
5360.06591796875
5293.39404296875
5228.515625
5160.1904296875
5093.42626953125
5025.48583984375
4959.97265625
4903.66845703125
4843.7685546875
4786.49853515625
4728.8994140625
4674.94775390625
4620.8193359375
4567.5654296875
4516.43212890625
4464.35986328125
4414.48095703125
4363.35986328125
