25400.0
25400.0
24729.138671875
24771.46875
24337.775390625
23565.89453125
23358.689453125
23341.75
23361.912109375
23405.0078125
23495.423828125
23667.626953125
24083.689453125
24709.818359375
24954.83203125
25034.462890625
25063.736328125
25080.412109375
25097.626953125
25123.6328125
25156.0859375
25175.16796875
25187.70703125
25196.958984375
25205.12109375
25212.068359375
25218.900390625
25223.626953125
25228.50390625
25234.763671875
25242.32421875
25251.689453125
25255.876953125
25337.158203125
25750.857421875
26754.990234375
29306.701171875
34129.9765625
39319.36328125
45040.91015625
50426.08203125
54627.91796875
58715.75
62517.16796875
66023.625
68952.40625
71402.625
76196.1796875
82020.6171875
87941.8984375
94919.4609375
102231.640625
109620.8125
115950.4375
118358.21875
120319.828125
121905.0625
123128.703125
124220.3671875
125020.609375
125295.6171875
125425.25
125574.3125
125673.796875
125641.625
125542.9375
125349.234375
125079.484375
124720.65625
124311.0546875
123835.6484375
123334.2734375
123273.8203125
123202.046875
123165.5
123081.6953125
122919.203125
122722.1953125
122471.6875
122198.59375
121893.8828125
121577.4140625
121233.4765625
120878.2421875
120530.4453125
120091.453125
119656.7578125
119243.921875
118867.53125
118542.703125
118182.953125
117838.3828125
117667.03125
117477.140625
117249.140625
117013.625
116780.234375
116536.8515625
116300.4375
116055.859375
115810.1640625
115587.328125
115343.1640625
115107.015625
114855.15625
114612.375
114368.90625
114180.640625
113923.421875
113628.5625
113338.09375
113037.109375
112764.65625
112486.09375
112418.46875
112560.8125
112579.59375
112459.0234375
112263.703125
111994.4921875
111687.40625
111363.0703125
111113.59375
110911.0859375
