25400.0
25400.0
25400.0
25400.0
25400.0
25400.0
25400.0
25400.0
25400.0
25400.0
25400.0
25400.0
25400.0
25400.0
25400.0
25400.0
25400.0
25400.0
25400.0
25400.0
25400.0
25400.0
25400.0
25400.0
25400.0
25400.0
25400.0
25400.0
25400.0
25400.0
25400.0
25400.0
25400.0
25400.0
25400.0
25400.0
25400.0
25400.0
25400.0
37098.390625
51813.53125
60621.91796875
65503.984375
68579.671875
71182.3046875
74170.390625
77113.9375
79952.46875
82607.5859375
85379.7265625
88014.8359375
90345.96875
92579.1484375
94673.4140625
96495.5390625
98420.671875
100167.6875
101822.5546875
103505.1796875
105393.0234375
107297.65625
109066.40625
110770.453125
112313.609375
113856.6015625
115401.421875
116812.328125
118410.140625
120085.53125
121872.25
123495.75
125133.2578125
126748.4765625
128298.4140625
129871.015625
131454.59375
133044.921875
134561.921875
135898.09375
137382.1875
138870.71875
140472.4375
141891.28125
143277.578125
144538.6875
147720.984375
150094.203125
151362.234375
152745.5
154182.359375
154020.5625
151167.640625
148590.828125
146409.5625
145152.84375
143696.171875
142026.203125
140401.046875
138810.859375
137636.34375
136691.09375
135919.75
135323.921875
135126.0
135087.875
135065.1875
135050.09375
135041.953125
135036.515625
135064.3125
135127.578125
135206.0625
135373.109375
135592.328125
135793.046875
135998.421875
136165.84375
136309.796875
136410.34375
136484.109375
136712.953125
136899.75
137033.375
137111.46875
137167.578125
