25400.0
25400.0
25400.0
25400.0
25400.0
25400.0
25400.0
25400.0
25400.0
25400.0
25400.0
25400.0
25400.0
25400.0
25400.0
25400.0
25400.0
25400.0
25400.0
25400.0
25400.0
25400.0
25400.0
25400.0
25400.0
25400.0
25400.0
32919.70703125
49300.15625
57711.15234375
63044.4140625
68016.4375
72008.0
76177.375
80116.8046875
83841.1875
87343.8828125
90915.9609375
94592.8046875
98082.59375
102119.9453125
106253.375
110973.109375
116296.90625
120995.734375
126824.4765625
132579.9375
138182.6875
143459.390625
149687.5625
155688.65625
161201.125
163882.109375
165346.421875
160832.765625
157024.453125
153531.828125
149659.171875
146119.265625
142858.328125
141134.453125
139031.203125
137577.28125
136223.828125
134994.359375
134074.421875
133199.859375
132410.859375
131870.40625
131412.46875
131059.0234375
130773.5625
130559.9453125
130365.2734375
130141.828125
129957.3359375
129718.0625
129451.828125
129285.2734375
129023.171875
128728.453125
128359.9765625
127980.03125
127553.2734375
127127.2109375
126677.21875
126211.65625
125709.25
125139.171875
124638.71875
124138.9375
123637.171875
123176.6171875
122654.71875
122143.265625
121609.8046875
121098.28125
120538.96875
119976.5078125
119478.5703125
119005.921875
118575.0625
118139.9609375
117716.9296875
117407.0
117068.8203125
116846.015625
116581.5234375
116309.7421875
116019.0234375
115721.90625
115430.359375
115116.1796875
114793.7109375
114446.609375
114103.921875
113786.2578125
113427.3984375
113079.1328125
112723.65625
112387.6171875
112048.8515625
111719.6953125
111409.046875
111088.1640625
110776.796875
110463.2265625
