25400.0
25400.0
25400.0
25400.0
25400.0
25400.0
25400.0
25400.0
25400.0
25400.0
25400.0
25400.0
25400.0
25400.0
25400.0
25400.0
25400.0
25400.0
25400.0
25400.0
25400.0
25400.0
25400.0
25400.0
25400.0
25400.0
25400.0
30311.82421875
42836.55859375
52500.33203125
65307.8125
76346.0234375
84304.1953125
90038.7890625
93909.578125
96570.4453125
98536.390625
100773.4765625
103302.7265625
105721.4140625
107886.8671875
110080.7890625
112116.9453125
113739.703125
115194.953125
116504.3359375
117597.2890625
118731.5703125
119756.7109375
120754.6484375
121676.703125
122637.2890625
123566.71875
124410.765625
125352.03125
126291.375
127464.703125
128954.65625
132100.421875
134512.234375
136465.125
138588.703125
139936.84375
145054.359375
147189.15625
144310.8125
142564.5625
141194.0625
140230.921875
139451.015625
139462.4375
140032.40625
140538.203125
140912.53125
141058.765625
141205.859375
141229.0625
141084.046875
140658.421875
140058.640625
139461.0
138852.546875
138243.546875
137457.640625
136618.484375
135692.015625
134781.984375
133865.78125
132985.0
132097.28125
131146.359375
130226.578125
129319.0859375
128521.2265625
127822.453125
127055.2265625
126329.796875
125570.65625
124827.515625
124104.546875
123397.28125
122714.828125
122014.6953125
121310.1328125
120597.1796875
119905.0234375
119294.4296875
118636.78125
118022.1875
117409.0390625
116843.8359375
116292.203125
115761.6953125
115259.421875
114766.734375
114333.828125
113945.2578125
113652.2734375
113406.453125
113234.109375
113067.7265625
112890.8515625
112728.6015625
112566.53125
112401.4140625
112238.390625
112069.578125
111902.6171875
111726.96875
