25400.0
25400.0
25400.0
25400.0
25400.0
25400.0
25400.0
25400.0
25400.0
25400.0
25400.0
25400.0
25400.0
25400.0
25400.0
25400.0
25400.0
25400.0
25400.0
25400.0
25400.0
25400.0
25400.0
25400.0
25400.0
25400.0
25400.0
25400.0
25400.0
25400.0
25400.0
25400.0
34943.69921875
50378.28125
59494.1953125
64358.484375
67350.46875
70057.6875
73153.3125
76109.1953125
78751.421875
81750.015625
84422.015625
86504.453125
88534.4609375
90377.2109375
92341.2578125
94427.5859375
96527.25
98494.9765625
100417.4921875
102185.4453125
103840.3046875
105566.671875
107335.390625
109028.3671875
110999.3828125
112871.390625
114768.8203125
116617.328125
118577.09375
120953.109375
123259.390625
125615.6796875
127990.2890625
130679.640625
133729.09375
136557.28125
139866.328125
142883.984375
145737.53125
148722.8125
152090.71875
155193.328125
160027.453125
164185.75
167570.96875
170959.171875
176047.921875
183387.15625
178920.296875
175920.890625
173341.46875
171841.0625
170764.890625
169546.015625
168797.703125
168261.296875
167713.125
167175.671875
166417.40625
165565.46875
164548.640625
163275.078125
161777.4375
160178.734375
158423.703125
156649.90625
155048.90625
153210.34375
151331.703125
149356.3125
147377.328125
145566.6875
143584.734375
141769.71875
139978.609375
138298.09375
136564.171875
134889.890625
133320.921875
131754.953125
130301.1484375
128882.1640625
127538.546875
126410.328125
125361.6484375
124460.90625
123562.546875
122920.8828125
122271.734375
121613.1328125
120975.0703125
120321.515625
119701.890625
119079.1171875
