25400.0
25400.0
25400.0
25400.0
25400.0
25400.0
25400.0
25400.0
25400.0
25400.0
25400.0
25400.0
25400.0
25400.0
25400.0
25400.0
25400.0
25400.0
25400.0
25400.0
25400.0
25400.0
25400.0
25400.0
25400.0
25400.0
25400.0
25400.0
25400.0
25400.0
25400.0
26065.513671875
42860.08984375
59218.08984375
73490.0703125
82233.9296875
87547.6796875
91069.203125
94551.3203125
97990.109375
101873.6328125
105118.4765625
108229.890625
110858.34375
113306.6875
115306.28125
117245.9140625
118696.6796875
120226.3515625
121887.234375
123500.125
125097.453125
126579.1484375
127815.140625
129013.4140625
130006.2890625
130891.8046875
131911.0625
133010.46875
134086.8125
135169.515625
136266.78125
137291.359375
139500.9375
141078.25
138153.109375
135642.53125
133498.421875
131501.21875
129752.6015625
128099.0234375
126624.125
125290.5234375
123921.984375
122785.0703125
122033.0390625
121316.78125
120543.5703125
119552.515625
118723.5078125
117897.03125
117143.6328125
116516.8984375
116092.2578125
115714.96875
115328.1171875
114920.8125
114587.3828125
114437.4140625
114463.5546875
114523.28125
114612.2109375
114721.359375
114852.40625
115038.5546875
115295.6328125
115596.9296875
115949.7265625
116316.0
116694.8203125
117025.1484375
117353.8359375
117739.515625
118113.4453125
118482.640625
118863.25
119322.4140625
119751.59375
120086.5625
120380.0390625
120635.8515625
120875.0703125
121092.8359375
121282.5078125
121484.7109375
121667.359375
121837.546875
122011.3203125
122207.0625
122414.8125
122507.7421875
122594.4921875
122670.96875
122735.2421875
