25400.0
25400.0
25400.0
25400.0
25372.91015625
25372.908203125
25364.29296875
25357.625
25353.572265625
25351.23046875
25349.80078125
25348.955078125
25348.46484375
25348.162109375
25347.984375
25347.875
25347.810546875
25347.7734375
25347.75
25347.73828125
25347.73828125
25347.556640625
25347.08203125
25346.171875
26020.595703125
43818.49609375
61957.85546875
77348.4296875
89319.375
99509.71875
108648.703125
114940.8046875
119726.8515625
123152.53125
125521.2734375
127317.1015625
129106.796875
131406.703125
133658.640625
135603.390625
137074.5
138206.03125
138370.3125
135522.1875
132987.03125
130693.921875
128362.1796875
126226.4375
124384.9921875
122330.4765625
120508.8515625
118808.2734375
117280.2734375
116049.7421875
114804.2421875
113682.9765625
112641.2265625
111616.578125
110580.4296875
109582.7109375
108796.6015625
108517.9609375
108235.140625
107792.0703125
107232.7421875
106712.625
106241.0234375
105821.0234375
105373.0078125
104983.2265625
104701.53125
104450.9453125
104287.609375
104276.453125
104409.2578125
104498.7578125
104563.5078125
104638.5
104769.5234375
104947.0078125
105166.1171875
105376.2109375
105567.6875
105729.078125
105886.7109375
106069.65625
106265.3125
106483.140625
106770.75
107084.4765625
107499.5078125
107926.359375
108380.8203125
108806.53125
109234.8984375
109650.6171875
110102.1953125
110584.875
111002.9453125
111398.9765625
111775.9921875
112122.6796875
112548.6796875
112924.859375
113274.1796875
113577.7890625
113908.234375
114234.0234375
114546.8984375
114863.8984375
115158.7421875
115446.3828125
115660.6015625
115822.0546875
115995.453125
116154.8125
116256.6015625
116340.421875
116420.171875
116482.78125
116510.5234375
116500.25
116456.2734375
116387.0390625
