25400.0
25400.0
25400.0
25400.0
25400.0
25400.0
25400.0
25400.0
25400.0
25400.0
25400.0
25400.0
25400.0
25400.0
25400.0
25400.0
25400.0
25400.0
25400.0
25400.0
25400.0
25400.0
25400.0
25400.0
25400.0
25400.0
25400.0
25400.0
25400.0
25400.0
25400.0
25400.0
25400.0
25400.0
25400.0
33857.70703125
50613.1640625
63197.171875
74200.8671875
81873.4765625
87894.890625
94225.7734375
100137.5078125
105669.984375
110659.0
114948.78125
118539.84375
121515.3828125
124265.734375
126761.4765625
128990.6875
130859.90625
132320.734375
133744.71875
134998.25
136220.640625
137281.40625
138234.46875
139152.71875
139963.1875
140705.90625
141386.703125
142052.828125
142626.0625
143086.703125
143572.84375
144035.6875
144493.328125
146564.65625
148703.25
148868.984375
148882.46875
148830.375
148190.4375
147770.734375
146297.125
144049.78125
141502.109375
139207.59375
137248.59375
135629.671875
134155.953125
132751.765625
131562.984375
130474.1328125
129516.96875
128633.7265625
127860.9609375
127234.3359375
126576.609375
126007.6640625
125491.4375
125042.453125
124626.375
124306.734375
123991.953125
123801.0078125
123592.2265625
123373.4296875
123136.5078125
122902.5078125
122618.796875
122319.3046875
121986.4375
121624.0234375
121229.9609375
120843.2265625
120477.453125
120103.3828125
119741.140625
119369.65625
119002.7109375
118676.515625
118322.65625
117988.5234375
117668.796875
117375.796875
117081.90625
116794.6796875
116522.8984375
116248.890625
115990.0703125
115730.515625
