25400.0
25400.0
25400.0
25400.0
25400.0
25400.0
25400.0
25400.0
25400.0
25400.0
25400.0
25400.0
25400.0
25400.0
25400.0
25400.0
25400.0
25400.0
25400.0
25400.0
25400.0
25400.0
25400.0
25400.0
25400.0
25400.0
25400.0
25400.0
25400.0
25400.0
25400.0
25400.0
25400.0
25400.0
26253.107421875
41218.1875
53608.984375
59427.82421875
63243.83203125
66058.796875
69212.78125
72397.6640625
75184.8359375
78552.953125
81495.4375
84390.0390625
87116.28125
89856.1953125
92443.9453125
94959.0390625
97243.0078125
99282.953125
101354.2734375
103361.5390625
105105.671875
107115.8828125
109242.9765625
111497.515625
113592.0234375
115629.5546875
117587.6640625
119405.96875
121219.25
123298.3359375
125360.140625
127383.6640625
129219.15625
131250.0
133155.734375
134998.4375
136742.984375
138503.65625
140239.46875
141909.671875
143743.0
145651.515625
147619.671875
152846.3125
154723.21875
156380.109375
156152.765625
152954.40625
150309.25
147662.171875
145663.96875
144218.328125
142472.421875
140618.765625
138891.53125
137495.828125
136456.609375
135504.703125
135024.390625
134486.6875
134047.203125
133716.6875
133462.3125
133319.75
133346.765625
133425.640625
133636.890625
133841.90625
134019.734375
134137.828125
134235.171875
134348.5
134452.203125
134519.15625
134552.515625
134550.734375
134499.734375
134404.390625
134244.125
134031.5
133805.625
133552.3125
133410.734375
133262.34375
133168.125
133017.25
132815.265625
132577.359375
132287.671875
131976.5
131636.53125
