25400.0
25400.0
25400.0
25266.373046875
25267.33984375
25266.373046875
25266.373046875
25266.373046875
25266.373046875
25266.373046875
25266.373046875
25266.373046875
25266.373046875
25266.373046875
25266.373046875
25266.373046875
25266.373046875
25266.373046875
40223.1953125
60189.8359375
78947.015625
93822.84375
103575.984375
107736.734375
110647.3671875
112479.0859375
113651.1640625
114125.9296875
114244.171875
114163.7421875
113728.9375
113138.609375
112454.0
111795.21875
111110.34375
110408.1875
109686.6875
109004.3203125
108387.4453125
107775.2578125
107161.28125
106622.96875
106085.4140625
105589.046875
105087.796875
104720.484375
104533.6171875
104355.40625
104162.5234375
103910.0078125
103703.4296875
103501.0390625
103318.6875
103146.1875
102941.0625
102734.703125
102512.5703125
102297.8203125
102076.5546875
101863.34375
101664.6171875
101500.203125
101352.9453125
101205.7421875
101042.2578125
100910.6953125
100785.015625
100668.3828125
100563.6484375
100552.984375
100481.4140625
100369.28125
100223.6640625
100051.9453125
99870.578125
99682.8515625
99498.3828125
99323.2421875
99177.8359375
99071.5625
99111.9296875
99186.671875
99241.03125
99278.7578125
99351.3125
99647.9609375
99987.6015625
100303.625
100587.296875
100845.4609375
101144.390625
101419.0
101667.140625
101875.7578125
102105.171875
102404.828125
102800.734375
103149.2265625
103385.859375
103543.0859375
103640.140625
103689.7734375
103738.265625
103781.4296875
103814.9296875
103839.921875
103875.09375
103908.515625
103960.59375
104041.1015625
104133.7109375
104232.96875
104324.765625
104402.2109375
104483.21875
104575.515625
104665.2265625
104745.21875
104822.0
104897.78125
104973.7734375
105053.328125
105134.8203125
105217.1640625
