25400.0
25400.0
25252.498046875
24895.294921875
24588.05078125
24613.673828125
24285.18359375
24155.640625
24114.87109375
24105.8203125
24105.400390625
24108.208984375
24111.74609375
24115.576171875
24119.40625
24123.1171875
24128.64453125
24134.947265625
24142.44921875
24151.224609375
24162.029296875
24176.30078125
24194.8125
24222.587890625
24260.509765625
24309.822265625
24384.037109375
24493.408203125
24797.498046875
25052.078125
25157.6328125
25192.578125
25204.228515625
25210.53515625
25214.603515625
25219.599609375
25226.818359375
25235.6171875
25245.650390625
25254.19140625
25258.64453125
25292.984375
25558.541015625
26133.341796875
27555.50390625
30487.548828125
34811.828125
39351.1875
44229.1171875
48649.921875
52620.79296875
55910.28515625
58977.37109375
61731.12890625
65811.4140625
70863.5390625
75791.7890625
81795.609375
88094.40625
94832.6328125
101701.84375
109888.1640625
117512.4609375
124365.9765625
131407.171875
137676.640625
144385.703125
151526.984375
157431.28125
163310.109375
165037.515625
163524.90625
162176.796875
160646.78125
159073.171875
157336.921875
155446.46875
153580.25
151647.9375
150105.796875
148853.203125
147263.25
145762.578125
144281.625
142825.921875
141426.796875
140337.296875
139297.609375
138220.640625
137251.140625
136162.109375
134932.296875
133836.71875
132706.21875
131412.84375
130039.015625
128753.1953125
128644.1953125
128327.890625
127688.5546875
126796.9609375
125980.5234375
125238.171875
124484.3203125
124083.2109375
123735.4921875
123439.625
123122.9140625
122816.96875
122561.375
122383.2265625
122253.1953125
122146.15625
122062.5546875
122014.875
122008.1171875
122028.984375
122077.359375
122137.765625
122239.4609375
122543.0546875
122789.9765625
122961.8203125
123079.515625
123167.8671875
123231.921875
123280.6171875
