25400.0
25400.0
25203.87109375
24564.515625
24677.81640625
23976.17578125
23255.298828125
23114.71484375
23138.5703125
23243.744140625
23453.375
23874.255859375
24516.455078125
24781.4375
24871.087890625
24912.607421875
24950.08203125
24985.404296875
25015.77734375
25053.294921875
25093.919921875
25119.794921875
25136.701171875
25145.375
25155.5703125
25165.283203125
25173.61328125
25181.361328125
25187.1015625
25191.939453125
25196.171875
25198.8671875
25200.744140625
25203.314453125
25201.177734375
25298.857421875
25628.658203125
26492.880859375
28744.41015625
32766.859375
37601.02734375
42892.109375
47610.6875
52907.65625
58828.9296875
66189.3671875
73074.8359375
80384.984375
89477.8203125
97737.3125
106209.234375
114169.0078125
123083.1875
131767.4375
134202.203125
135097.890625
135706.375
136220.40625
136282.65625
135969.578125
135405.875
134632.203125
133726.21875
132949.109375
132249.546875
131417.890625
130968.3046875
130563.703125
130006.28125
129353.5859375
128679.2421875
127952.5
127246.9765625
126586.0546875
126006.890625
125553.8828125
125049.4296875
124490.125
123938.171875
123689.125
123433.3046875
123028.3671875
122316.53125
121475.640625
120588.078125
119747.203125
118920.03125
118343.46875
117745.078125
117219.359375
116888.78125
116562.7109375
116498.453125
116327.640625
116027.71875
115711.921875
115461.8984375
115273.6015625
115111.8203125
114973.40625
114823.6171875
114683.828125
114576.8984375
114491.1796875
114479.78125
114525.703125
114588.4765625
114640.90625
114690.7578125
114729.703125
114762.890625
114783.765625
114729.203125
114653.2578125
114599.8671875
114551.9609375
114505.5546875
114456.4921875
114403.6875
114324.7890625
114183.296875
114012.6171875
113820.3828125
113624.9140625
113405.4296875
