25400.0
25400.0
25314.26953125
24962.677734375
24566.09765625
24346.60546875
24222.6640625
24205.751953125
24204.7421875
24206.744140625
24209.6171875
24212.720703125
24215.740234375
24218.828125
24221.732421875
24225.333984375
24229.70703125
24234.087890625
24239.673828125
24246.029296875
24253.064453125
24261.2109375
24271.58203125
24284.875
24302.0234375
24327.0546875
24353.546875
24389.91796875
24442.34765625
24511.35546875
24614.025390625
24855.53515625
25094.8203125
25205.20703125
25250.11328125
25268.138671875
25277.099609375
25283.095703125
25288.560546875
25292.875
25297.3046875
25300.5546875
25303.5625
25307.283203125
25309.830078125
25310.2578125
25310.69921875
25307.3515625
25407.107421875
25661.169921875
26175.03125
27492.357421875
29772.341796875
33089.6875
37039.65234375
40985.76171875
45119.546875
49379.19921875
54383.23828125
59991.53515625
66223.2890625
72182.46875
77772.3984375
84222.3046875
91540.875
97707.296875
104191.828125
110235.7578125
116717.609375
123180.8671875
130371.1640625
136919.65625
142703.75
148527.0625
154081.953125
159627.078125
165340.625
170176.4375
171583.515625
169730.515625
167824.65625
165895.140625
163838.484375
161653.03125
159588.015625
157641.5625
156202.09375
154906.28125
153410.921875
151983.140625
150410.1875
148923.71875
147481.375
146314.5
144806.8125
143281.0
141854.5
140512.046875
138971.46875
137309.703125
135677.78125
135602.78125
135182.203125
134361.53125
133224.09375
132228.984375
131336.109375
130476.3828125
129915.578125
129433.203125
129059.0078125
128646.890625
128216.2421875
127866.2734375
127558.609375
127326.0625
127152.5546875
127038.0234375
126963.4609375
127045.09375
127245.203125
127387.46875
127472.40625
127526.515625
