25400.0
25400.0
25063.33203125
24637.646484375
24322.44921875
23811.265625
23313.033203125
23171.705078125
23148.123046875
23158.07421875
23222.490234375
23394.884765625
23761.810546875
24546.453125
24898.439453125
25000.78125
25040.099609375
25065.21875
25088.5546875
25128.052734375
25157.90625
25176.072265625
25188.453125
25198.5234375
25207.166015625
25216.25390625
25227.86328125
25239.814453125
25249.10546875
25364.583984375
25990.29296875
27916.1953125
32154.408203125
38372.91015625
44778.9140625
51203.07421875
56488.98828125
61185.07421875
65296.35546875
68940.40625
72084.4296875
74448.5859375
79430.4921875
85357.15625
91706.390625
99608.9296875
107529.796875
116986.6484375
125827.453125
128784.578125
129848.28125
130548.5546875
131172.4375
131451.453125
131359.25
131044.359375
130627.421875
130084.296875
129494.0390625
128807.3671875
128037.2578125
127196.21875
126827.6875
126400.9765625
125755.2890625
125154.5546875
124560.890625
123991.8359375
123702.3359375
123259.015625
122757.5703125
122213.640625
121699.5234375
121193.359375
120711.125
120261.6328125
119817.34375
119392.8359375
118954.5546875
118512.578125
118176.875
117615.046875
117011.0859375
116398.1484375
116354.8125
116391.4296875
116114.90625
115672.890625
115087.8515625
114577.0859375
114148.328125
113693.875
113310.0390625
113043.46875
112797.90625
112597.0703125
112427.8203125
112229.5546875
112000.3828125
111948.2265625
111912.515625
111860.1015625
111789.2109375
111707.0390625
111633.171875
111563.59375
111512.0078125
111474.5625
111427.078125
111378.2578125
111339.765625
111310.375
111340.140625
111382.546875
111424.5390625
111459.8984375
111483.4921875
111499.2109375
111500.703125
111488.9609375
111400.8203125
111305.1015625
111223.8125
111153.328125
111082.6015625
111015.6015625
110945.90625
