25400.0
25400.0
25291.470703125
24702.05078125
24673.080078125
24625.732421875
24603.6796875
24593.544921875
24593.517578125
24596.455078125
24600.095703125
24603.962890625
24607.6953125
24611.16015625
24614.537109375
24618.9609375
24623.052734375
24657.33203125
28658.107421875
35210.15234375
42955.35546875
57438.11328125
74790.1875
89591.5234375
104354.9375
116968.8359375
127516.828125
131501.765625
131844.015625
131418.9375
130570.8671875
129491.453125
128011.1796875
126514.8046875
124931.515625
123445.15625
122018.4609375
120606.734375
119295.3671875
118053.421875
116943.296875
116173.640625
115609.3828125
114998.1171875
114342.6796875
113758.7890625
112877.078125
112011.3203125
111206.046875
110810.5625
111617.890625
111759.4296875
111194.1328125
110471.6875
110026.4453125
109621.890625
109508.5078125
109457.8828125
109643.6171875
109736.90625
109625.0
109545.9921875
109611.2109375
109756.3125
109911.3671875
110064.7265625
110209.765625
110229.1015625
110278.5703125
110378.640625
110529.8125
110711.0234375
110930.7109375
111175.0625
111389.9296875
111605.1328125
111819.234375
112021.6015625
112182.6328125
112255.9140625
112231.1796875
112089.3984375
111902.390625
111701.1953125
111479.40625
111240.0390625
111001.8984375
110753.9375
110555.734375
110366.578125
110175.3984375
109996.6640625
109791.453125
109587.0078125
109370.2734375
109157.4453125
108934.828125
108710.6953125
108493.34375
108268.9296875
108051.9375
107828.9375
107608.0546875
107409.6796875
107192.7734375
106985.28125
106773.828125
106571.7578125
106365.9921875
106163.5078125
105970.640625
105775.484375
105589.7421875
105398.71875
105208.7421875
105039.9921875
104857.4375
104684.2890625
104509.859375
104344.5390625
104177.5234375
104014.390625
103856.3515625
103689.921875
103535.2109375
103383.2421875
