25400.0
25400.0
24945.052734375
24672.587890625
24590.71484375
24173.38671875
24091.05859375
24080.310546875
24085.90625
24101.39453125
24122.94921875
24151.224609375
24189.095703125
24244.587890625
25819.353515625
31764.185546875
43446.33984375
56963.06640625
75925.7421875
87764.34375
94892.4765625
100423.1171875
104518.90625
107522.328125
109652.90625
110970.5078125
111745.6640625
112253.1171875
112528.2109375
112570.390625
112434.125
112144.53125
111769.1953125
111408.53125
111430.3984375
111402.609375
111274.671875
111075.4453125
110845.5390625
110607.140625
110384.390625
110150.59375
109864.7109375
109603.796875
109342.84375
109086.96875
108826.0625
108602.1796875
108437.5703125
108222.203125
107986.2109375
107731.8984375
107473.3046875
107238.6484375
106979.015625
106725.515625
106465.71875
106234.796875
106046.8828125
105739.859375
105296.3046875
104869.46875
104494.7578125
104134.796875
103799.6171875
103658.984375
104070.578125
104287.8671875
104146.6484375
103846.4765625
103476.515625
103104.015625
102862.7734375
102745.421875
102622.0234375
102445.921875
102266.5703125
102251.984375
102263.75
102236.59375
102179.484375
102142.3671875
102112.3125
102073.453125
102018.0078125
101937.5546875
101861.21875
101824.1640625
101823.96875
101848.7734375
101894.703125
101920.59375
101931.4921875
101931.8671875
101929.40625
101927.703125
101931.75
101944.8515625
101963.3515625
101985.1484375
102010.4765625
102035.328125
102063.1171875
102080.265625
102067.015625
102053.1484375
102043.078125
102039.7578125
102041.28125
102045.3046875
102052.0859375
102061.4765625
102071.796875
102080.9296875
102088.2734375
102086.3515625
102080.6015625
102073.296875
102064.65625
102054.84375
102041.46875
102025.6640625
102008.6640625
101988.0625
