25400.0
25400.0
25374.05078125
24794.44921875
24622.638671875
24653.142578125
24652.271484375
24652.375
24654.4609375
24657.2890625
24660.4375
24663.55859375
24666.423828125
24669.205078125
24672.251953125
24675.767578125
24675.857421875
24692.134765625
28422.478515625
41558.7109375
56508.81640625
72704.578125
87527.0625
101875.609375
113926.375
124582.953125
130837.671875
131401.90625
131313.78125
130826.8046875
129924.75
128768.4453125
127366.4609375
125914.3828125
124438.671875
123062.8671875
121770.9609375
120479.671875
119229.8515625
118034.875
116986.3984375
116143.640625
115705.609375
115136.4140625
114510.15625
113922.78125
113329.515625
112631.9765625
111853.2578125
111131.8125
110471.0703125
110655.3828125
111176.1875
111100.3515625
110503.1796875
109853.9453125
109445.359375
109050.0859375
108899.359375
108959.0859375
109079.90625
109171.875
109086.828125
108951.609375
108908.5546875
108981.1171875
109108.2890625
109208.0703125
109274.1171875
109256.671875
109277.8359375
109352.15625
109461.875
109613.53125
109788.2421875
109995.28125
110212.953125
110390.4453125
110591.1015625
110796.5390625
110999.125
111168.3828125
111282.234375
111297.6484375
111217.8125
111100.75
110968.234375
110814.1640625
110642.8046875
110477.0
110285.265625
110093.2578125
109890.2578125
109709.6328125
109553.25
109402.640625
109253.1015625
109091.203125
108927.8046875
108752.1171875
108571.2421875
108404.578125
108216.9296875
108033.4296875
107842.03125
107655.7890625
107463.0234375
107270.5625
107084.4765625
106892.8984375
106709.0546875
106520.671875
106334.0390625
106167.0703125
105984.1640625
105809.3984375
105631.3046875
105461.8203125
105289.28125
105119.2734375
104956.9921875
104792.3359375
104635.109375
104475.6796875
