25400.0
24971.400390625
24659.712890625
23905.001953125
22345.62890625
21450.673828125
21689.982421875
23166.830078125
24197.2109375
24973.412109375
24872.86328125
24878.53515625
24914.736328125
24955.7109375
25002.0859375
25044.44921875
25083.521484375
25116.41015625
25141.98046875
25164.947265625
25183.01171875
25197.384765625
25206.84375
25246.90625
25495.470703125
26657.94921875
29787.080078125
34869.0078125
41295.25390625
47583.83203125
52963.31640625
59859.7578125
64960.91796875
69827.421875
73960.734375
77863.828125
82015.265625
85356.9765625
88281.2265625
90897.390625
93189.4140625
95555.59375
97388.734375
99108.3671875
100622.765625
101981.0078125
103172.890625
104205.421875
105006.0703125
105633.8515625
106331.9453125
107322.40625
108095.015625
108686.140625
109338.0234375
110083.3046875
110610.3828125
111018.640625
111325.875
111569.6484375
111742.0078125
111839.6953125
111878.6484375
111908.015625
111869.0078125
111769.7109375
111708.5625
111612.796875
111469.390625
111278.078125
111071.578125
110858.1015625
110624.609375
110404.3203125
110183.4375
109971.4453125
109754.5546875
109535.4921875
109335.453125
109112.0078125
108894.7421875
108665.453125
108472.390625
108355.421875
108182.1171875
107984.4453125
107767.9453125
107555.703125
107338.4921875
107125.4921875
106935.3203125
106734.8125
106549.4765625
106365.1953125
106175.546875
105975.7578125
105812.34375
105667.828125
105502.125
105336.015625
105161.078125
105007.6328125
104845.328125
104654.9921875
104466.828125
104438.5859375
104437.109375
104380.28125
104281.640625
104165.984375
104032.1953125
103987.1015625
103928.015625
103834.2578125
103740.953125
103642.4296875
103574.6640625
103504.375
103439.1328125
103396.9375
103351.234375
103334.46875
103341.78125
103376.9296875
103428.578125
