25400.0
25400.0
25323.75390625
24603.509765625
24740.994140625
24608.78515625
24561.978515625
24543.80859375
24543.123046875
24546.517578125
24550.703125
24555.08984375
24559.333984375
24563.2421875
24567.984375
24578.052734375
25273.28515625
34945.2265625
48695.32421875
66152.2734375
83426.171875
99398.3125
113704.125
122537.046875
124740.40625
125958.90625
126168.21875
125705.6875
124920.15625
123851.234375
122797.625
121562.3359375
120340.828125
119109.3046875
117978.7421875
116837.9140625
115796.078125
115220.4921875
114740.125
114372.21875
113972.8671875
113426.0546875
112902.328125
112360.171875
111573.6484375
110750.2109375
110033.8515625
109461.453125
110311.078125
110548.6328125
110047.0390625
109347.59375
108942.5234375
108541.40625
108425.0234375
108374.21875
108508.5859375
108624.4140625
108539.5703125
108457.046875
108505.890625
108621.5390625
108789.3984375
108948.265625
109100.03125
109235.65625
109273.265625
109348.796875
109467.5234375
109631.890625
109823.265625
110046.15625
110289.9375
110496.71875
110705.296875
110910.8125
111099.46875
111247.09375
111310.671875
111272.6640625
111131.8125
110947.671875
110751.4296875
110534.6484375
110301.8828125
110070.4375
109824.9140625
109621.671875
109435.0859375
109249.953125
109079.1171875
108883.9140625
108689.5625
108484.6796875
108282.9921875
108072.625
107860.8671875
107655.7421875
107443.5546875
107238.953125
107029.0390625
106820.6953125
106634.2265625
106430.1953125
106234.8125
106036.1953125
105846.6171875
105653.8984375
105464.2109375
105283.78125
105100.375
104926.578125
104750.015625
104577.4296875
104415.21875
104238.5390625
104074.625
103913.078125
103762.390625
103607.6953125
103455.09375
103311.2265625
103165.9609375
103029.15625
102891.8828125
