25400.0
25400.0
25041.82421875
24654.33984375
24643.4375
24245.822265625
24026.06640625
23933.408203125
23921.458984375
23936.66015625
23962.326171875
24000.37109375
24057.134765625
24140.109375
24576.9453125
25519.103515625
29022.853515625
37581.88671875
49444.88671875
65978.65625
78974.734375
86431.09375
92740.1875
97826.796875
101618.53125
104313.3203125
106643.109375
108165.8984375
109157.4296875
109791.7265625
110227.40625
110523.53125
110635.1875
110607.1953125
110414.7109375
110412.96875
110611.78125
110702.8359375
110717.5625
110663.1875
110532.515625
110355.15625
110166.9765625
109928.2734375
109685.578125
109476.453125
109254.4375
109001.0546875
108745.84375
108518.75
108288.4921875
108066.1015625
107843.03125
107679.5234375
107570.3359375
107388.6796875
107196.9609375
106988.28125
106780.171875
106566.484375
106352.5546875
106146.21875
105935.734375
105726.5234375
105516.7421875
105355.3359375
105205.5390625
105026.9921875
104852.15625
104504.8515625
104179.6875
103890.6875
103683.3984375
103435.765625
103194.4921875
102962.0703125
102745.3828125
103034.2890625
103288.8984375
103335.1171875
103185.015625
102934.28125
102662.359375
102376.828125
102110.890625
101969.28125
101886.484375
101808.0703125
101700.640625
101541.25
101406.6484375
101370.3984375
101397.2421875
101432.1171875
101440.734375
101422.1875
101409.8515625
101399.4765625
101382.421875
101354.296875
101309.9609375
101251.375
101193.7890625
101145.359375
101123.71875
101109.71875
101103.515625
101107.75
101118.046875
101130.0
101139.9296875
101147.171875
101152.4453125
101155.078125
101154.7734375
101154.4375
101156.0703125
101159.6484375
101165.734375
101173.484375
101160.078125
101144.734375
101133.6171875
101125.7421875
101119.6328125
