25400.0
25400.0
25400.0
25352.951171875
25010.7421875
24792.62890625
24763.87890625
24769.1875
24822.744140625
24832.0234375
24834.423828125
24835.939453125
24837.486328125
24839.1484375
24840.798828125
24842.337890625
24843.84765625
24845.294921875
24847.333984375
24848.90234375
24849.994140625
24851.095703125
24852.095703125
24853.103515625
24854.046875
24854.9765625
24855.89453125
24856.7578125
24857.60546875
24858.4140625
24859.25390625
24860.0546875
24860.748046875
24861.49609375
24862.265625
24862.9921875
24863.68359375
24864.45703125
24865.302734375
24866.12109375
24867.154296875
24868.2890625
24869.400390625
24870.576171875
24871.58203125
24872.705078125
24875.134765625
24882.419921875
24931.09765625
28765.595703125
34842.359375
40617.09765625
45273.76953125
48959.18359375
52078.96484375
54928.3359375
58559.19921875
63542.72265625
68959.3984375
74919.109375
80885.53125
87311.046875
94985.8671875
102480.1640625
109102.8671875
115787.7421875
123068.3046875
130551.6015625
137421.828125
144132.28125
150305.5
156369.546875
162033.875
168039.78125
173560.40625
178433.125
182963.515625
186849.46875
189985.90625
193041.984375
191121.09375
187019.078125
183799.15625
180275.484375
176890.96875
173429.375
169703.09375
166350.203125
163112.421875
160093.609375
156694.796875
154404.546875
153246.578125
151274.796875
149321.265625
147418.671875
146092.21875
145122.90625
144174.921875
143369.6875
142679.90625
142148.15625
141737.75
141486.4375
141642.96875
141719.140625
141708.484375
141651.09375
141512.828125
141297.9375
141050.046875
140773.1875
140563.640625
140345.921875
140076.578125
139743.921875
139301.015625
138661.8125
138071.71875
137484.46875
136918.1875
136311.5625
135630.96875
134903.21875
134120.0625
133344.6875
132529.890625
