25400.0
25400.0
25378.03125
24736.486328125
24653.76171875
24693.21875
24697.59765625
24697.32421875
24698.978515625
24701.978515625
24705.259765625
24708.603515625
24711.806640625
24714.650390625
24718.353515625
24721.64453125
24723.6953125
25937.392578125
37322.62890625
53389.70703125
70653.375
87184.8984375
102432.3828125
115787.578125
127332.1484375
133996.65625
133865.109375
133178.1875
132013.03125
130459.8671875
128814.3125
126983.671875
125264.484375
123605.8046875
122015.578125
120447.4453125
119025.3984375
117881.0078125
116685.2890625
115878.78125
115155.5
114443.09375
113628.171875
112605.578125
111716.5703125
111433.8828125
112154.09375
112063.125
111314.796875
110734.3671875
110228.9765625
109992.1640625
109896.3125
110090.7265625
110193.5546875
110092.59375
110058.1171875
110163.53125
110315.4375
110480.640625
110637.5703125
110683.125
110745.609375
110868.8828125
111053.640625
111285.109375
111524.1953125
111800.7421875
112046.40625
112306.9609375
112545.203125
112741.6640625
112826.7890625
112770.171875
112603.4609375
112406.8984375
112178.109375
111928.3046875
111691.03125
111418.9453125
111176.75
110963.0859375
110761.1796875
110544.796875
110318.6171875
110091.4453125
109850.0703125
109611.8515625
109362.3125
109110.3515625
108882.1015625
108630.078125
108386.25
108135.4375
107895.046875
107649.2265625
107406.203125
107173.828125
106937.578125
106712.125
106483.2421875
106258.21875
106057.90625
105835.140625
105623.5625
105410.3125
105208.4921875
105005.1640625
104806.515625
104618.75
104429.4765625
104250.7578125
104071.28125
103896.359375
103742.40625
103576.2734375
103419.3046875
103262.078125
103114.1015625
102966.40625
102823.9375
102679.5390625
102535.3828125
102403.5390625
102274.8515625
