25400.0
25400.0
25400.0
25400.0
25400.0
25400.0
25400.0
25400.0
25400.0
25400.0
25400.0
25400.0
25400.0
25400.0
25400.0
25400.0
25400.0
25400.0
25400.0
25400.0
32760.7578125
52698.67578125
70956.5859375
87584.8828125
101109.984375
113420.6328125
123083.5703125
130896.015625
137599.53125
142679.0625
146170.375
148869.921875
150831.078125
152324.828125
154522.484375
158372.0
153591.03125
147224.734375
141944.4375
139173.4375
135940.546875
133258.28125
131748.875
130599.3046875
130896.921875
131924.15625
133024.09375
133988.515625
134619.484375
135300.1875
136037.359375
136450.046875
136449.3125
135926.734375
135101.765625
133993.625
132904.421875
131774.140625
130674.1328125
129546.1015625
128442.9765625
127406.0
126356.4375
125319.921875
124320.8359375
123362.390625
122553.640625
121703.9921875
120913.6796875
120125.65625
119384.4609375
118642.5390625
117925.5390625
117251.2421875
116577.78125
115946.734375
115316.0
114706.828125
114174.0390625
113602.984375
113068.25
112535.1953125
112038.1875
111541.9296875
111062.5078125
110614.15625
110167.3671875
109750.2265625
109335.03125
108934.34375
108580.5078125
108202.09375
107849.4765625
107498.5625
107171.1328125
106844.9453125
106529.90625
106235.3828125
105941.1171875
105666.6015625
105392.0390625
105124.3203125
104893.84375
104647.703125
104416.5078125
104178.25
103956.171875
103735.046875
103522.765625
103324.984375
103129.4375
102946.8828125
102765.7109375
102591.796875
102440.9921875
102280.8203125
102132.9609375
101987.078125
101851.6015625
101716.8125
101587.1875
101467.453125
101348.5859375
101238.0234375
101128.546875
