25400.0
24904.078125
23882.849609375
22274.625
20109.833984375
19398.3984375
20285.837890625
21894.650390625
23055.4296875
23968.654296875
24787.93359375
25024.76953125
25002.421875
25029.89453125
25068.939453125
25109.05078125
25142.609375
25167.765625
25189.416015625
25205.509765625
25214.01171875
25218.431640625
25307.82421875
25738.966796875
27399.181640625
31584.943359375
37319.7578125
44522.14453125
49520.78515625
52579.3828125
57439.09765625
61623.60546875
65876.8671875
69605.40625
73014.75
76607.453125
79581.578125
82209.96875
84581.5390625
86774.65625
88622.6015625
90279.0859375
92061.8515625
93659.796875
95156.734375
96432.875
97624.1484375
98722.8828125
99738.703125
101305.1171875
102583.875
103718.9375
104706.203125
105492.46875
106257.7265625
106909.4140625
107502.84375
107864.8125
108306.1640625
108805.6953125
109166.6640625
109447.546875
109649.3828125
109793.8671875
109886.3828125
109940.4921875
109965.640625
109968.1015625
109966.59375
109948.7890625
109892.203125
109796.515625
109670.1328125
109514.1875
109346.1953125
109162.53125
109015.1875
108887.7734375
108731.390625
108571.171875
108396.5859375
108231.0859375
108064.921875
107901.7265625
107743.8046875
107579.6171875
107420.21875
107258.6796875
107095.65625
106934.8359375
106762.6328125
106599.8125
106436.1171875
106321.515625
106246.5078125
106137.171875
106007.84375
105860.84375
105711.859375
105553.0625
105393.3828125
105250.25
105093.15625
104945.328125
104797.6953125
104659.5390625
104522.1328125
104390.5
104295.5078125
104233.5859375
104243.8515625
104225.3359375
104182.734375
104137.5078125
104081.4296875
104022.953125
103960.921875
103898.296875
103831.5390625
103763.8046875
103699.34375
103637.234375
103609.75
103702.546875
