25400.0
25400.0
25113.552734375
24601.259765625
24629.279296875
24353.982421875
24255.5546875
24217.58203125
24214.361328125
24218.5703125
24225.01953125
24237.5546875
24253.099609375
24271.025390625
24294.6328125
24827.603515625
31124.2734375
43387.26171875
57204.15625
76385.046875
90677.109375
97740.84375
103202.953125
107160.3046875
109975.4140625
111908.578125
113010.7109375
113592.03125
113902.4296875
113996.9296875
113895.515625
113616.3203125
113179.140625
112678.0703125
112231.140625
112193.3671875
112070.984375
111874.28125
111613.8828125
111340.7265625
111029.5703125
110783.765625
110553.90625
110278.484375
110015.5078125
109740.671875
109447.8359375
109149.28125
108908.0078125
108746.640625
108519.875
108267.7734375
107992.4921875
107712.4609375
107432.2421875
107283.578125
106983.578125
106427.140625
105913.6640625
105488.8515625
105110.03125
104769.109375
104431.7265625
104799.7421875
105089.2734375
104959.5078125
104662.2578125
104249.765625
103837.265625
103605.71875
103470.265625
103300.0859375
103099.2421875
103077.921875
103133.609375
103138.8125
103122.2265625
103067.2265625
102969.3515625
102845.4375
102710.7109375
102602.609375
102553.53125
102554.015625
102594.0859375
102646.71875
102697.2890625
102735.6328125
102767.3359375
102798.78125
102822.0625
102844.578125
102871.65625
102908.8828125
102953.65625
103007.484375
103065.703125
103121.25
103179.703125
103235.203125
103287.34375
103306.109375
103303.09375
103298.9765625
103299.2890625
103302.8125
103309.359375
103316.53125
103323.3046875
103327.5546875
103322.4765625
103308.3125
103289.5703125
103267.2109375
103243.4296875
103211.46875
103177.1484375
103138.171875
103097.640625
103052.2890625
103003.6640625
102954.3125
102900.28125
102845.7734375
102787.640625
