25400.0
24964.548828125
23030.0546875
21872.00390625
20292.791015625
19298.150390625
18467.98828125
18280.205078125
18418.3984375
18824.1796875
20396.482421875
21646.060546875
22555.005859375
23347.529296875
24042.33984375
24636.638671875
25172.66796875
25118.8515625
25114.453125
25132.958984375
25147.93359375
25168.1953125
25186.171875
25201.248046875
25211.525390625
25218.412109375
25227.8203125
25301.91015625
25662.25390625
26944.2578125
30552.51171875
36051.37890625
41881.66015625
45387.8671875
48372.02734375
51665.76953125
55527.421875
59065.28125
62829.00390625
66134.8359375
69222.796875
72000.421875
75006.6015625
77588.5625
79644.28125
81727.0078125
83614.25
85386.1171875
86801.234375
88334.3515625
89829.5
91192.7265625
92505.1328125
93669.0234375
94767.6875
95826.4296875
96726.3125
98142.0
99510.4296875
100746.1328125
101805.3984375
102774.046875
103640.265625
104393.1015625
105087.890625
105691.4453125
106252.453125
106716.296875
106983.0390625
107451.078125
107867.5234375
108212.8984375
108479.140625
108693.9296875
108849.3046875
108960.7890625
109045.5546875
109104.9296875
109140.8125
109158.2734375
109177.921875
109184.046875
109163.8359375
109113.328125
109039.375
108942.7890625
108816.515625
108681.4921875
108533.28125
108390.171875
108271.5390625
108152.984375
108039.140625
107905.9375
107765.234375
107613.53125
107468.3671875
107315.9765625
107162.234375
107013.984375
106861.484375
106719.15625
106578.3984375
106443.6875
106326.09375
106200.0546875
106080.421875
105960.0625
105847.28125
105743.6171875
105715.7265625
105661.9296875
105565.6328125
105457.984375
105338.4296875
105214.484375
105100.9140625
104973.34375
104849.3671875
104721.96875
104599.7421875
104476.40625
104388.8671875
104323.5234375
104293.140625
104257.5625
104219.2734375
