25400.0
25400.0
25400.0
25085.357421875
24930.083984375
24930.083984375
24930.083984375
24930.083984375
24930.083984375
24967.501953125
24988.900390625
24994.07421875
24996.4296875
24998.140625
25000.69921875
25002.68359375
25003.986328125
25001.978515625
25002.990234375
27351.984375
42630.53515625
59621.25390625
76731.7109375
92341.7890625
106054.3828125
117792.09375
128379.046875
136064.625
142304.8125
147277.90625
146600.953125
143499.203125
140505.171875
137493.875
134713.96875
131956.609375
129434.890625
126990.2109375
124799.2109375
122940.4453125
121211.6171875
119342.71875
117761.3515625
116426.9765625
116527.203125
116657.65625
115804.5
115133.46875
114658.46875
114509.2421875
114676.921875
114668.3046875
114773.8828125
115094.1953125
115423.59375
115794.140625
116122.1015625
116464.84375
116708.9765625
116922.890625
117228.4609375
117594.6640625
118030.2421875
118426.890625
118800.875
119112.78125
119275.2734375
119230.1171875
118981.765625
118613.8984375
118218.6171875
117784.28125
117361.7578125
117006.8671875
116649.9296875
116293.7421875
115911.890625
115519.7421875
115159.4609375
114756.3046875
114364.234375
113959.0546875
113558.8046875
113147.2578125
112741.484375
112356.6953125
111965.890625
111595.390625
111220.0703125
110854.0390625
110531.2265625
110184.4296875
109857.4296875
109529.296875
109220.09375
108909.2265625
108606.7890625
108321.8984375
108035.4375
107765.546875
107491.8984375
107204.9375
106957.109375
106698.796875
106459.8125
106220.640625
105992.9921875
105765.359375
105543.765625
105335.8984375
105127.953125
104932.59375
104736.4609375
104545.6796875
104377.9453125
104197.21875
104027.1796875
103857.734375
103702.609375
103548.484375
103398.296875
103256.21875
103113.0234375
102977.109375
102839.7734375
