25400.0
25400.0
25400.0
25098.8984375
24982.16796875
24982.16796875
24982.16796875
24982.16796875
24982.16796875
24987.609375
25031.955078125
25040.701171875
25043.580078125
25045.689453125
25048.443359375
25049.779296875
25049.3828125
25048.09375
25086.4921875
39207.9921875
56316.96484375
74357.9609375
90377.125
104761.21875
117433.546875
128002.984375
136081.859375
142270.40625
147156.546875
150479.15625
147234.8125
143400.421875
139826.03125
136384.125
133075.15625
129945.6484375
127292.78125
125065.4375
122594.4609375
120433.6015625
119516.1875
118697.21875
118007.515625
117317.4375
116752.984375
116528.28125
116738.140625
116750.4609375
117030.7890625
117475.3203125
117983.3125
118441.96875
118905.5703125
119328.5625
119594.6796875
119995.328125
120466.0859375
120996.2265625
121425.3515625
121780.265625
121929.7578125
121789.4296875
121397.9375
120884.984375
120312.4921875
119792.2734375
119355.3046875
118868.2890625
118383.1015625
117870.7734375
117367.7421875
116831.25
116297.03125
115786.71875
115267.9921875
114775.203125
114277.203125
113792.65625
113366.8515625
112908.9296875
112478.0390625
112045.625
111639.0234375
111225.671875
110798.421875
110407.671875
110026.734375
109673.5859375
109322.8203125
108977.59375
108672.9375
108345.0
108037.9140625
107731.6171875
107444.2890625
107159.265625
106888.796875
106635.7109375
106381.0625
106140.546875
105897.78125
105661.0625
105452.203125
105227.5
105015.5546875
104802.484375
104601.3984375
104400.171875
104204.671875
104020.390625
103835.8203125
103662.515625
103488.6796875
103319.1640625
103170.1484375
103010.3359375
102859.6953125
102709.3359375
102568.4375
102427.6640625
102291.1796875
102164.1953125
102036.390625
101916.65625
101797.0390625
