25400.0
25400.0
24590.232421875
24219.841796875
23105.888671875
22634.791015625
22632.35546875
22962.857421875
23932.091796875
24372.59375
24504.841796875
24552.537109375
24607.5703125
24665.4140625
24722.453125
24776.35546875
24823.767578125
24872.5625
24916.80859375
24958.45703125
24994.318359375
25027.12109375
25056.583984375
25082.26953125
25105.626953125
25127.013671875
25160.01953125
25182.5078125
25197.69921875
25211.990234375
25221.966796875
25230.62890625
25238.359375
25244.556640625
25249.2265625
25254.4921875
25264.17578125
25300.41796875
25415.837890625
25699.505859375
26431.578125
28276.62109375
31681.53125
36152.64453125
41902.05078125
47877.24609375
54039.26953125
61762.140625
69608.6171875
77091.1640625
81714.1484375
85315.140625
88361.3828125
91243.0390625
93685.96875
95971.1171875
98004.3515625
99837.015625
101456.2734375
102746.703125
104132.796875
105330.0390625
106402.9765625
107357.0078125
108127.4453125
108860.71875
109453.578125
109972.875
110447.484375
110851.1484375
111213.3359375
111496.3828125
111728.0546875
112352.8515625
112903.9296875
113369.21875
113719.0859375
114043.8359375
114310.390625
114538.8203125
114725.0234375
114881.96875
115000.7578125
115096.0078125
115105.375
115032.7578125
114963.828125
115060.640625
115141.3671875
115170.0546875
115155.8984375
115112.2734375
115046.8046875
114959.4375
114857.2265625
114744.09375
114614.28125
114484.6015625
114341.4296875
114191.90625
114053.0625
113899.5
113757.734375
113615.9921875
113489.7890625
113362.7109375
113235.6015625
113102.5625
112960.1015625
112820.5234375
112672.2109375
112520.3203125
112377.921875
112216.7109375
112054.703125
111883.6484375
111714.6328125
111536.5546875
111367.6484375
111231.421875
111097.1015625
110962.0234375
110814.2890625
