25400.0
25400.0
24956.4609375
24733.71875
24424.193359375
23896.955078125
23097.70703125
22636.078125
22436.0390625
22675.017578125
23626.599609375
24285.185546875
24512.85546875
24596.908203125
24648.646484375
24705.556640625
24763.306640625
24824.068359375
24882.603515625
24931.5
24980.560546875
25021.9921875
25058.1875
25089.50390625
25117.275390625
25140.71484375
25166.41015625
25192.67578125
25209.466796875
25222.92578125
25231.744140625
25238.66796875
25246.501953125
25250.03125
25255.18359375
25268.6328125
25333.0546875
25535.869140625
26127.59375
27855.66796875
31216.916015625
35804.9765625
42176.0546875
48053.62109375
54858.42578125
63324.26171875
71859.0390625
79784.140625
83442.4921875
87410.2421875
90649.2734375
93518.5859375
96017.5546875
98321.4140625
100325.2890625
101900.2421875
103403.5390625
104848.9296875
106120.453125
107191.6328125
108149.90625
108948.921875
109585.4375
110178.1640625
110666.5625
111097.2890625
111446.6875
111688.8984375
112315.75
112909.84375
113404.734375
113797.40625
114133.5546875
114408.1015625
114628.515625
114807.921875
114944.859375
114998.3828125
114941.3203125
114892.9921875
115040.46875
115134.6328125
115157.3671875
115136.6171875
115081.34375
114995.1875
114891.8671875
114765.59375
114628.0703125
114476.1484375
114311.8125
114156.4140625
113985.828125
113832.3671875
113680.984375
113546.515625
113406.8984375
113255.359375
113101.1015625
112937.34375
112773.8125
112599.1015625
112417.9765625
112248.2890625
112054.109375
111861.515625
111666.9375
111502.875
111347.8125
111188.5390625
111024.4140625
110843.7578125
110659.1875
110458.453125
110258.734375
110079.96875
109883.5859375
109693.9375
109497.8515625
109308.234375
109121.3828125
109133.125
109089.7265625
108972.4453125
108813.8359375
108634.234375
