25400.0
25400.0
25400.0
25341.6640625
25264.326171875
25264.326171875
25264.326171875
25264.326171875
25264.326171875
25264.326171875
25264.326171875
25264.326171875
25264.326171875
25264.326171875
25264.326171875
25264.326171875
25264.326171875
25264.326171875
25264.326171875
27049.73828125
43896.68359375
61692.05078125
79148.8671875
93703.9453125
105946.625
117947.3671875
126804.3359375
133966.625
140053.6875
144461.875
148057.375
150575.5625
152371.125
153623.75
152800.015625
147043.578125
142417.59375
138335.84375
134521.140625
130828.5390625
129461.6484375
127703.40625
125717.828125
124062.7421875
123130.53125
123314.296875
123377.3125
123742.3828125
124446.9296875
125259.1953125
125908.21875
126576.6640625
127016.78125
127503.3359375
128135.59375
128692.0546875
129104.9296875
129229.8515625
128988.71875
128442.078125
127677.375
126914.484375
126220.078125
125475.5859375
124717.1171875
124027.7265625
123268.046875
122540.5390625
121802.6875
121106.0859375
120406.125
119726.1953125
119086.265625
118434.8984375
117786.1875
117156.890625
116554.6796875
116023.46875
115459.7890625
114944.125
114437.640625
113963.2890625
113487.5390625
113023.7734375
112585.765625
112145.8203125
111731.375
111312.515625
110904.6875
110545.3671875
110159.5859375
109796.8125
109432.015625
109089.3671875
108745.8515625
108412.6875
108099.21875
107784.5625
107488.2421875
107191.109375
106903.8046875
106651.109375
106381.8125
106127.7421875
105873.8125
105635.1796875
105394.84375
105161.9921875
104943.5625
104724.8515625
104520.0703125
104315.6328125
104117.609375
103944.359375
103759.1875
103586.2578125
103413.0390625
103251.5234375
103088.96875
102932.0078125
102784.71875
102637.65625
102500.2421875
102363.1328125
