25400.0
25400.0
25400.0
25400.0
25400.0
25400.0
25400.0
25400.0
25400.0
25400.0
25400.0
25400.0
25400.0
25400.0
25400.0
25400.0
25400.0
25400.0
35463.73828125
54984.71484375
74135.984375
89332.28125
103079.484375
114399.1328125
123581.4921875
130964.796875
136577.65625
141084.4375
144340.125
146448.96875
148036.015625
149163.125
152311.953125
154826.953125
154577.671875
149743.796875
145012.046875
140833.984375
138197.484375
136208.046875
135747.765625
136266.828125
136585.015625
137056.90625
137398.828125
137345.921875
136748.1875
135687.625
134504.828125
133148.625
131822.796875
130456.7734375
129123.515625
127950.3046875
126627.203125
125472.9609375
124364.71875
123316.109375
122281.1953125
121298.140625
120384.34375
119479.203125
118636.03125
117802.0703125
116998.921875
116298.4453125
115555.546875
114864.5234375
114181.3046875
113549.25
112922.640625
112320.7890625
111762.09375
111205.59375
110689.453125
110178.0078125
109690.328125
109268.71875
108828.6484375
108418.8203125
108009.546875
107628.703125
107250.109375
106886.953125
106548.1015625
106211.7265625
105899.0859375
105576.4609375
105266.7421875
104999.734375
104715.390625
104450.5
104186.3046875
103941.0390625
103697.046875
103463.2109375
103246.90625
103035.328125
102839.625
102647.796875
102465.765625
102306.609375
102141.078125
101987.21875
101836.7578125
101701.3984375
101569.6015625
101444.75
101330.7265625
101221.2109375
101121.1171875
101023.8359375
100933.015625
100855.734375
100775.7890625
100703.546875
100634.25
100572.765625
100514.9921875
100465.1484375
100424.0234375
100386.5078125
100348.8125
100312.828125
