25400.0
25400.0
25400.0
25387.619140625
25367.4921875
25367.48828125
25367.48828125
25367.48828125
25367.48828125
25367.48828125
25367.48828125
25367.48828125
25366.935546875
25365.40234375
25364.595703125
25364.15234375
25363.51171875
25362.861328125
25361.43359375
34496.1953125
53692.44921875
71432.921875
86793.078125
100236.1796875
111233.7265625
120678.21875
128251.921875
134297.625
139156.515625
142599.71875
145300.296875
147185.421875
148520.703125
149493.5625
153815.703125
155028.796875
150610.875
144298.453125
141393.40625
137690.21875
134539.46875
132677.765625
131157.5625
130713.5546875
131155.0
131435.59375
131710.515625
132118.1875
132375.1875
132405.921875
132074.625
131357.640625
130450.140625
129530.0625
128497.6328125
127486.65625
126440.1796875
125441.28125
124436.0390625
123464.3828125
122503.8515625
121569.1953125
120739.4765625
119930.390625
119138.5859375
118440.5390625
117700.8828125
117011.6953125
116325.484375
115686.2421875
115048.515625
114432.484375
113857.265625
113283.875
112746.390625
112211.171875
111696.359375
111245.96875
110765.9609375
110318.546875
109874.109375
109459.421875
109046.5703125
108648.609375
108277.59375
107908.7421875
107563.8671875
107218.3671875
106886.2578125
106598.2421875
106291.015625
106005.109375
105721.796875
105456.6015625
105199.2421875
104949.828125
104716.6171875
104483.1015625
104268.46875
104052.875
103845.96875
103664.8203125
103471.171875
103289.5859375
103108.46875
102940.0078125
102773.796875
102614.84375
102467.34375
102321.4140625
102180.8359375
102040.0390625
101905.6875
101788.6953125
101664.5390625
101549.5
101435.7421875
101332.171875
101231.0625
101135.578125
101049.1171875
100964.7109375
100889.28125
100816.078125
