25400.0
25400.0
25400.0
25399.525390625
25399.140625
25398.359375
25397.564453125
25396.111328125
25395.0546875
25394.28125
25393.765625
25393.41015625
25393.17578125
25393.02734375
25392.927734375
25392.8671875
25392.693359375
25392.5390625
25920.66015625
44137.6875
63156.6484375
81868.2265625
96383.3046875
109799.90625
120396.25
129041.7890625
135848.96875
140779.1875
144751.546875
147529.578125
149248.671875
150504.515625
154458.25
156398.875
150317.4375
143906.203125
140471.703125
136717.5
133759.5
131970.34375
131410.59375
132218.109375
132839.921875
133283.046875
133799.046875
134358.71875
134593.765625
134360.609375
133597.15625
132580.09375
131385.453125
130217.796875
128997.078125
127785.1015625
126715.9453125
125573.4453125
124460.9609375
123357.8046875
122380.1171875
121423.3203125
120498.3828125
119644.6875
118800.515625
118014.9453125
117232.6484375
116479.1484375
115824.0625
115122.8359375
114468.75
113820.7265625
113214.8125
112612.6875
112036.984375
111501.4140625
110969.1484375
110474.0859375
109983.6875
109513.640625
109103.8515625
108667.5859375
108256.8125
107851.8828125
107478.1796875
107109.234375
106754.8671875
106425.3828125
106096.5234375
105791.890625
105495.0234375
105207.6328125
104956.140625
104689.7734375
104439.703125
104191.2890625
103959.1171875
103728.5234375
103506.140625
103293.328125
103081.984375
102886.1875
102691.8828125
102505.53125
102343.4296875
102172.171875
102014.8671875
101860.1953125
101719.484375
101580.2890625
101447.4453125
101325.5
101206.0078125
101096.328125
100988.15625
100886.3203125
100799.0390625
100708.484375
100626.6875
100548.609375
100477.9375
100413.0859375
100345.609375
100282.1328125
100220.8828125
100164.78125
100111.1796875
