25400.0
25400.0
25400.0
25392.375
25380.251953125
25380.251953125
25376.4375
25373.123046875
25371.30078125
25370.345703125
25369.81640625
25369.53125
25369.37890625
25369.291015625
25369.244140625
25369.224609375
25369.224609375
25368.2890625
25367.275390625
32776.93359375
51839.42578125
69456.5
85127.59375
98565.96875
109740.078125
119367.1875
127098.8671875
133263.34375
138251.34375
141783.296875
144611.28125
146578.515625
147977.546875
148997.578125
152250.0625
154548.140625
154337.890625
146664.484375
143654.75
139759.5
136325.125
134258.65625
132589.28125
131875.640625
132302.890625
132558.5625
132825.171875
133215.65625
133404.109375
133333.28125
132901.640625
132083.296875
131143.859375
130170.4921875
129075.2734375
128009.3828125
126909.59375
125867.59375
124823.3671875
123752.1953125
122783.171875
121872.25
121034.5859375
120191.5703125
119369.46875
118652.8828125
117892.7109375
117184.8359375
116481.6484375
115824.859375
115170.3046875
114540.2265625
113951.4921875
113364.046875
112815.9296875
112271.578125
111747.796875
111290.7734375
110805.1875
110353.3359375
109903.046875
109482.5625
109062.3828125
108655.8671875
108278.09375
107904.8515625
107558.40625
107213.2890625
106883.6796875
106599.7265625
106296.515625
106013.03125
105730.40625
105466.25
105202.9453125
104947.9375
104712.203125
104477.453125
104259.15625
104041.0546875
103831.4453125
103646.375
103449.6484375
103265.0078125
103082.0078125
102908.2421875
102735.1640625
102569.9296875
102415.9453125
102261.7734375
102118.390625
101975.8828125
101839.1796875
101721.0234375
101595.6171875
101480.203125
101367.796875
101263.921875
101162.890625
101067.5
100985.6484375
100906.5234375
100833.953125
100762.7890625
