25400.0
25400.0
25400.0
25400.0
25400.0
25400.0
25400.0
25400.0
25400.0
25400.0
25400.0
25400.0
25400.0
25400.0
25400.0
25400.0
25400.0
25400.0
33189.28515625
52449.2578125
71349.4921875
86897.5859375
100636.0703125
112257.8203125
121660.625
129277.78125
135064.4375
139753.5625
143210.40625
145434.78125
147150.84375
148359.265625
150193.828125
154067.859375
155172.53125
152919.078125
148262.390625
143341.5625
140161.0625
137888.5
136819.890625
137280.65625
137574.296875
137940.65625
138195.921875
138067.96875
137415.6875
136367.859375
135168.296875
133742.5625
132357.328125
130933.2734375
129545.3828125
128247.8359375
126947.046875
125788.9609375
124640.9453125
123558.4140625
122495.578125
121481.9453125
120544.4296875
119613.78125
118750.3984375
117896.6953125
117075.2734375
116362.0703125
115606.796875
114905.0390625
114214.0234375
113573.625
112932.3828125
112318.265625
111751.765625
111198.859375
110690.8203125
110186.140625
109701.4765625
109279.65625
108832.09375
108414.953125
108001.109375
107616.3984375
107235.3515625
106868.921875
106526.421875
106176.0859375
105851.1640625
105529.8046875
105222.296875
104954.15625
104668.3984375
104401.84375
104135.4765625
103888.3828125
103643.5078125
103409.9453125
103196.4453125
102987.9921875
102796.8984375
102607.8359375
102426.234375
102269.5
102103.6875
101951.0390625
101800.9140625
101663.9375
101529.359375
101403.46875
101288.7421875
101177.7890625
101076.6015625
100977.6953125
100884.65625
100804.84375
100723.078125
100649.25
100579.6171875
100520.515625
100466.2734375
100418.0234375
100375.609375
100338.40625
100306.8828125
100294.328125
