25400.0
25400.0
25400.0
25400.0
25400.0
25400.0
25400.0
25400.0
25400.0
25400.0
25400.0
25400.0
25400.0
25400.0
25400.0
25400.02734375
25400.0
25400.0
38472.1015625
50649.29296875
60929.546875
79381.1328125
94858.09375
108267.0234375
119333.5546875
128301.578125
134869.609375
140164.203125
143936.234375
146558.828125
148316.875
149472.109375
153204.71875
155336.234375
153461.1875
147864.890625
142763.28125
138812.828125
136427.671875
135604.59375
136382.09375
136851.625
137366.03125
137685.515625
137588.71875
136886.765625
135700.546875
134336.03125
132874.21875
131394.1875
129984.4453125
128574.9375
127224.859375
125877.21875
124664.96875
123600.875
122482.1875
121453.5078125
120441.75
119500.5703125
118569.4453125
117678.4453125
116849.46875
116030.2734375
115269.0703125
114518.65625
113803.9453125
113183.765625
112526.75
111918.9765625
111321.0234375
110762.0078125
110208.359375
109682.609375
109198.3203125
108720.890625
108285.1328125
107852.5703125
107436.96875
107076.8828125
106692.6328125
106336.5078125
105981.703125
105642.609375
105306.1953125
104985.1328125
104687.8359375
104394.1640625
104121.4609375
103852.078125
103594.8125
103372.2578125
103137.53125
102923.21875
102714.125
102521.953125
102333.2734375
102154.6171875
101991.1015625
101830.8046875
101682.1015625
101545.3828125
101414.8671875
101305.3828125
101192.0703125
101089.2578125
100989.7109375
100900.1953125
100813.7890625
100734.1953125
100663.9140625
100598.421875
100539.234375
100474.7265625
100419.6796875
100376.1484375
100333.359375
100300.125
100274.078125
100253.8671875
100236.1015625
100252.6796875
100281.390625
100315.0703125
100349.1796875
100391.4609375
