25400.0
25400.0
25400.0
25400.0
25400.0
25400.0
25400.0
25400.0
25400.0
25400.0
25400.0
25400.0
25400.0
25400.0
25400.0
25400.0
25400.0
25400.0
39293.93359375
59017.5078125
78235.1328125
92786.6640625
106437.8046875
117347.0390625
126258.4921875
133337.625
138629.203125
142900.109375
145888.515625
147802.828125
149233.234375
150247.578125
155014.421875
155872.9375
152775.078125
147832.78125
143184.125
139378.703125
137019.59375
136009.328125
136866.21875
137457.984375
137873.90625
138418.234375
138665.765625
138419.1875
137559.171875
136380.3125
135029.25
133616.5625
132236.96875
130834.6328125
129476.2734375
128258.84375
126935.59375
125779.21875
124632.2578125
123573.8984375
122533.359375
121539.53125
120614.40625
119695.7734375
118841.703125
117990.625
117175.203125
116464.8984375
115710.2265625
115010.9140625
114318.390625
113673.2578125
113035.296875
112425.9921875
111861.75
111295.5
110768.9921875
110249.9609375
109754.8125
109324.0859375
108874.0390625
108457.3203125
108042.4765625
107655.6484375
107269.1015625
106897.3359375
106544.84375
106188.375
105857.3125
105528.078125
105211.5
104935.546875
104643.6640625
104375.953125
104109.9140625
103863.2109375
103619.9296875
103387.4921875
103171.625
102959.0703125
102762.546875
102571.2265625
102390.1953125
102233.1875
102068.03125
101915.1875
101765.8203125
101629.4921875
101498.7109375
101374.78125
101261.4375
101150.9921875
101050.21875
100952.9921875
100861.8125
100784.046875
100705.1640625
100633.3359375
100563.1015625
100494.25
100424.671875
100362.3359375
100305.8984375
100253.296875
100209.8828125
100171.1953125
