25400.0
25400.0
25400.0
25399.841796875
25399.587890625
25398.74609375
25397.91015625
25397.265625
25396.7734375
25396.431640625
25396.185546875
25396.017578125
25395.90625
25395.830078125
25395.779296875
25395.74609375
25395.650390625
25395.556640625
25395.3515625
37960.5
57609.36328125
75629.953125
90388.625
103641.5859375
114345.6171875
123548.4296875
130843.2734375
136610.375
141144.265625
144396.671875
146850.8125
148532.75
149743.609375
151629.984375
155461.1875
156082.515625
149685.859375
145230.625
141355.59375
137770.828125
135455.34375
133773.953125
133339.4375
134024.21875
134627.609375
134963.640625
135474.703125
135854.9375
135915.8125
135508.15625
134675.765625
133626.703125
132446.0625
131368.3125
130160.921875
129001.78125
127832.8828125
126737.3671875
125588.921875
124495.8671875
123535.1484375
122581.96875
121685.9765625
120802.8125
119956.6484375
119219.0078125
118431.5546875
117695.03125
116963.2578125
116278.40625
115594.984375
114938.1484375
114323.6171875
113711.1484375
113142.53125
112578.53125
112035.078125
111560.484375
111056.21875
110585.8203125
110118.7578125
109680.671875
109243.0234375
108824.1953125
108435.2578125
108052.71875
107694.4453125
107336.734375
106999.5234375
106704.0
106388.671875
106093.234375
105798.6796875
105523.015625
105248.8984375
104984.921875
104736.9765625
104483.6171875
104245.4375
104009.78125
103783.109375
103584.2578125
103372.9296875
103176.0546875
102980.1328125
102797.7265625
102617.375
102445.6328125
102286.96875
102131.421875
101987.125
101844.171875
101708.6015625
101591.3671875
101467.4609375
101352.78125
101240.7890625
101136.640625
101035.34375
100940.046875
100856.796875
100776.53125
100703.34375
100631.3515625
