25400.0
25400.0
25400.0
25400.0
25400.0
25400.0
25400.0
25400.0
25400.0
25400.0
25400.0
25400.0
25400.0
25400.0
25400.0
25400.0
25400.0
25400.0
30317.896484375
49322.2734375
67989.6015625
84023.3828125
97874.875
109757.8984375
119378.9765625
127245.3125
133300.0
138181.75
141842.171875
144244.421875
146073.796875
147381.46875
148423.53125
152576.390625
154284.546875
152816.515625
151168.578125
145869.59375
141836.171875
139075.40625
137455.3125
137092.671875
137271.171875
137449.265625
137689.40625
137610.1875
137084.9375
136123.75
135038.921875
133630.171875
132272.09375
130872.21875
129503.0703125
128253.3125
126926.9453125
125764.21875
124631.171875
123559.4375
122496.03125
121483.8203125
120547.3359375
119622.125
118762.1015625
117911.8359375
117095.8828125
116384.03125
115631.7265625
114934.0546875
114243.3515625
113605.21875
112972.8828125
112360.8828125
111793.3046875
111236.1328125
110730.4453125
110228.5703125
109746.4375
109326.265625
108878.890625
108463.7265625
108052.265625
107669.09375
107288.9609375
106923.9375
106584.3828125
106247.3515625
105923.6484375
105604.8515625
105299.9609375
105032.6015625
104748.5859375
104482.5
104217.9296875
103972.3046875
103730.640625
103500.6953125
103287.265625
103077.3046875
102885.296875
102695.25
102513.9375
102356.96875
102191.859375
102039.9296875
101890.6015625
101755.296875
101623.9296875
101500.7578125
101388.15625
101278.0234375
101177.2421875
101080.0
100988.9453125
100912.734375
100835.65625
100770.4453125
100709.0859375
100656.1796875
100607.0234375
100564.890625
100531.0390625
100511.6484375
100511.6640625
100521.125
