25400.0
25400.0
25400.0
25397.9375
25397.498046875
25394.564453125
25393.53125
25391.146484375
25388.919921875
25387.025390625
25385.61328125
25384.548828125
25383.791015625
25383.2734375
25382.90625
25382.662109375
25382.494140625
25382.205078125
25381.79296875
25381.115234375
31446.904296875
50555.6875
68147.8359375
84132.765625
97555.8359375
108931.8359375
118764.0625
126643.34375
132874.15625
137933.953125
141523.75
144417.296875
146415.25
147864.859375
148898.59375
151287.0
154332.765625
155388.1875
150899.625
147076.6875
142759.21875
139095.046875
136904.015625
135231.140625
134716.171875
135190.421875
135403.828125
135745.890625
136080.953125
136111.328125
135765.796875
135034.4375
134051.90625
132916.125
131791.5
130544.59375
129340.7578125
128124.515625
126903.4921875
125740.0234375
124679.7578125
123704.0078125
122722.78125
121796.09375
120882.2578125
120007.890625
119247.2421875
118438.2578125
117683.6015625
116935.4140625
116238.53125
115542.9921875
114874.4765625
114253.5859375
113637.2109375
113064.015625
112496.9453125
111945.4609375
111464.6953125
110955.21875
110481.765625
110022.953125
109596.640625
109172.234375
108761.78125
108378.7734375
107998.2421875
107643.25
107290.5546875
106951.453125
106654.234375
106338.3125
106044.0625
105750.265625
105476.296875
105203.7890625
104936.8046875
104685.625
104435.4453125
104201.265625
103968.390625
103742.9765625
103545.28125
103334.6171875
103139.3359375
102945.3828125
102767.2109375
102590.1796875
102420.453125
102264.609375
102110.3359375
101966.5234375
101825.0859375
101689.921875
101572.3203125
101448.953125
101335.2265625
101223.5
101122.0234375
101022.4296875
100929.6171875
100844.1875
100760.203125
100683.59375
100609.0390625
