25400.0
25400.0
25377.607421875
24746.921875
24589.5625
24341.4609375
23988.3203125
23858.986328125
23829.95703125
23831.11328125
23836.8671875
23846.427734375
23859.216796875
23876.0234375
23899.3046875
23936.888671875
23995.189453125
24085.306640625
24253.62890625
24482.412109375
24929.44140625
25104.69140625
25161.681640625
25180.3671875
25190.302734375
25198.796875
25206.34765625
25213.85546875
25223.66796875
25236.4609375
25249.548828125
25258.474609375
25263.544921875
25267.275390625
25268.482421875
25494.68359375
26109.66015625
27972.908203125
31632.794921875
36585.45703125
41750.046875
46909.12109375
51309.0703125
54802.33203125
58113.05078125
61352.421875
64144.3984375
66920.515625
72114.4609375
77375.9609375
83564.2734375
90396.46875
97304.8671875
106049.484375
114128.0859375
120521.7734375
128188.8203125
135903.390625
143960.5
150853.390625
157629.3125
164140.109375
162594.71875
161069.625
159294.65625
157246.40625
155005.28125
152918.28125
150665.65625
148742.21875
147392.453125
145974.640625
144389.140625
142832.40625
141384.765625
139958.703125
138647.484375
137390.578125
135942.5
134643.578125
132946.203125
131334.015625
130664.21875
130282.59375
129411.8046875
128203.0625
127264.328125
126225.265625
125459.8828125
124797.8125
124326.484375
123905.6640625
123416.84375
123007.765625
122673.15625
122473.0859375
122526.2421875
122520.390625
122472.5078125
122410.7265625
122356.9765625
122292.59375
122206.375
122129.203125
122053.203125
121983.8359375
121978.7890625
121991.40625
121991.8828125
121962.7578125
121900.140625
121767.296875
121507.828125
121263.6796875
121041.7109375
120848.21875
120616.9921875
120380.078125
120101.203125
119763.09375
119387.6640625
118998.6171875
118616.546875
118206.2421875
117798.765625
117368.96875
