25400.0
25400.0
25400.0
25399.837890625
25398.896484375
25396.37890625
25394.083984375
25392.400390625
25391.158203125
25390.314453125
25389.72265625
25389.328125
25389.0703125
25388.896484375
25388.78515625
25388.591796875
25388.291015625
25387.83984375
34917.0546875
54177.328125
73050.0703125
88276.921875
102004.6171875
113440.3203125
122720.1484375
130207.859375
135869.75
140460.515625
143790.265625
145963.203125
147622.375
148787.875
151920.625
154438.328125
154392.9375
148253.09375
144053.203125
139707.3125
136907.234375
134841.625
133869.15625
134355.140625
134719.453125
135018.84375
135407.90625
135483.34375
135157.15625
134362.75
133360.796875
132136.53125
130889.734375
129598.390625
128321.375
127195.640625
125918.5234375
124774.0546875
123696.8359375
122707.2265625
121702.578125
120739.6484375
119850.4296875
118970.015625
118154.109375
117343.796875
116566.65625
115892.4140625
115172.03125
114500.828125
113837.7421875
113222.2109375
112612.8671875
112031.171875
111490.921875
110948.609375
110443.1328125
109946.0078125
109472.640625
109065.1640625
108637.2265625
108237.6328125
107840.5546875
107470.4921875
107103.953125
106751.6796875
106423.265625
106098.15625
105793.7890625
105492.765625
105203.5
104952.109375
104684.6484375
104432.8515625
104177.5
103940.21875
103703.234375
103475.1015625
103262.734375
103053.28125
102859.1875
102669.7734375
102487.0078125
102327.9375
102159.5859375
102003.546875
101849.0625
101710.8359375
101575.8984375
101447.7890625
101329.8828125
101214.6875
101109.8984375
101008.875
100914.8359375
100834.078125
100749.40625
100672.4140625
100598.7265625
100531.96875
100469.1171875
100413.6328125
100366.03125
100323.3515625
100286.1640625
100253.4375
