25400.0
25400.0
25400.0
25396.046875
25393.94921875
25388.314453125
25385.7265625
25384.380859375
25383.16796875
25381.53125
25379.9609375
25378.703125
25377.783203125
25377.103515625
25376.640625
25376.330078125
25375.65625
25375.154296875
25449.939453125
41978.55859375
60666.703125
78463.78125
92825.46875
106062.6875
116455.15625
125431.7421875
132510.25
138084.859375
142365.609375
145451.609375
147812.140625
149356.984375
150465.15625
154232.609375
156187.265625
151257.5625
144532.6875
141487.265625
138007.859375
134743.765625
132660.734375
131131.8125
131049.34375
131774.9375
132467.453125
132778.53125
133283.75
133790.953125
134025.8125
133884.125
133312.40625
132400.0
131317.59375
130328.3203125
129221.75
128147.515625
127048.2109375
126011.109375
124974.9296875
123931.1796875
122953.125
122023.328125
121177.8671875
120327.078125
119511.2890625
118802.6875
118048.1953125
117343.875
116639.3046875
115980.8125
115325.90625
114692.3359375
114098.859375
113508.6796875
112955.96875
112404.84375
111875.265625
111414.6796875
110922.9609375
110463.84375
110006.9609375
109580.671875
109157.0390625
108749.2578125
108368.9765625
107987.515625
107632.09375
107280.1640625
106942.3203125
106649.1640625
106336.34375
106042.71875
105752.140625
105480.75
105215.1953125
104958.7578125
104719.1875
104479.171875
104255.453125
104031.2109375
103816.0625
103628.1875
103428.078125
103241.2109375
103050.5078125
102870.1328125
102690.2421875
102517.2421875
102356.1328125
102196.921875
102049.8515625
101905.2109375
101767.8359375
101649.546875
101523.4921875
101406.3828125
101291.78125
101186.1328125
101082.5
100983.53125
100892.96875
100803.75
100723.03125
100644.9921875
