25400.0
25400.0
25400.0
25395.44140625
25393.544921875
25391.0234375
25389.265625
25387.271484375
25385.66015625
25383.62890625
25381.8984375
25380.521484375
25379.525390625
25378.849609375
25378.376953125
25378.0703125
25377.474609375
25376.966796875
25376.966796875
41739.828125
60806.96875
79744.0234375
94235.28125
107902.15625
118703.0625
127502.8359375
134485.171875
139603.921875
143759.140625
146643.671875
148464.203125
149835.703125
152811.859375
155749.421875
152013.953125
144518.625
141269.578125
137539.359375
134225.4375
132187.09375
130763.890625
131076.703125
131697.546875
132250.203125
132693.3125
133256.5
133542.609375
133455.484375
132870.984375
131952.875
130836.578125
129714.9140625
128546.8125
127374.546875
126332.6328125
125214.2890625
124153.4765625
123052.7890625
122073.734375
121146.296875
120242.796875
119397.953125
118566.2578125
117792.171875
117024.546875
116285.34375
115639.6796875
114954.1328125
114313.8671875
113674.8984375
113080.296875
112489.2421875
111920.4140625
111392.6796875
110870.71875
110384.6015625
109900.9921875
109436.046875
109032.0390625
108602.09375
108202.4375
107803.296875
107432.6171875
107066.7578125
106716.421875
106390.859375
106067.4140625
105767.6015625
105472.6640625
105189.8359375
104944.0546875
104681.3515625
104436.46875
104192.71875
103965.0546875
103740.796875
103525.84375
103325.1640625
103125.7734375
102938.7421875
102747.6328125
102561.9921875
102400.8671875
102231.09375
102074.4453125
101920.6328125
101778.9765625
101638.859375
101505.28125
101382.734375
101262.6328125
101151.3046875
101042.9375
100940.46875
100852.921875
100762.34375
100680.8203125
100602.2109375
100529.5859375
100466.5625
100407.921875
100354.8515625
100302.765625
100248.0625
100194.90625
