25400.0
25400.0
25400.0
25400.0
25400.0
25400.0
25400.0
25400.0
25400.0
25400.0
25400.0
25400.0
25400.0
25400.0
25400.0
25400.0
25400.0
25400.0
35962.48828125
55579.6171875
74803.046875
89922.0078125
103646.8359375
114942.28125
124098.9609375
131440.09375
136991.796875
141463.90625
144676.78125
146750.953125
148309.171875
149411.890625
152340.96875
155021.71875
154826.265625
152305.34375
147078.78125
142776.421875
140020.921875
138329.484375
138533.921875
139036.375
139380.578125
139874.625
140028.703125
139670.046875
138691.03125
137469.078125
136034.84375
134535.3125
133080.859375
131607.296875
130165.890625
128851.5625
127541.8671875
126347.0859375
125156.2734375
124061.5
122982.609375
121951.1328125
120990.859375
120041.1015625
119154.5
118277.0703125
117436.921875
116706.0390625
115933.5390625
115216.875
114505.71875
113846.6640625
113193.6171875
112566.171875
111984.1875
111409.453125
110884.4453125
110368.109375
109871.5078125
109438.9140625
108978.171875
108549.6328125
108122.2109375
107718.78125
107311.7734375
106920.953125
106556.765625
106195.09375
105857.5859375
105523.0546875
105202.5703125
104926.34375
104634.0546875
104363.03125
104094.59375
103846.2421875
103600.5234375
103366.171875
103150.0234375
102938.9375
102744.65625
102557.5234375
102378.859375
102224.609375
102062.25
101911.8984375
101765.09375
101629.203125
101497.5390625
101373.296875
101260.6015625
101151.546875
101051.484375
100955.296875
100864.7890625
100787.6953125
100707.8046875
100637.1484375
100570.0703125
100509.9140625
100454.1796875
100406.0390625
100359.8984375
100314.28125
100274.8671875
100240.7890625
