25400.0
25400.0
25400.0
25400.0
25400.0
25400.0
25400.0
25400.0
25400.0
25400.0
25400.0
25400.0
25400.0
25400.0
25400.0
25400.0
25400.0
25400.0
25400.0
37004.7890625
56493.14453125
74297.4375
89168.8671875
102248.375
113138.4375
122570.5234375
130011.3671875
135864.9375
140390.09375
143736.015625
146308.6875
148050.75
149323.453125
150224.734375
154836.0625
155646.515625
154036.84375
150506.078125
145880.890625
141910.3125
139282.015625
137531.953125
137336.234375
138156.125
138779.890625
139185.21875
139670.078125
139768.890625
139418.78125
138549.34375
137473.859375
136172.21875
134731.84375
133436.890625
132018.03125
130599.84375
129227.1875
128022.0
126839.4765625
125683.90625
124614.0078125
123559.3125
122582.4765625
121614.234375
120684.8125
119876.5546875
119013.140625
118210.578125
117415.53125
116676.984375
115945.078125
115238.6953125
114576.859375
113922.7734375
113318.890625
112733.703125
112171.28125
111679.7578125
111156.625
110669.9375
110185.640625
109734.609375
109286.6953125
108856.2421875
108454.1875
108055.546875
107678.09375
107294.875
106927.1484375
106606.6875
106263.8203125
105943.84375
105625.8203125
105329.15625
105033.484375
104751.140625
104488.0078125
104227.8671875
103990.8671875
103755.40625
103529.3828125
103332.5859375
103121.7734375
102927.15625
102734.15625
102555.5546875
102380.6171875
102214.1796875
102059.796875
101907.0
101764.78125
101624.234375
101489.8125
101373.84375
101251.3125
101138.515625
101027.3828125
100925.0390625
100824.7421875
100729.953125
100643.546875
100559.8203125
100483.125
100407.6953125
