25400.0
25400.0
25400.0
25392.458984375
25388.02734375
25380.962890625
25376.96875
25374.955078125
25373.8828125
25373.337890625
25373.04296875
25372.88671875
25372.8046875
25372.759765625
25372.51171875
25371.220703125
25370.25390625
25368.865234375
39152.890625
58416.52734375
77232.6328125
91775.2890625
105438.1640625
116462.109375
125416.3515625
132584.234375
137907.4375
142258.75
145314.484375
147293.875
148791.234375
150423.0625
154736.15625
155324.84375
147256.0
142952.1875
139076.984375
135534.125
133311.765625
131546.3125
131209.75
131753.734375
132248.84375
132594.125
133086.84375
133346.0625
133269.515625
132731.109375
131832.296875
130770.75
129648.296875
128476.734375
127301.5234375
126254.796875
125129.7578125
124029.859375
122940.828125
121985.2890625
121058.3359375
120155.7265625
119306.640625
118470.515625
117693.6953125
116923.2890625
116183.1171875
115536.5859375
114852.4453125
114213.25
113575.53125
112981.7734375
112393.1953125
111828.421875
111302.7265625
110782.8359375
110300.4140625
109821.0078125
109359.21875
108956.78125
108524.625
108126.3203125
107733.515625
107368.453125
107006.125
106658.5390625
106339.734375
106026.2421875
105732.2578125
105439.6328125
105158.0
104912.65625
104651.1953125
104407.015625
104166.3671875
103942.171875
103720.5
103506.984375
103307.3046875
103108.3671875
102922.546875
102731.8203125
102548.53125
102391.7578125
102224.7890625
102071.4375
101918.3671875
101776.1640625
101635.9140625
101502.8046875
101378.6796875
101258.2265625
101147.671875
101040.0078125
100938.4375
100851.9921875
100761.3125
100684.0859375
100610.8125
100544.078125
100479.40625
100418.4375
100363.2109375
100310.125
100264.3671875
100223.2421875
