25400.0
25400.0
25400.0
25400.0
25400.0
25400.0
25400.0
25400.0
25400.0
25400.0
25400.0
25400.0
25400.0
25400.0
25400.0
25400.0
25400.0
39066.0625
59570.76953125
78813.375
94374.6328125
107817.4921875
118888.9609375
127891.890625
134494.8125
139839.59375
143662.84375
146321.953125
148113.734375
149295.109375
152943.125
155205.375
153504.25
148492.21875
143257.53125
139321.5625
136933.5625
136137.546875
136906.5625
137363.71875
137907.390625
138202.046875
138035.53125
137248.140625
136039.4375
134614.984375
133121.515625
131615.890625
130185.8671875
128760.3125
127380.828125
126037.8671875
124810.0
123736.6640625
122609.234375
121573.15625
120550.5859375
119600.4765625
118662.0703125
117761.6328125
116925.5
116099.1484375
115331.703125
114578.3125
113856.8984375
113231.703125
112570.7421875
111960.2265625
111357.484375
110792.4609375
110236.5390625
109708.90625
109221.1015625
108746.671875
108308.0078125
107871.5859375
107452.8828125
107089.1875
106702.796875
106341.6953125
105973.75
105631.875
105293.671875
104970.59375
104672.46875
104376.984375
104103.265625
103833.703125
103576.3125
103353.6484375
103119.734375
102905.9609375
102697.734375
102506.03125
102317.765625
102140.375
101977.4765625
101816.5390625
101675.3203125
101537.671875
101408.296875
101299.3203125
101186.78125
101084.2109375
100985.8125
100896.921875
100811.2265625
100732.9453125
100663.6875
100598.8515625
100534.75
100472.7734375
100419.84375
100377.2890625
100336.265625
100305.953125
100281.6796875
100262.3515625
100260.6875
100285.453125
100313.921875
100346.8515625
100381.140625
100425.96875
