25400.0
25400.0
25400.0
25399.400390625
25398.1484375
25395.4609375
25392.91015625
25391.02734375
25389.64453125
25388.720703125
25388.08203125
25387.662109375
25387.39453125
25387.21875
25387.046875
25386.662109375
25386.08984375
34275.65625
54403.1484375
73337.2734375
89428.6640625
103317.6640625
114872.4296875
124355.4375
131350.484375
137076.15625
141239.671875
144251.75
146292.484375
147638.046875
149523.25
153704.0625
154641.46875
149903.625
145085.125
140332.609375
137485.34375
135388.984375
134517.78125
134882.328125
135080.5625
135421.921875
135519.125
135197.0
134339.203125
133276.15625
131941.75
130553.5625
129206.0859375
127842.25
126537.796875
125207.65625
124019.8125
123007.578125
121925.375
120912.296875
119914.9453125
118994.78125
118088.3046875
117221.1328125
116417.3203125
115623.3671875
114884.3515625
114155.390625
113460.546875
112858.1328125
112222.71875
111635.359375
111049.6796875
110505.3359375
109969.046875
109459.5703125
108999.6171875
108544.3828125
108119.4921875
107699.3203125
107297.234375
106948.484375
106577.7109375
106233.796875
105893.359375
105576.53125
105267.578125
104969.9375
104693.5625
104411.75
104147.9609375
103886.71875
103637.1796875
103422.859375
103196.7578125
102988.6640625
102780.859375
102587.9921875
102397.625
102217.1640625
102052.3515625
101894.8984375
101750.09375
101609.03125
101477.5390625
101364.8828125
101250.203125
101145.2265625
101043.09375
100950.4375
100862.0390625
100780.5625
100710.203125
100646.0078125
100591.875
100542.78125
100499.796875
100466.6875
100436.9453125
100414.5
100400.0078125
100424.9375
100457.4453125
100494.2265625
100532.5078125
100572.6015625
100612.78125
100662.0234375
