25400.0
25400.0
25400.0
25400.0
25400.0
25400.0
25400.0
25400.0
25400.0
25400.0
25400.0
25400.0
25400.0
25400.0
25400.0
25400.0
25400.0
30152.404296875
50313.7890625
69506.3515625
86343.09375
100508.4375
112238.3515625
122001.5625
129389.4296875
135344.515625
139766.8125
142978.625
145114.125
146616.421875
147883.921875
151242.296875
153968.5
153003.6875
151502.71875
145750.484375
141587.5
139047.546875
137638.6875
137596.015625
137769.234375
137963.5
137855.796875
137238.84375
136100.015625
134815.203125
133371.34375
131902.078125
130486.0390625
129062.4609375
127735.28125
126372.328125
125117.0390625
124048.984375
122906.0546875
121855.796875
120822.328125
119868.3046875
118924.6484375
118021.109375
117182.90625
116350.7734375
115582.515625
114823.9765625
114099.6796875
113473.53125
112810.59375
112197.0078125
111593.2734375
111036.140625
110482.203125
109949.6796875
109456.734375
108975.3203125
108536.328125
108101.328125
107684.28125
107321.3359375
106935.6796875
106579.2734375
106229.03125
105890.875
105557.6171875
105238.3203125
104940.90625
104646.84375
104376.375
104109.640625
103856.1484375
103636.5
103407.0546875
103195.5390625
102988.4765625
102798.8046875
102614.5625
102444.9296875
102296.8828125
102151.75
102020.46875
101893.78125
101775.2109375
101675.0859375
101575.1875
101485.90625
101402.7421875
101333.9140625
101271.8515625
101219.78125
101179.296875
101142.5
101103.34375
101073.1640625
101098.6953125
101122.8359375
101152.140625
101191.6328125
101237.8203125
101286.4609375
101344.0390625
101407.3828125
101474.5078125
101550.0703125
101632.0234375
101722.8984375
