25400.0
25400.0
24871.20703125
24622.541015625
24422.673828125
24070.58203125
23929.59765625
23897.83984375
23898.2265625
23903.07421875
23910.259765625
23920.322265625
23932.8125
23948.78125
23972.125
24007.09375
24062.609375
24149.009765625
24286.21484375
24490.95703125
24912.353515625
25102.623046875
25163.572265625
25183.986328125
25193.896484375
25205.513671875
25219.12109375
25233.853515625
25247.67578125
25259.943359375
25269.197265625
25277.90625
25284.87109375
25290.462890625
25291.173828125
25384.26953125
25771.19140625
26767.90234375
29112.9765625
33488.140625
38164.140625
43388.6875
47602.12109375
51594.30078125
54802.1171875
57899.96875
61759.80859375
67248.3671875
73113.203125
79382.1640625
86375.03125
93878.3125
102556.078125
110477.15625
117183.9296875
125159.671875
133372.421875
141299.6875
148335.71875
155346.9375
162185.875
168196.53125
166093.46875
164060.421875
161733.25
159184.3125
156916.28125
154762.515625
152638.6875
150958.28125
149258.3125
147470.40625
145704.609375
144064.6875
142416.078125
141064.171875
139326.25
137651.6875
135995.96875
134205.75
133566.578125
132923.140625
131829.890625
130476.96875
129325.703125
128247.609375
127473.640625
126893.9375
126342.4765625
125759.0703125
125296.1953125
124900.3359375
124754.828125
124762.09375
124713.9453125
124632.0546875
124547.421875
124474.0
124365.25
124258.140625
124162.7890625
124076.296875
124060.3359375
124071.3203125
124069.0078125
124035.046875
123963.6953125
123811.6328125
123516.921875
123255.9609375
123003.140625
122750.3828125
122480.921875
122193.6640625
121874.7578125
121466.34375
121050.3671875
120608.578125
120169.5703125
119698.6328125
119217.546875
118730.1875
118189.671875
117680.5
117171.3046875
