25400.0
25400.0
25400.0
25400.0
25400.0
25400.0
25400.0
25400.0
25400.0
25400.0
25400.0
25400.0
25400.0
25400.0
25400.0
25400.0
25400.0
25400.0
25400.0
38197.16796875
57742.68359375
76721.6015625
91459.765625
105029.484375
116274.0546875
125443.640625
132709.453125
138032.515625
142355.171875
145480.875
147440.828125
148956.796875
150001.15625
154371.859375
155495.03125
153598.6875
150012.71875
145054.078125
141051.296875
138507.71875
137271.96875
138068.359375
138820.625
139201.515625
139682.296875
139855.8125
139522.90625
138621.640625
137421.375
136061.40625
134505.75
133011.140625
131444.734375
129921.578125
128660.90625
127364.3125
126142.484375
124931.921875
123818.4921875
122723.8046875
121677.625
120707.765625
119749.140625
118856.4453125
117975.6875
117133.5390625
116403.7578125
115625.984375
114901.1640625
114185.734375
113536.640625
112899.25
112288.84375
111720.9296875
111158.671875
110636.6953125
110119.5390625
109623.5234375
109192.140625
108735.765625
108310.484375
107889.0625
107483.0625
107081.59375
106698.484375
106340.2890625
105984.6953125
105653.0625
105324.203125
105009.015625
104736.5546875
104451.84375
104188.4609375
103927.1875
103685.109375
103445.21875
103214.9296875
103002.0234375
102791.8203125
102598.6171875
102410.28125
102229.8125
102074.4296875
101909.6328125
101757.1484375
101607.015625
101468.3046875
101332.234375
101202.9296875
101084.3359375
100967.8046875
100860.8515625
100757.734375
100660.296875
100577.6015625
100490.859375
100410.9609375
100333.4609375
100263.0859375
100194.9921875
100131.1171875
100074.21875
100020.109375
99985.078125
99954.6796875
