25400.0
25400.0
25400.0
25395.763671875
25393.064453125
25389.396484375
25387.39453125
25385.21484375
25383.041015625
25381.3671875
25380.119140625
25379.263671875
25378.70703125
25378.341796875
25377.73828125
25377.201171875
27295.431640625
44747.3828125
64651.98046875
83215.625
98726.3515625
111617.890625
122285.546875
130865.0703125
137125.65625
141989.71875
145498.15625
147905.890625
149498.890625
152639.390625
155619.3125
150570.140625
143570.390625
140082.265625
135940.09375
133084.484375
131159.171875
130926.03125
131731.421875
132357.578125
132796.96875
133314.75
133636.484375
133514.875
132813.484375
131800.390625
130564.1484375
129314.71875
128090.625
126835.3671875
125655.921875
124483.4296875
123294.6953125
122283.6875
121275.2578125
120331.6171875
119392.9921875
118528.5
117675.078125
116856.9765625
116094.59375
115339.4375
114638.0625
113940.546875
113270.75
112688.6015625
112069.9140625
111497.28125
110933.15625
110408.1328125
109887.859375
109389.71875
108927.53125
108472.09375
108049.078125
107627.5703125
107223.984375
106876.796875
106508.9765625
106167.6640625
105831.765625
105516.3515625
105212.8515625
104920.984375
104649.234375
104379.171875
104127.5234375
103879.453125
103642.8046875
103437.1640625
103218.234375
103014.015625
102807.0390625
102611.4921875
102418.9296875
102236.5390625
102068.7734375
101905.828125
101754.234375
101605.875
101466.3203125
101346.3203125
101220.453125
101104.984375
100992.671875
100891.390625
100793.515625
100703.484375
100622.953125
100543.8125
100480.7109375
100418.5234375
100356.78125
100298.65625
100240.125
100189.3359375
100141.2421875
100100.6171875
100066.859375
100039.9375
100019.078125
100002.8359375
99994.2734375
99990.796875
