25400.0
25400.0
25400.0
25400.0
25400.0
25400.0
25400.0
25400.0
25400.0
25400.0
25400.0
25400.0
25400.0
25400.0
25400.0
25400.0
25400.0
25400.0
25400.0
33307.859375
52817.58203125
70857.59375
86498.0390625
99896.2421875
111023.1015625
120526.6328125
128145.921875
134225.265625
139128.46875
142576.015625
145319.21875
147196.265625
148528.65625
149500.765625
152715.296875
155049.0625
155267.578125
149794.8125
145947.3125
141631.96875
138330.40625
136427.0
135335.09375
135592.390625
135981.859375
136178.765625
136581.0625
136852.421875
136822.125
136320.96875
135405.6875
134317.078125
133099.546875
131985.3125
130735.1796875
129538.5859375
128336.2109375
127210.71875
126017.171875
124921.5703125
123945.0625
122958.375
122042.3046875
121139.0234375
120272.6640625
119517.3515625
118710.046875
117956.8984375
117209.1328125
116508.796875
115810.9140625
115139.5
114512.7578125
113891.3359375
113314.5234375
112741.21875
112189.1015625
111707.9375
111194.234375
110719.2421875
110241.8828125
109797.0859375
109356.984375
108935.9375
108544.0078125
108158.5859375
107800.6171875
107444.875
107100.546875
106799.90625
106478.8828125
106179.640625
105880.0859375
105602.2109375
105318.1875
105041.0
104784.6953125
104529.0859375
104290.453125
104051.234375
103821.9453125
103621.6328125
103407.7265625
103209.4375
103014.3046875
102834.3671875
102656.9375
102487.0625
102330.0703125
102175.6953125
102032.9453125
101891.7109375
101756.859375
101640.625
101518.6015625
101411.2109375
101306.953125
101211.9453125
101119.515625
101031.671875
100952.09375
100874.2890625
100803.6328125
100735.6484375
