25400.0
25400.0
25400.0
25282.216796875
25249.607421875
25249.607421875
25249.607421875
25249.607421875
25249.607421875
25249.607421875
25249.607421875
25249.607421875
25249.607421875
25249.607421875
25249.607421875
25249.607421875
25249.607421875
25249.607421875
25249.607421875
25537.27734375
39942.015625
57745.734375
74942.40625
89492.140625
102735.4609375
113444.671875
122814.78125
130238.1328125
136076.796875
140524.171875
143826.375
146389.015625
148113.8125
149378.015625
151954.734375
155093.578125
151865.171875
145212.34375
141091.96875
137974.671875
134641.625
132113.09375
130602.34375
129341.4296875
129456.3515625
130005.6484375
130487.2890625
130755.140625
131159.625
131506.953125
131615.53125
131421.921875
130873.625
130057.71875
129232.84375
128187.5390625
127167.7890625
126117.609375
125112.1171875
124067.9609375
123028.8671875
122088.5
121206.125
120393.109375
119587.0703125
118796.640625
118097.15625
117354.5859375
116664.7265625
115979.265625
115341.34375
114705.4296875
114093.765625
113523.484375
112956.6796875
112425.671875
111895.8203125
111387.1796875
110944.1953125
110471.8671875
110031.5625
109593.703125
109181.8125
108772.140625
108378.6015625
108011.9921875
107648.546875
107310.3046875
106981.0234375
106664.6796875
106387.796875
106091.0703125
105813.921875
105537.9921875
105280.9609375
105024.859375
104777.1953125
104546.8359375
104317.1171875
104101.8046875
103888.515625
103682.6796875
103503.765625
103312.9375
103134.4375
102956.734375
102790.1484375
102623.8203125
102462.6171875
102312.2421875
102164.40625
102027.125
101890.3203125
101760.4375
101642.8203125
101515.6015625
101397.0078125
101279.0
101168.3125
101060.140625
100956.03125
100859.0625
100763.8046875
100679.0546875
100596.234375
