25400.0
25400.0
25400.0
25345.337890625
25345.337890625
25345.3359375
25345.3359375
25345.3359375
25345.3359375
25345.3359375
25345.3359375
25345.3359375
25345.3359375
25345.3359375
25345.3359375
25345.3359375
25345.3359375
25345.3359375
39652.1953125
58493.41015625
77065.109375
91517.703125
105129.140625
116159.3125
125167.28125
132370.265625
137680.484375
142033.5625
145124.765625
147116.359375
148649.6875
150422.1875
154593.9375
154474.3125
146604.5
142339.984375
138554.921875
135014.65625
132811.84375
131027.7109375
130563.65625
131080.984375
131588.625
131862.234375
132306.734375
132608.921875
132620.546875
132202.65625
131406.734375
130441.453125
129336.96875
128176.4140625
127016.40625
125979.34375
124861.390625
123747.6953125
122672.0625
121729.6953125
120810.765625
119924.984375
119083.4609375
118250.0390625
117477.7265625
116712.5390625
115979.359375
115340.2578125
114660.3046875
114028.5625
113399.96875
112811.8515625
112230.7890625
111672.6484375
111153.0859375
110639.15625
110162.765625
109690.4453125
109232.5625
108830.6171875
108404.7578125
108011.9921875
107624.875
107265.84375
106912.0859375
106575.171875
106259.671875
105948.5546875
105657.53125
105368.140625
105089.890625
104847.7109375
104588.78125
104347.6640625
104109.59375
103888.78125
103668.84375
103458.2890625
103260.8671875
103064.75
102881.5390625
102698.6328125
102523.5390625
102369.3515625
102205.2421875
102052.328125
101900.7421875
101759.734375
101618.4921875
101483.9921875
101358.2890625
101236.015625
101123.328125
101013.3515625
100908.546875
100817.8125
100728.140625
100646.7265625
100568.4375
100497.484375
100427.8125
100362.8125
100303.7890625
100247.8671875
100196.8203125
100149.765625
