25400.0
25400.0
25400.0
25400.0
25400.0
25400.0
25400.0
25400.0
25400.0
25400.0
25400.0
25400.0
25400.0
25400.0
25400.0
25400.0
27527.619140625
45237.73828125
65236.546875
83797.890625
99177.5703125
112097.5546875
122785.2578125
131327.40625
137541.75
142290.140625
145779.234375
148159.625
149705.03125
152509.09375
155771.3125
154779.671875
147371.40625
142810.0625
138766.21875
136112.59375
134480.234375
135059.625
135936.171875
136522.75
137207.125
137614.53125
137525.5
136785.25
135581.8125
134205.1875
132712.53125
131215.546875
129796.1875
128353.3828125
126968.390625
125670.625
124459.390625
123400.453125
122288.84375
121262.59375
120250.0859375
119310.671875
118382.9921875
117491.1484375
116664.546875
115847.703125
115090.359375
114345.0625
113631.3828125
113011.71875
112357.515625
111748.875
111146.859375
110590.953125
110044.1796875
109522.6484375
109044.3828125
108575.859375
108139.5078125
107707.7421875
107293.203125
106932.75
106549.2421875
106193.1640625
105834.34375
105494.5234375
105158.34375
104836.7109375
104538.0859375
104242.703125
103970.890625
103704.21875
103450.4453125
103229.9609375
102997.6015625
102782.8828125
102571.265625
102375.921875
102185.8359375
102006.1640625
101841.4140625
101679.4453125
101529.78125
101388.171875
101253.828125
101138.1640625
101016.515625
100905.5078125
100797.9765625
100700.3203125
100606.6484375
100519.671875
100440.7109375
100364.8203125
100296.96875
100232.3828125
100172.3984375
100121.765625
100063.1796875
100008.875
99959.375
99918.9375
99883.421875
99853.5078125
99829.0625
99811.7890625
99799.34375
99798.9921875
