25400.0
25400.0
25400.0
25395.3359375
25391.455078125
25386.732421875
25384.0625
25382.71484375
25381.998046875
25380.689453125
25379.15625
25377.8359375
25376.841796875
25376.095703125
25375.591796875
25374.87890625
25374.228515625
25373.140625
37935.85546875
57166.83203125
75890.59375
90579.40625
104180.8359375
115353.2578125
124473.7421875
131769.796875
137174.59375
141595.1875
144767.6875
146799.53125
148370.421875
149466.125
154102.234375
155041.25
150721.703125
145433.90625
141263.3125
137498.796875
135113.953125
133229.359375
132786.25
133348.796875
133850.4375
134211.53125
134681.296875
134829.984375
134588.625
133879.0625
132911.828125
131751.8125
130525.0625
129255.359375
127995.71875
126877.875
125608.2734375
124478.1875
123415.84375
122439.109375
121452.359375
120498.390625
119618.40625
118749.390625
117942.2890625
117141.796875
116373.0390625
115706.453125
114995.9921875
114332.6875
113676.984375
113067.7421875
112464.375
111888.1171875
111352.4921875
110815.6328125
110316.4296875
109824.578125
109354.8828125
108952.3984375
108528.9921875
108134.2421875
107741.265625
107374.6484375
107011.015625
106662.4921875
106338.1640625
106016.0
105715.28125
105417.3125
105131.734375
104882.0703125
104616.53125
104370.6796875
104125.8828125
103892.0234375
103658.4453125
103434.1875
103223.7109375
103014.1640625
102819.1484375
102626.40625
102444.921875
102286.3828125
102119.1484375
101963.0703125
101808.3515625
101664.8828125
101526.5
101396.578125
101275.5625
101157.2890625
101048.390625
100941.5
100841.5546875
100756.140625
100668.3125
100587.625
100509.890625
100438.7421875
100370.03125
100306.4609375
100248.3125
100194.5703125
100148.703125
100107.3828125
