25400.0
25400.0
25400.0
25400.0
25400.0
25400.0
25400.0
25400.0
25400.0
25400.0
25400.0
25400.0
25400.0
25400.0
25400.0
25400.0
27888.572265625
45933.1640625
66132.59375
84648.0546875
100112.703125
112919.8828125
123460.5703125
131919.625
138071.453125
142788.578125
146208.359375
148538.84375
150040.046875
153524.9375
156128.25
151563.328125
144990.9375
140761.671875
136923.03125
134447.140625
132774.765625
133238.578125
134062.53125
134716.5625
135393.25
135913.703125
136051.1875
135555.78125
134454.421875
133230.609375
131863.015625
130475.5625
129139.4375
127798.5234375
126546.59375
125232.6796875
124024.59375
123016.4453125
121941.828125
120952.390625
119978.2734375
119075.1796875
118179.0078125
117320.5078125
116521.8515625
115728.3203125
114992.828125
114263.8359375
113565.90625
112961.484375
112320.296875
111725.265625
111139.03125
110596.34375
110059.4765625
109543.4140625
109061.1953125
108587.2109375
108150.484375
107720.5234375
107309.9453125
106952.7421875
106578.1328125
106231.515625
105886.015625
105565.2578125
105247.0390625
104941.0703125
104656.0625
104362.8359375
104089.953125
103823.6171875
103569.53125
103349.1875
103115.875
102900.953125
102688.921875
102492.828125
102300.546875
102118.8515625
101951.9453125
101790.4921875
101641.875
101495.625
101358.171875
101239.46875
101116.3125
101003.5703125
100893.2734375
100793.5859375
100699.890625
100616.71875
100541.421875
100465.15625
100389.3671875
100315.703125
100247.9140625
100190.0078125
100132.171875
100083.1484375
100037.7421875
99999.0
99967.9296875
99942.75
99923.1328125
99907.75
99900.375
99898.6796875
