25400.0
25400.0
25400.0
25400.0
25400.0
25400.0
25400.0
25400.0
25400.0
25400.0
25400.0
25400.0
25400.0
25400.0
25400.0
25400.0
25400.0
25400.0
25400.0
25400.0
37386.0546875
57342.34765625
75673.1171875
90617.140625
103987.703125
114669.578125
123907.1328125
131207.234375
136972.765625
141543.109375
144768.921875
147182.6875
148847.390625
150021.359375
151743.078125
155734.796875
156346.59375
150163.578125
145676.15625
141727.90625
138128.640625
135802.296875
134154.890625
133886.09375
134597.8125
135162.734375
135543.34375
136082.03125
136437.125
136438.34375
135933.265625
134997.65625
133886.640625
132703.734375
131619.4375
130407.140625
129245.2265625
128072.390625
126976.109375
125861.2734375
124748.4765625
123766.734375
122797.984375
121899.75
121014.375
120165.3828125
119424.53125
118631.6875
117890.578125
117152.84375
116461.375
115772.7890625
115109.6171875
114488.546875
113871.90625
113297.3984375
112726.5625
112176.1015625
111697.03125
111187.2578125
110712.9296875
110240.421875
109799.703125
109362.359375
108936.3203125
108541.5234375
108150.8984375
107787.7578125
107427.6171875
107080.34375
106775.4140625
106457.4921875
106160.03125
105862.0703125
105584.1875
105306.3359375
105038.7265625
104779.015625
104519.25
104279.390625
104041.8046875
103812.9375
103613.046875
103400.203125
103203.40625
103007.8203125
102826.0234375
102646.8203125
102476.34375
102319.2421875
102164.3359375
102022.765625
101881.734375
101748.1328125
101632.53125
101510.9765625
101398.5234375
101288.6015625
101188.171875
101090.3359375
100997.96875
100916.625
100840.8984375
100768.7734375
100690.7421875
