25400.0
25400.0
25400.0
25400.0
25400.0
25400.0
25400.0
25400.0
25400.0
25400.0
25400.0
25400.0
25400.0
25400.0
25400.0
25400.0
25400.0
25400.0
25400.0
29824.00390625
48893.265625
66897.6484375
83257.421875
96827.8671875
108174.1953125
117876.09375
125741.03125
132147.84375
137282.21875
140906.34375
143897.296875
145887.515625
147345.859375
148437.40625
149804.5625
154264.3125
155111.671875
152640.125
147658.90625
143339.9375
139559.21875
137260.015625
135432.28125
134444.046875
134744.765625
134833.953125
135154.703125
135461.203125
135520.765625
135196.703125
134469.671875
133478.78125
132351.078125
131318.3125
130155.25
129026.484375
127879.6484375
126799.890625
125722.359375
124667.9609375
123644.3828125
122691.984375
121806.78125
120921.4765625
120076.2734375
119341.6015625
118559.3828125
117828.78125
117100.265625
116420.171875
115741.9765625
115086.3515625
114473.5859375
113865.2890625
113297.5078125
112733.0390625
112191.6953125
111719.4453125
111214.8515625
110743.734375
110276.7109375
109843.8203125
109415.3515625
109003.4140625
108615.9375
108225.796875
107863.421875
107505.6171875
107162.375
106861.796875
106550.46875
106259.1015625
105967.125
105694.7578125
105426.0703125
105166.421875
104923.546875
104682.0390625
104455.0703125
104221.75
103997.1171875
103801.6484375
103594.0390625
103402.484375
103212.421875
103035.4140625
102860.0390625
102693.75
102539.3515625
102386.859375
102246.7109375
102109.296875
101978.90625
101867.640625
101752.859375
101649.0078125
101546.90625
101458.03125
101373.7578125
101293.9921875
101221.328125
101152.3125
101092.4453125
101034.6328125
