25400.0
25400.0
25400.0
25397.755859375
25337.041015625
25337.041015625
25337.041015625
25337.041015625
25337.041015625
25337.041015625
25337.041015625
25337.041015625
25337.041015625
25337.041015625
25337.041015625
25337.041015625
25337.041015625
25337.041015625
25337.041015625
25337.041015625
25337.041015625
31872.041015625
50425.8671875
67740.15625
83251.4375
96098.078125
107729.1953125
117841.3359375
125836.3671875
132243.71875
138148.515625
142594.921875
146094.109375
148563.1875
150581.640625
152099.609375
153055.46875
157129.515625
151882.96875
146607.75
142245.140625
138236.328125
134587.5625
132995.8125
130810.859375
128736.3671875
127063.8203125
125941.8125
125442.1875
125643.5390625
126228.171875
126936.2578125
127499.7890625
127974.609375
128290.9609375
128709.9609375
129256.234375
129772.609375
130165.453125
130327.1484375
130163.7734375
129687.7109375
128973.5859375
128206.0859375
127502.078125
126849.0
126108.6875
125382.484375
124629.5
123904.25
123165.140625
122443.03125
121762.515625
121076.8828125
120431.75
119783.0234375
119152.734375
118585.0859375
117942.1875
117343.3671875
116752.484375
116215.1328125
115694.6875
115192.734375
114720.59375
114245.2890625
113795.8671875
113342.2578125
112900.5625
112511.234375
112088.4296875
111689.421875
111289.140625
110912.609375
110532.3125
110162.03125
109814.015625
109465.171875
109136.5859375
108806.4453125
108485.1484375
108202.625
107899.46875
107613.8359375
107327.2734375
107058.765625
106788.0703125
106525.3984375
106278.5859375
106030.921875
105798.6640625
105566.125
105341.953125
105145.5859375
104935.1328125
104737.4375
104539.4296875
104353.46875
104167.1640625
103985.9921875
103816.4375
103648.3359375
103490.828125
103333.203125
