25400.0
25400.0
24058.916015625
22996.8671875
21806.322265625
20382.466796875
19461.07421875
18811.8515625
18921.541015625
19378.181640625
20004.4765625
21102.70703125
21957.853515625
22577.017578125
23096.994140625
23541.517578125
23954.763671875
24339.50390625
24676.029296875
24928.009765625
24867.193359375
24829.9609375
24819.044921875
24821.640625
24828.51171875
24834.30859375
24840.0546875
24877.298828125
25055.060546875
25595.388671875
26763.625
30003.80078125
35264.9375
41734.15234375
45892.109375
50027.51953125
55778.80859375
60125.18359375
64397.81640625
67997.515625
71133.390625
73844.6953125
76271.34375
78703.515625
80750.21875
82553.8125
84043.765625
85373.53125
86539.5234375
87559.15625
88502.4609375
89414.3515625
90275.21875
90988.6875
91540.796875
92075.5390625
92544.96875
92988.640625
93370.953125
93708.4453125
94009.1796875
94274.59375
94525.3359375
94794.171875
95055.703125
95281.4609375
95455.125
95619.34375
95755.1796875
95875.25
95975.1796875
96064.390625
96139.609375
96204.6953125
96281.171875
96354.3828125
96420.46875
96473.84375
96510.4296875
96537.4921875
96533.96875
96512.3046875
96499.8359375
96494.3046875
96492.890625
96491.75
96488.7578125
96482.9296875
96474.0234375
96461.4140625
96447.6484375
96416.5234375
96385.203125
96350.4921875
96315.2421875
96273.5859375
96220.859375
96167.5625
96112.765625
96059.96875
96005.9296875
95952.8828125
95905.9609375
95855.4296875
95802.84375
95744.8046875
95686.2421875
95625.859375
95563.3984375
95500.4375
95433.5625
95369.5078125
95303.0703125
95235.03125
95173.1484375
95104.359375
95037.2265625
94966.640625
94909.6328125
94872.75
94828.5546875
94789.015625
94752.8125
94720.15625
94688.9296875
