25400.0
25400.0
25248.5859375
24586.982421875
24705.16796875
24539.96484375
24484.9921875
24464.732421875
24463.822265625
24467.189453125
24471.33984375
24475.712890625
24480.015625
24484.005859375
24490.490234375
24501.12109375
24619.115234375
33094.39453125
46169.40625
62509.58203125
79870.6484375
95996.7890625
110620.7265625
116085.25
119145.21875
120889.8984375
121622.9453125
121733.171875
121535.25
120999.9609375
120318.703125
119382.4140625
118407.1328125
117468.921875
116567.875
115638.796875
114723.78125
114007.2734375
113673.78125
113334.28125
112934.75
112550.640625
112216.765625
111846.296875
111539.921875
111298.5
110925.6875
110457.890625
109908.0859375
109122.0625
108417.078125
107819.8046875
107270.703125
107766.7578125
108114.0859375
107872.3515625
107343.0703125
106760.6484375
106443.9375
106128.2734375
105918.9609375
105924.2421875
105884.78125
105917.8046875
105922.6953125
105785.78125
105651.921875
105568.828125
105578.5234375
105544.234375
105526.8359375
105533.3671875
105571.875
105638.9140625
105734.5
105845.15625
105974.3828125
106114.1875
106220.4296875
106340.109375
106467.609375
106615.390625
106757.046875
106895.65625
107010.828125
107062.625
107054.5625
107031.6015625
107000.4140625
106959.4921875
106912.4921875
106842.875
106762.8125
106670.140625
106571.3203125
106462.09375
106346.1484375
106228.9609375
106103.796875
105979.71875
105848.7265625
105714.8984375
105593.1171875
105479.921875
105388.0078125
105295.8828125
105202.6796875
105101.359375
104994.1875
104886.015625
104770.5546875
104655.875
104534.8671875
104411.734375
104299.9375
104174.7109375
104053.3046875
103927.859375
103806.71875
103681.6875
103557.171875
103437.1875
103313.859375
103195.484375
103074.0859375
