25400.0
25400.0
25157.109375
24619.54296875
24700.76171875
24358.890625
24137.7734375
24039.8046875
24023.8359375
24025.728515625
24039.16796875
24058.771484375
24083.841796875
24117.212890625
24164.841796875
24230.212890625
25761.40625
30522.99609375
39104.92578125
52413.47265625
68659.1171875
80740.3203125
87586.34375
93793.875
98644.78125
102185.9453125
104848.734375
107037.7890625
108585.4296875
109569.1328125
110164.4453125
110605.8203125
110922.515625
111071.2734375
111071.65625
110957.890625
110724.75
110861.5390625
110966.96875
111000.7578125
110976.3671875
110882.3828125
110751.3125
110568.0078125
110365.8203125
110130.125
109882.8515625
109659.3984375
109443.5703125
109218.1015625
108971.0390625
108751.4453125
108532.9453125
108316.015625
108119.828125
107909.453125
107763.0
107638.671875
107473.609375
107281.5625
107077.3828125
106877.7265625
106670.453125
106468.25
106260.2734375
106053.8515625
105867.46875
105664.6328125
105484.328125
105327.078125
105167.015625
104999.1015625
104634.1796875
104418.46875
104129.765625
103846.75
103565.3984375
103316.3828125
103107.203125
102867.734375
102943.4453125
103260.9375
103414.84375
103339.4453125
103139.09375
102892.6640625
102619.296875
102361.7265625
102143.3203125
102041.96875
101974.921875
101883.8203125
101770.8203125
101632.8203125
101523.109375
101498.625
101522.46875
101545.0546875
101541.25
101524.3828125
101513.796875
101504.5078125
101490.9375
101464.9296875
101426.71875
101372.9140625
101319.9453125
101280.3125
101264.609375
101269.0546875
101278.21875
101288.828125
101301.8046875
101313.8984375
101322.6015625
101330.5859375
101336.1796875
101342.78125
101349.03125
101356.453125
101364.2265625
101373.3125
101385.234375
101398.453125
101415.9765625
