25400.0
25400.0
25136.052734375
24759.029296875
24620.29296875
24481.228515625
24109.287109375
23986.9140625
23955.953125
23949.982421875
23951.380859375
23955.724609375
23961.1796875
23968.99609375
23978.390625
23989.263671875
24004.10546875
24023.80859375
24055.115234375
24101.4765625
24164.390625
24288.982421875
24461.421875
24806.837890625
25084.263671875
25194.0703125
25233.35546875
25250.16796875
25261.7890625
25271.857421875
25280.310546875
25287.41796875
25293.935546875
25299.380859375
25303.96484375
25308.00390625
25312.22265625
25313.8125
25316.548828125
25319.115234375
25318.80078125
25316.40234375
25376.349609375
25646.017578125
26278.36328125
27989.474609375
31118.67578125
35584.6171875
41235.953125
46936.03125
54052.04296875
61091.62890625
69002.8203125
77005.15625
85599.328125
93077.84375
100454.8984375
109199.1796875
117898.1171875
126277.890625
133865.140625
141568.375
149344.703125
156280.578125
162780.390625
168067.5
171418.359375
168893.140625
166640.1875
164000.28125
161364.1875
158464.6875
156165.0
153931.296875
151822.40625
150033.609375
148041.78125
146059.78125
143686.0625
141161.046875
140604.390625
139379.3125
137690.421875
136153.078125
134642.734375
133579.046875
132782.640625
132016.90625
131379.96875
131159.6875
130902.7734375
130622.296875
130377.1484375
130105.5546875
129842.2265625
129620.7265625
129458.59375
129364.4921875
129390.5859375
129408.6328125
129390.34375
129323.7265625
129118.7578125
128778.4921875
128481.15625
128171.5859375
127863.1953125
127513.3984375
127086.421875
126567.0546875
126017.0
125468.71875
124872.2265625
124273.9296875
123642.203125
122941.875
122317.640625
121649.78125
121020.234375
120369.1171875
119739.7421875
119101.296875
118478.7734375
117889.453125
117298.484375
116740.5859375
116180.125
