25400.0
25400.0
25400.0
25400.0
25400.0
25400.0
25400.0
25400.0
25400.0
25400.0
25400.0
25400.0
25400.0
25400.0
25400.0
25400.0
25400.0
25400.0
25400.0
25400.0
25400.0
25400.0
25400.0
25400.0
27085.087890625
46455.66015625
64039.1484375
78479.1015625
90584.3984375
99525.359375
108231.484375
115686.1171875
121895.8203125
126655.3828125
130754.875
134210.0625
136988.640625
139609.0625
141690.03125
143461.21875
144954.09375
146069.203125
147056.6875
147953.8125
148760.109375
149655.90625
150647.765625
151769.78125
155688.5625
156344.96875
153442.65625
159252.671875
154080.59375
151111.5
149102.421875
147768.90625
146677.46875
145908.390625
145083.40625
144115.9375
143074.828125
142027.171875
141126.59375
140102.015625
139037.078125
138077.171875
137080.109375
136184.59375
135309.53125
134498.390625
133703.3125
132954.703125
132272.0625
131610.328125
131025.3125
130510.5546875
130218.4296875
129975.7109375
129710.5
129476.4765625
129252.6328125
129042.328125
128820.8984375
128489.1796875
128029.015625
127646.34375
127316.75
127019.6796875
126731.8828125
126454.1015625
126127.2890625
125798.84375
125442.15625
125076.953125
124640.65625
124223.4609375
123834.1875
123420.46875
123010.9609375
122586.9609375
122152.1640625
121746.6875
121302.8828125
120872.2734375
120465.0234375
120139.1484375
119783.75
119407.84375
119034.0
118640.9453125
118268.0078125
117943.5859375
117631.09375
117381.828125
117148.8984375
116916.8828125
116672.703125
116433.0078125
116181.171875
115926.09375
115677.484375
115426.7890625
115189.296875
114944.1484375
