25400.0
25400.0
25105.708984375
24646.591796875
24490.78125
24227.685546875
24110.482421875
24083.86328125
24083.896484375
24087.828125
24092.396484375
24097.2578125
24103.8984375
24111.580078125
24120.86328125
24131.892578125
24147.724609375
24169.4453125
24199.150390625
24242.8671875
24305.560546875
24414.564453125
24560.1328125
24881.216796875
25103.9609375
25190.244140625
25224.568359375
25242.275390625
25256.587890625
25266.646484375
25275.201171875
25283.732421875
25289.94140625
25295.041015625
25300.234375
25300.763671875
25343.767578125
25615.87109375
26288.07421875
28110.158203125
31711.306640625
36267.8359375
41211.34765625
45931.05078125
49640.04296875
53438.390625
58818.64453125
64938.46875
72012.7265625
78763.6796875
86137.0625
94896.5
103352.03125
110974.9765625
118424.1171875
126990.6796875
135323.046875
143017.703125
150152.4375
157255.484375
164482.515625
170798.390625
171367.625
168741.78125
165912.890625
163047.78125
160772.28125
158244.84375
156139.578125
154126.484375
152109.234375
150052.765625
148093.203125
146350.640625
144324.9375
142378.125
140369.390625
138222.828125
136804.296875
136360.328125
135301.875
133765.40625
132523.140625
131236.765625
130325.890625
129694.4375
129052.421875
128439.1328125
127934.96875
127558.3671875
127366.59375
127463.109375
127482.1953125
127449.2890625
127403.5390625
127363.09375
127272.1484375
127171.0
127069.328125
126991.7265625
126986.0546875
126968.953125
126923.3359375
126829.859375
126692.7109375
126350.203125
126008.46875
125677.6796875
125352.4453125
125031.2109375
124680.0078125
124255.9921875
123765.59375
123252.890625
122779.65625
122235.5390625
121693.7578125
121123.3046875
120527.328125
119905.6640625
119303.765625
118737.0234375
118169.7734375
117617.1875
117050.7109375
