25400.0
25400.0
25396.796875
24884.021484375
24669.001953125
24737.53125
24777.15234375
24783.943359375
24787.13671875
24790.017578125
24792.923828125
24795.70703125
24798.23046875
24800.984375
24804.404296875
24806.142578125
24806.259765625
24881.208984375
36451.07421875
51886.2421875
68908.46875
84319.0625
99456.9140625
112479.8671875
123464.4921875
133176.8125
140340.59375
139452.09375
137999.28125
136327.765625
134190.359375
132065.078125
129897.7265625
127912.6875
125918.9453125
124058.0234375
122519.1640625
120801.5625
119320.171875
117997.2421875
116824.625
115982.5703125
114856.4140625
113836.03125
113250.9765625
113874.703125
114027.0625
113301.40625
112711.71875
112153.921875
111991.015625
111881.3046875
112021.875
112126.296875
112164.75
112302.4140625
112501.765625
112714.6171875
112944.5234375
113189.4375
113435.703125
113549.5390625
113704.7109375
113938.3828125
114222.828125
114518.6328125
114862.28125
115152.453125
115440.6328125
115679.3359375
115837.9140625
115841.0078125
115688.609375
115417.0859375
115118.4765625
114789.78125
114441.6875
114135.1484375
113847.0078125
113579.359375
113296.78125
113014.8828125
112714.6015625
112408.265625
112107.8828125
111794.4453125
111491.1484375
111177.8984375
110865.78125
110585.71875
110278.65625
109984.984375
109678.953125
109384.9296875
109086.484375
108794.2265625
108517.359375
108237.4296875
107972.625
107704.875
107443.2890625
107212.078125
106962.90625
106728.4453125
106493.1484375
106271.8359375
106033.6328125
105803.34375
105590.9140625
105383.15625
105189.09375
104994.9609375
104806.8203125
104640.5859375
104462.875
104294.75
104125.6953125
103965.96875
103805.171875
103648.2890625
103500.203125
103351.1796875
103211.5859375
103070.34375
