25400.0
25400.0
25277.25
24585.5703125
24682.3125
24192.291015625
23620.396484375
23358.10546875
23288.189453125
23298.0546875
23335.025390625
23408.4296875
23570.416015625
23880.2265625
24638.291015625
24944.142578125
25035.6953125
25067.353515625
25086.65625
25102.39453125
25136.330078125
25164.2734375
25180.822265625
25192.333984375
25200.6796875
25207.603515625
25214.021484375
25218.5390625
25222.619140625
25224.453125
25264.611328125
25659.5703125
26724.630859375
29935.904296875
35809.1328125
42313.640625
49180.1328125
55824.01953125
61555.8203125
66819.390625
70917.8828125
74705.109375
78145.9296875
80802.125
83437.3671875
85917.046875
88387.1171875
90429.8515625
92947.53125
97872.921875
102730.53125
109620.6328125
116185.6328125
117897.8125
119481.2734375
121053.6640625
122230.1328125
122948.921875
123429.9765625
123786.5234375
123874.515625
123812.78125
123657.1328125
123405.6953125
123105.546875
122867.3828125
122581.4921875
122281.1328125
121883.765625
121454.75
120975.0
120832.2734375
120744.8046875
120580.40625
120385.6640625
120168.5234375
119961.9609375
119830.984375
119641.8828125
119427.984375
119149.46875
118869.4921875
118567.4375
118266.4921875
117933.7109375
117509.8046875
117120.53125
116778.78125
116480.7578125
116196.703125
115935.28125
115708.078125
115462.8515625
115274.8046875
115177.421875
115041.546875
114867.4921875
114675.046875
114478.1484375
114266.7421875
114056.078125
113826.796875
113639.9921875
113364.5078125
113034.921875
112717.890625
112379.46875
112142.703125
112093.40625
112261.3515625
112306.375
112205.9921875
112042.7890625
111798.1640625
111500.6953125
111217.0859375
110984.1484375
110782.90625
110567.203125
110362.0703125
110221.1171875
110156.09375
110099.1640625
110013.3984375
109953.2265625
109900.265625
