25400.0
25400.0
25156.576171875
24704.85546875
24514.2109375
24312.59375
24285.326171875
24283.666015625
24286.25390625
24289.708984375
24293.49609375
24297.259765625
24300.802734375
24304.53125
24309.36328125
24315.146484375
24322.046875
24328.451171875
24336.98828125
24347.279296875
24361.001953125
24379.1171875
24406.416015625
24437.287109375
24478.51953125
24541.609375
24632.396484375
24742.3984375
25054.1171875
25189.869140625
25244.357421875
25264.986328125
25274.615234375
25281.966796875
25287.12109375
25288.263671875
25353.296875
25675.646484375
26375.15625
28344.599609375
32072.080078125
36190.28125
41183.171875
45723.12890625
49834.37890625
53179.75390625
56217.18359375
59084.21484375
63827.25390625
69261.6953125
74822.1171875
81124.71875
87859.25
94754.9609375
103044.2734375
110355.40625
117367.390625
124703.4609375
132649.953125
140410.5
147125.4375
153786.953125
160020.859375
166550.828125
172555.03125
172812.40625
170172.0
167560.875
164728.71875
162052.8125
159680.78125
157476.703125
155669.5
153638.84375
151696.078125
149747.609375
147957.546875
146155.265625
144164.359375
142323.78125
140458.65625
138445.609375
136608.78125
136322.078125
135456.53125
134109.234375
132889.921875
131623.734375
130636.421875
129898.2890625
129306.9140625
128720.171875
128144.0078125
127697.84375
127338.703125
127068.2734375
127151.828125
127194.0703125
127173.859375
127128.4453125
127081.234375
127019.6796875
126918.1484375
126815.390625
126710.9140625
126621.6875
126597.359375
126575.96875
126529.1171875
126442.03125
126316.390625
126020.0234375
125680.0625
125390.46875
125084.40625
124788.4609375
124473.1328125
124142.09375
123717.6015625
123257.046875
122796.2265625
122311.640625
121828.046875
121314.328125
