25400.0
25400.0
25048.984375
24695.798828125
24504.244140625
23929.48828125
23084.837890625
22828.11328125
22707.126953125
22707.638671875
22875.984375
23414.1171875
24319.81640625
24649.501953125
24738.7890625
24770.716796875
24795.12890625
24818.373046875
24849.125
24874.916015625
24894.185546875
24912.21875
24937.451171875
24977.458984375
25008.759765625
25034.240234375
25054.20703125
25070.3515625
25084.462890625
25096.330078125
25191.482421875
25535.283203125
26235.181640625
28688.142578125
33353.2265625
39550.0859375
45788.14453125
52386.3046875
58033.88671875
63113.78515625
67233.1875
71095.9453125
74655.6171875
78186.5
81884.953125
86304.921875
89006.0546875
92202.9140625
95303.3515625
98012.8671875
100408.6796875
102626.8046875
104738.84375
106370.5859375
107738.875
108900.171875
109910.9140625
110843.6640625
111550.515625
111967.890625
112293.3125
112532.1875
112840.203125
113083.09375
113261.125
113367.2734375
113407.859375
113387.96875
113746.984375
114077.5
114324.515625
114539.4375
114707.546875
114832.109375
114938.921875
115070.75
115147.640625
115165.8203125
115142.7265625
115092.65625
115024.59375
114923.71875
114807.4296875
114669.71875
114519.984375
114353.9765625
114173.28125
113923.5546875
113655.6875
113419.90625
113193.4375
112978.1015625
112788.6875
112665.765625
112592.46875
112481.796875
112351.2734375
112205.1875
112060.1640625
111923.734375
111786.5546875
111652.15625
111495.296875
111344.703125
111209.453125
111059.1015625
110911.765625
110761.3203125
110610.4453125
110478.75
110354.7734375
110238.6640625
110119.734375
110002.703125
109879.7265625
109753.5625
109636.0546875
109502.203125
109369.21875
109228.609375
109089.6171875
108943.484375
108798.6953125
108664.0859375
108547.015625
108439.1875
108410.8828125
