25400.0
25400.0
25400.0
25025.03515625
24897.76953125
24897.76953125
24897.76953125
24897.76953125
24932.95703125
24965.83984375
24972.8984375
24975.896484375
24978.080078125
24979.94921875
24982.5234375
24984.861328125
24986.373046875
24984.55078125
24985.974609375
27256.45703125
41965.7265625
58777.1953125
75740.6484375
91195.03125
104896.75
116618.703125
127373.125
135296.5
141554.53125
146560.359375
149107.078125
145595.296875
142421.765625
139221.734375
136195.5
133340.671875
130467.84375
127884.21875
125576.109375
123643.4453125
121665.6171875
119681.734375
118064.40625
117685.96875
117612.328125
116852.28125
116213.578125
115555.7421875
115440.546875
115596.71875
115615.609375
115607.6171875
115945.1484375
116357.71875
116743.7890625
117134.65625
117519.484375
117892.9453125
118123.4375
118440.5078125
118834.9765625
119268.3984375
119691.0
120046.1796875
120332.640625
120454.140625
120364.5390625
120061.2265625
119633.234375
119149.1328125
118670.578125
118242.8984375
117830.9921875
117426.4921875
116995.3203125
116569.34375
116125.3671875
115676.921875
115261.3984375
114804.078125
114367.4375
113923.8203125
113501.5546875
113074.1640625
112656.7578125
112262.4921875
111866.046875
111493.328125
111118.5
110753.8125
110432.5
110060.7890625
109714.6328125
109377.5
109065.8125
108755.671875
108456.09375
108174.421875
107891.5390625
107622.625
107348.265625
107081.34375
106845.4921875
106593.6484375
106357.3984375
106121.5078125
105902.96875
105686.0859375
105475.3828125
105276.28125
105075.5390625
104885.75
104694.6875
104507.8125
104342.703125
104164.15625
103996.1875
103827.1328125
103668.0546875
103508.609375
103352.7265625
103205.671875
103057.5078125
102917.4296875
102776.296875
