25400.0
25400.0
25400.0
25399.322265625
25327.474609375
25327.474609375
25327.474609375
25327.474609375
25327.474609375
25327.474609375
25327.474609375
25327.474609375
25327.474609375
25327.474609375
25327.474609375
25327.474609375
25327.474609375
25327.474609375
25327.474609375
25327.474609375
25327.474609375
26542.146484375
42741.62890625
60540.734375
76888.3359375
90764.9765625
102417.9453125
113728.5703125
123151.1171875
129998.6171875
136323.21875
141497.484375
145734.078125
148833.515625
151165.171875
152805.59375
153963.328125
156298.3125
150913.78125
146084.34375
141881.25
138544.625
134944.671875
131622.03125
130034.7265625
128504.0625
126572.765625
124848.4453125
123805.390625
123662.578125
123619.890625
123738.125
124180.3828125
124818.3125
125580.3515625
126203.1015625
126818.15625
127260.6875
127703.8828125
128250.0625
128839.609375
129344.09375
129702.71875
129809.1953125
129584.4921875
129159.515625
128460.359375
127747.8984375
127096.6953125
126474.515625
125801.6328125
125114.796875
124446.109375
123756.046875
123094.0625
122419.6328125
121758.609375
121175.546875
120545.484375
119950.8046875
119351.9375
118787.09375
118219.0234375
117627.6640625
117067.375
116513.8671875
116001.1953125
115494.5859375
115007.2109375
114590.0390625
114146.15625
113727.90625
113305.71875
112906.5390625
112503.7890625
112110.328125
111736.6484375
111358.5390625
111001.3203125
110641.671875
110290.3515625
109981.078125
109646.6015625
109332.59375
109016.3671875
108717.7265625
108416.7890625
108123.1484375
107846.2421875
107568.5078125
107306.5078125
107043.046875
106788.546875
106563.3046875
106321.7265625
106093.9609375
105864.265625
105648.5703125
105431.3046875
105219.8671875
105020.953125
104821.2265625
104633.78125
104445.6484375
