25400.0
25231.603515625
22546.166015625
21031.658203125
19807.32421875
18844.255859375
18376.560546875
18435.69140625
18939.966796875
19757.7890625
21122.4921875
22065.73828125
22773.34375
23354.873046875
23884.7109375
24332.640625
24753.4609375
25032.552734375
25011.869140625
25027.876953125
25057.572265625
25089.720703125
25116.75390625
25140.833984375
25162.154296875
25178.671875
25194.37109375
25204.849609375
25214.40625
25220.697265625
25225.2890625
25260.5859375
25392.326171875
25799.6640625
26986.783203125
30076.30859375
34694.9375
39981.23828125
44036.91015625
46950.94921875
49679.66015625
53695.14453125
56794.3671875
60233.5546875
63156.828125
66033.4296875
68549.9609375
70934.671875
73444.6796875
75620.8515625
77601.53125
79327.8359375
80992.96875
82602.09375
83957.0
85323.6953125
86538.3359375
87642.0625
88705.6484375
89794.875
90874.7734375
91880.109375
92861.7109375
93752.109375
94612.3828125
95413.3046875
96294.875
97503.65625
98602.6328125
99707.6015625
100718.2890625
101653.71875
102497.90625
103238.2265625
103930.625
104537.6484375
105109.9375
105635.390625
106069.1015625
106498.7421875
106871.1171875
107222.0625
107521.59375
107790.03125
108022.1328125
108215.9921875
108311.2109375
108521.53125
108711.9140625
108861.6015625
108968.28125
109058.6953125
109122.109375
109166.9609375
109196.15625
109211.1171875
109211.296875
109198.2109375
109170.625
109131.609375
109077.2109375
109010.21875
108958.9453125
108895.8359375
108826.84375
108747.7265625
108664.5625
108575.5703125
108483.0546875
108389.59375
108290.1875
108190.734375
108083.5625
107964.3671875
107853.328125
107729.71875
107609.21875
107485.8125
107369.0859375
107248.390625
107128.546875
107022.203125
106930.7109375
106846.0546875
106757.6015625
