25400.0
25400.0
25400.0
25181.705078125
25051.763671875
25051.76171875
25051.76171875
25051.76171875
25051.76171875
25051.76171875
25051.76171875
25051.76171875
25087.025390625
25101.91796875
25106.08984375
25109.068359375
25110.380859375
25111.275390625
25111.146484375
25109.177734375
25113.2578125
30606.68359375
46660.203125
63199.140625
79294.1171875
92842.984375
105010.703125
116281.9140625
125662.703125
132997.21875
138430.90625
143407.90625
147114.71875
149938.71875
151897.71875
153154.40625
148418.375
144401.1875
140265.859375
136733.234375
133537.328125
130623.703125
127934.75
125489.953125
124654.6953125
123349.5546875
121885.0625
120462.1640625
119921.328125
119887.671875
119936.5546875
119895.8984375
120201.7734375
120702.8671875
121201.515625
121707.1171875
122172.25
122565.765625
122871.640625
123281.40625
123760.4765625
124231.7578125
124616.65625
124881.6640625
124947.6640625
124751.671875
124401.4296875
123808.46875
123196.609375
122643.59375
122120.390625
121568.21875
120989.953125
120423.015625
119836.96875
119273.3515625
118699.859375
118134.359375
117634.421875
117094.3671875
116584.5859375
116072.328125
115589.578125
115077.46875
114574.6015625
114114.421875
113661.0546875
113238.375
112816.0625
112402.875
112035.140625
111643.9296875
111284.0078125
110923.2265625
110583.59375
110241.453125
109907.421875
109591.6875
109273.8203125
108972.5546875
108669.78125
108375.1328125
108114.875
107834.75
107569.8359375
107301.9765625
107049.265625
106794.6015625
106547.46875
106314.7578125
106080.5078125
105859.6953125
105637.8828125
105422.0859375
105232.203125
105028.3828125
104836.09375
104642.71875
104460.15625
104276.15625
104097.6015625
103929.1328125
103760.078125
103600.765625
103441.5859375
