25400.0
25400.0
25118.98046875
24732.197265625
24628.74609375
24529.474609375
24328.447265625
24292.451171875
24283.1953125
24282.1953125
24284.84765625
24288.73828125
24292.6796875
24296.76171875
24300.66796875
24304.384765625
24309.021484375
24315.14453125
24322.16796875
24329.76171875
24338.109375
24349.76953125
24364.6484375
24386.185546875
24417.02734375
24453.96875
24507.1953125
24584.421875
24700.095703125
24993.072265625
25156.685546875
25207.65234375
25212.083984375
25506.759765625
26278.943359375
28656.734375
33379.203125
39337.0703125
45656.796875
51590.3515625
56811.7421875
61183.55859375
65286.984375
68824.8359375
71570.0
74314.3046875
76731.3359375
79176.1796875
81119.5625
84578.953125
89162.7578125
94505.203125
101061.2734375
107722.3203125
115196.671875
123475.4921875
130103.09375
136779.921875
143716.5625
150840.46875
158006.296875
164441.046875
170354.984375
168924.84375
166356.3125
163999.15625
161388.5
158688.765625
156241.984375
153694.0
151631.609375
149468.1875
147474.46875
145668.3125
144223.765625
142512.015625
140661.53125
138916.6875
137120.859375
135140.546875
133847.21875
133386.640625
132446.671875
131098.296875
130011.3046875
128836.6015625
128063.71875
127518.359375
127054.0703125
126632.0859375
126273.046875
125971.5859375
125732.921875
125536.9453125
125406.2109375
125322.65625
125287.8984375
125343.734375
125622.9140625
125800.921875
125904.8671875
125958.2265625
125928.0078125
125842.7421875
125736.65625
125576.84375
125436.8515625
125338.828125
125230.96875
125082.0859375
124872.5234375
124515.765625
124098.7734375
123722.1328125
123351.46875
122985.8828125
122644.640625
122246.2421875
121800.171875
121304.8203125
120813.1015625
120299.765625
119781.515625
119269.0546875
118733.0859375
118185.5078125
117626.40625
