25400.0
25329.41015625
24799.623046875
21891.0390625
20154.734375
19929.958984375
20679.736328125
22021.142578125
22953.736328125
23731.49609375
24426.505859375
25004.935546875
24933.80859375
24920.056640625
24944.380859375
24982.3984375
25017.791015625
25054.234375
25085.38671875
25114.68359375
25138.619140625
25159.259765625
25178.09765625
25191.82421875
25204.732421875
25213.671875
25222.029296875
25227.62890625
25229.068359375
25253.224609375
25369.48046875
25733.375
26867.37109375
29673.564453125
33943.1875
38768.95703125
44459.8203125
49694.87109375
53092.5
56708.0
60055.55078125
63768.2109375
67038.3359375
70143.890625
72875.5234375
75599.515625
78353.5859375
80679.953125
82784.265625
84598.1484375
86433.078125
88104.9921875
89492.03125
90752.484375
92119.6328125
93448.8046875
94625.078125
95782.53125
96854.8046875
97791.5625
98663.296875
99472.796875
100241.984375
100959.328125
101613.0859375
102693.0234375
103604.59375
104445.703125
105177.296875
105857.1953125
106469.5625
107001.359375
107500.171875
107936.0234375
108351.4140625
108698.578125
108882.09375
109098.2578125
109470.2421875
109781.0546875
110017.4140625
110209.6015625
110360.6015625
110471.5
110551.9609375
110599.5625
110625.1640625
110636.5
110631.765625
110610.0
110581.3125
110552.421875
110526.1484375
110480.2109375
110414.8828125
110333.46875
110227.46875
110105.90625
109973.5390625
109834.5390625
109703.6953125
109554.546875
109433.984375
109324.9296875
109216.8046875
109097.203125
108974.203125
108856.6015625
108733.6328125
108619.5625
108504.7734375
108389.375
108284.6171875
108167.3125
108042.9453125
107902.828125
107767.34375
107629.375
107492.09375
107361.5625
107227.9375
107099.75
106969.3828125
