25400.0
25400.0
25400.0
25400.0
25400.0
25400.0
25400.0
25400.0
25400.0
25400.0
25400.0
25400.0
25400.0
25400.0
25400.0
25400.0
25400.0
25400.0
25400.0
25400.0
25400.0
25400.0
25400.0
34719.9375
53825.22265625
70787.2109375
85326.2265625
97076.328125
108201.71875
117273.9609375
124499.53125
131266.9375
136467.625
140761.875
144118.46875
146782.703125
148625.34375
149937.03125
150906.5625
151576.671875
154030.1875
156884.875
157287.921875
155386.71875
150136.921875
146554.703125
142964.71875
140151.953125
138320.90625
137185.515625
137617.546875
138360.515625
138943.5625
139300.671875
139741.671875
140251.109375
140490.65625
140374.015625
139833.171875
138897.078125
137782.6875
136689.0
135551.671875
134438.765625
133288.109375
132157.625
131159.859375
130087.390625
129081.4296875
128011.6875
127011.609375
126056.3203125
125155.5703125
124319.7890625
123486.90625
122703.9453125
121918.796875
121158.2578125
120487.9296875
119765.84375
119088.6796875
118409.2421875
117771.0
117134.1640625
116517.8203125
115937.53125
115357.6953125
114813.453125
114271.875
113746.796875
113284.9140625
112792.09375
112332.25
111872.625
111442.4140625
111011.359375
110587.3203125
110189.2734375
109792.703125
109421.5859375
109051.0625
108693.7421875
108379.25
108042.3359375
107725.3359375
107400.546875
107094.796875
106787.7265625
106490.390625
106212.765625
105935.234375
105675.015625
105416.0546875
105166.4375
104947.828125
104715.015625
104497.5703125
104281.2734375
104080.6875
103881.4296875
103689.9453125
103511.0703125
103333.015625
103166.984375
103001.5234375
