25400.0
24967.50390625
23413.583984375
22372.41015625
21047.466796875
19492.513671875
18458.58203125
18546.345703125
19119.7734375
20181.115234375
21447.298828125
22343.978515625
23030.55859375
23605.60546875
24130.76171875
24581.9765625
25004.546875
25031.439453125
25016.603515625
25026.03125
25044.44140625
25064.30078125
25102.017578125
25136.072265625
25160.96875
25180.11328125
25194.93359375
25205.5234375
25214.990234375
25261.599609375
25416.53125
25926.18359375
27553.072265625
31373.01171875
36388.18359375
42033.72265625
45234.09765625
48183.265625
51838.6015625
55550.08984375
59192.24609375
62479.19921875
65280.18359375
68097.5625
70533.84375
73223.484375
75536.2890625
77624.65625
79497.7578125
81216.8046875
82898.3359375
84394.0078125
85795.90625
87066.640625
88084.6875
89268.84375
90403.0859375
91527.640625
92553.25
93541.9609375
94462.765625
95290.734375
96469.453125
97703.75
98894.1171875
100083.515625
101041.5
101993.09375
102822.484375
103592.578125
104263.6640625
104891.0078125
105463.59375
105962.78125
106420.3125
106817.046875
107185.4140625
107503.96875
107754.625
107991.953125
108149.7421875
108333.3671875
108544.859375
108719.546875
108853.6640625
108952.515625
109026.9140625
109075.765625
109107.671875
109122.03125
109120.78125
109103.3046875
109071.53125
109023.328125
108962.296875
108899.9921875
108835.3828125
108765.4296875
108683.640625
108596.7734375
108504.4453125
108406.828125
108314.4375
108208.34375
108101.8359375
107983.453125
107858.75
107726.9609375
107594.828125
107467.1640625
107338.703125
107214.15625
107085.3671875
106971.515625
106884.9375
106791.421875
106697.8046875
106597.46875
106498.7421875
106395.140625
106296.6328125
106203.28125
106109.75
106021.21875
105931.4765625
