25400.0
25322.041015625
24658.892578125
24925.73046875
24050.9921875
23273.724609375
22537.880859375
22362.755859375
22433.916015625
22760.9375
24036.955078125
24474.267578125
24609.083984375
24683.51171875
24749.970703125
24810.689453125
24867.931640625
24917.47265625
24961.03515625
25005.607421875
25044.693359375
25092.478515625
25136.578125
25165.927734375
25185.859375
25201.7265625
25227.7890625
25358.91015625
25864.232421875
27605.078125
31752.08984375
37733.4453125
43683.4609375
50200.05859375
55607.66015625
60668.734375
64954.39453125
69261.0546875
74798.8125
81225.5078125
85722.5703125
89447.71875
92953.5234375
96369.875
99242.2734375
101740.9140625
103736.9453125
105523.125
106772.703125
107934.8046875
109135.4140625
110011.703125
110727.421875
111255.7421875
111638.7421875
111946.34375
112179.4375
112377.1875
112650.671875
113244.2265625
113662.2890625
113973.8671875
114202.953125
114364.7109375
114476.6953125
114414.6484375
114350.15625
114296.9609375
114353.453125
114459.828125
114460.7578125
114385.984375
114264.4375
114099.7109375
113915.65625
113727.6171875
113529.8515625
113345.453125
113155.4296875
112958.609375
112787.015625
112602.0703125
112415.3203125
112213.4296875
112010.953125
111806.5078125
111642.609375
111483.5
111302.1875
111107.609375
110889.078125
110670.5390625
110475.328125
110262.8515625
110055.390625
109836.1796875
109619.6171875
109386.8515625
109157.5859375
108940.453125
108719.859375
108509.484375
108296.2578125
108088.6171875
108218.421875
108239.640625
108120.2109375
107920.9765625
107690.3828125
107416.453125
107129.3515625
106882.2265625
106722.1328125
106575.875
106407.4453125
106224.75
106060.7734375
105980.9453125
105926.8046875
105857.8671875
105770.84375
105711.125
105670.3671875
105622.6015625
105554.75
105468.8359375
105363.59375
