25400.0
25400.0
25217.587890625
24552.6796875
24761.5390625
24421.443359375
24340.294921875
24324.75390625
24324.240234375
24327.42578125
24331.779296875
24336.41796875
24343.64453125
24352.984375
24363.23046875
24375.87890625
24420.06640625
27544.611328125
36766.1640625
49468.35546875
64849.54296875
81031.2109375
93381.609375
99453.6640625
104258.4140625
107883.3359375
110353.6796875
112427.7578125
113724.8828125
114405.4140625
114801.4765625
114957.2265625
115019.8203125
114919.171875
114678.0859375
114324.03125
113875.875
113382.8046875
112915.265625
112781.6171875
112660.2578125
112499.5546875
112276.46875
112029.5859375
111761.703125
111490.125
111201.78125
110961.5859375
110755.765625
110531.203125
110298.484375
110036.640625
109785.265625
109558.625
109306.8828125
109068.21875
108906.03125
108751.1796875
108547.8515625
108320.359375
108132.796875
107959.0546875
107669.984375
107362.78125
106866.296875
106413.890625
105976.140625
105604.9921875
105290.734375
105025.5625
104759.5
105129.8125
105478.75
105490.4609375
105248.546875
104884.2890625
104473.3046875
104140.734375
103966.375
103861.328125
103714.625
103517.2109375
103441.78125
103476.421875
103514.125
103504.4453125
103511.03125
103499.640625
103462.9375
103396.921875
103240.4140625
103099.828125
103008.5859375
102979.296875
102991.3828125
103030.6328125
103076.8828125
103120.9375
103155.0703125
103183.6015625
103211.3203125
103239.6171875
103279.75
103327.2890625
103380.3125
103423.0859375
103466.2265625
103511.296875
103558.9765625
103613.46875
103672.546875
103736.1015625
103798.8203125
103856.2421875
103917.4921875
103972.3359375
104013.390625
104016.90625
104012.71875
104009.8046875
104008.8046875
104010.4296875
104012.5234375
104013.8046875
