25400.0
25101.14453125
23537.361328125
22513.5625
20969.921875
19373.51171875
18400.138671875
18602.724609375
19379.919921875
20858.17578125
21872.193359375
22669.857421875
23350.94921875
23945.427734375
24502.32421875
24968.32421875
25091.37890625
25077.865234375
25091.509765625
25117.578125
25141.912109375
25164.619140625
25182.109375
25197.373046875
25208.619140625
25216.658203125
25223.865234375
25277.29296875
25544.830078125
26381.73828125
28748.390625
33453.31640625
39006.41015625
43613.9296875
46641.515625
49425.5390625
53613.171875
57061.84765625
60715.03515625
63925.30078125
67038.953125
69779.25
72301.90625
74975.359375
77227.578125
79284.28125
81135.4609375
82957.5703125
84613.34375
86068.421875
87312.6328125
88645.2890625
89956.0234375
91194.75
92250.296875
93333.671875
94305.296875
95225.578125
96172.703125
97589.6796875
98936.046875
100120.59375
101211.40625
102154.0234375
103024.0078125
103802.125
104442.6171875
105085.0078125
105641.15625
106150.4765625
106597.9296875
106999.34375
107345.875
107560.8125
107843.453125
108149.140625
108403.4453125
108606.578125
108753.890625
108878.3515625
108963.3046875
109026.8125
109065.125
109079.65625
109070.0546875
109042.6484375
109000.734375
108972.71875
108932.6171875
108881.7734375
108824.6953125
108748.53125
108663.15625
108560.453125
108449.4609375
108316.7109375
108178.7421875
108040.984375
107893.9453125
107749.6328125
107610.8203125
107500.75
107404.671875
107293.65625
107178.8359375
107051.4921875
106923.0546875
106794.5
106668.96875
106552.640625
106435.765625
106324.015625
106212.671875
106101.8671875
106004.546875
105899.0390625
105798.0546875
105694.46875
105594.8515625
105492.46875
105392.109375
105296.7265625
105253.703125
105220.1015625
105167.015625
