25400.0
25400.0
25400.0
25092.408203125
24877.255859375
24877.255859375
24877.255859375
24912.82421875
24949.55859375
24957.609375
24960.830078125
24963.08203125
24964.9765625
24966.7578125
24969.017578125
24971.552734375
24973.009765625
24973.734375
24971.19921875
24979.01171875
29716.8046875
44805.890625
60457.62109375
76314.3125
90038.3671875
102769.859375
113571.2578125
124090.84375
132428.90625
138491.8125
143732.078125
147824.921875
149464.109375
146324.015625
143278.859375
140302.953125
137458.6875
134760.078125
132219.0
129634.15625
127296.6328125
125407.578125
123635.984375
121860.1875
120030.5
118442.796875
118068.8984375
117878.8984375
117358.1953125
116716.8671875
116102.1484375
115805.078125
115667.7578125
115863.3046875
115964.2109375
115978.921875
116246.578125
116629.5078125
117046.296875
117461.3046875
117816.375
118183.40625
118528.5546875
118759.6953125
119054.3046875
119372.9375
119780.109375
120198.0703125
120553.0390625
120853.2421875
121067.5859375
121127.828125
120998.8984375
120701.2421875
120287.09375
119821.453125
119347.0546875
118968.7109375
118574.1875
118188.0703125
117781.765625
117380.7109375
116960.9609375
116538.3828125
116117.796875
115684.921875
115270.4453125
114847.9609375
114432.109375
114062.453125
113660.515625
113279.921875
112895.828125
112533.90625
112168.953125
111805.0546875
111442.1484375
111084.96875
110756.71875
110431.5703125
110116.75
109840.3671875
109543.0078125
109262.25
108980.2421875
108713.75
108445.671875
108178.3828125
107925.359375
107669.4375
107428.1484375
107186.6953125
106957.6953125
106756.21875
106539.1796875
106334.078125
106126.8984375
105931.4453125
105733.484375
105540.1015625
105356.5625
105170.7421875
104995.15625
104817.484375
