25400.0
25400.0
25400.0
25313.64453125
25197.287109375
25197.287109375
25197.287109375
25197.287109375
25197.287109375
25197.287109375
25197.287109375
25197.287109375
25197.287109375
25197.287109375
25197.287109375
25197.287109375
25197.287109375
25197.287109375
25197.287109375
25197.287109375
25197.287109375
28368.134765625
44340.734375
61666.76171875
78406.6640625
92162.9140625
104466.46875
115839.1328125
125264.875
132577.953125
138160.8125
143261.71875
147069.265625
149934.0625
151924.609375
153358.28125
154223.828125
149160.21875
144362.703125
140316.78125
136689.171875
133193.796875
130153.9296875
128416.3671875
127007.453125
125115.4609375
123550.0625
122451.5859375
122299.8046875
122286.078125
122334.4296875
122707.40625
123380.421875
124111.609375
124665.65625
125262.390625
125671.3828125
126113.6328125
126631.0859375
127222.640625
127689.15625
128007.109375
128074.03125
127836.328125
127340.8359375
126632.7890625
125997.203125
125354.609375
124726.3515625
124053.78125
123393.9765625
122710.5625
122031.4140625
121382.09375
120723.1171875
120099.9765625
119473.203125
118863.0625
118325.375
117746.6640625
117157.109375
116581.21875
116053.296875
115528.6171875
115014.765625
114531.5234375
114058.015625
113622.328125
113186.65625
112762.8125
112389.8203125
111985.1484375
111603.5
111218.7421875
110854.859375
110488.546875
110130.2109375
109792.59375
109453.0390625
109134.0625
108812.5859375
108499.59375
108223.1640625
107925.9609375
107646.7890625
107366.2265625
107101.953125
106836.46875
106577.828125
106334.40625
106091.0390625
105862.078125
105632.0390625
105409.0625
105212.6328125
105000.8671875
104801.4375
104600.7109375
104411.84375
104222.5703125
104039.921875
103867.6328125
103695.8359375
103534.8671875
103373.953125
