25400.0
25400.0
25400.0
25073.529296875
24599.458984375
24622.998046875
24462.65234375
24432.43359375
24424.044921875
24425.376953125
24428.451171875
24431.830078125
24435.322265625
24438.6875
24441.84375
24444.970703125
24448.314453125
24451.423828125
24455.173828125
24458.908203125
24463.46875
24468.369140625
24474.216796875
24481.056640625
24489.626953125
24500.48828125
24514.33203125
24534.197265625
24555.35546875
24584.146484375
24625.486328125
24680.02734375
24758.986328125
24849.7265625
25121.642578125
25239.419921875
25277.185546875
25459.88671875
25924.509765625
27378.01171875
30056.240234375
34576.84765625
39468.49609375
44020.29296875
48422.84375
51995.63671875
55177.14453125
58141.94921875
63191.60546875
68997.953125
74852.25
81458.8203125
88282.203125
97039.546875
104881.4921875
111736.9921875
119861.734375
128082.5859375
136330.15625
143681.96875
150782.125
157772.203125
164515.71875
170769.28125
176196.015625
180731.1875
182873.671875
179366.234375
175714.3125
172167.6875
169045.6875
166077.859375
162970.65625
160140.796875
157067.875
154087.78125
151479.59375
148586.3125
146350.84375
145377.15625
143523.625
141650.046875
139707.5
138410.0
137418.90625
136429.28125
135615.640625
134940.71875
134702.1875
134572.1875
134386.9375
134215.65625
134002.1875
133763.375
133533.390625
133319.515625
133155.453125
133054.609375
132936.359375
132750.375
132415.484375
131886.0625
131398.65625
130979.1796875
130510.2734375
130022.4140625
129425.921875
128786.0703125
128100.25
127403.0078125
126702.625
125962.078125
125204.2578125
124395.5859375
123612.625
122922.2265625
122178.9453125
121461.0078125
120734.625
120051.5859375
119362.359375
118689.8359375
118057.3203125
117422.2890625
116822.078125
116219.6953125
