25400.0
25400.0
25400.0
25400.0
25400.0
25400.0
25400.0
25400.0
25400.0
25400.0
25400.0
25400.0
25400.0
25400.0
25400.0
25400.0
25400.0
25400.0
25400.0
25400.0
40553.17578125
58942.80859375
76906.7265625
91008.328125
103436.15625
114271.875
122941.78125
130525.0234375
136418.125
140581.5
144256.296875
146926.453125
148847.15625
150080.875
150990.078125
154759.71875
156542.28125
155419.359375
148076.640625
144880.5
141112.71875
138030.84375
135829.828125
134144.609375
133989.453125
134833.65625
135651.0625
136099.015625
136621.359375
137170.96875
137409.828125
137261.3125
136642.734375
135744.296875
134640.859375
133507.328125
132324.375
131174.578125
129996.3984375
128849.9453125
127774.78125
126628.6328125
125589.78125
124604.9296875
123654.4765625
122828.7578125
121953.15625
121136.46875
120322.375
119559.828125
118799.4765625
118064.7734375
117374.5859375
116686.4453125
116043.03125
115400.6171875
114781.6875
114241.9296875
113664.234375
113123.3046875
112585.0625
112083.5859375
111585.328125
111104.96875
110655.71875
110202.8828125
109780.9140625
109362.1171875
108959.078125
108608.890625
108235.1328125
107885.734375
107542.0703125
107222.109375
106901.7265625
106591.78125
106299.5859375
106006.7265625
105733.4921875
105452.2421875
105178.1875
104938.6640625
104683.015625
104444.265625
104206.78125
103983.8203125
103764.8515625
103555.0546875
103359.765625
103165.3359375
102983.9921875
102804.90625
102632.9140625
102481.734375
102321.9140625
102173.765625
102026.9453125
101892.28125
101759.75
101632.2734375
101514.4765625
101397.9296875
101290.15625
101183.1640625
