25400.0
25400.0
25400.0
25399.572265625
25399.125
25397.515625
25395.966796875
25394.802734375
25393.9296875
25393.3359375
25392.916015625
25392.634765625
25392.453125
25392.330078125
25392.251953125
25392.125
25391.916015625
25391.62109375
33871.32421875
53231.453125
72274.7578125
87735.46875
101607.5703125
113048.4765625
122336.9609375
129858.4296875
135627.0
140240.078125
143623.796875
145804.484375
147463.3125
148638.78125
151353.953125
154458.96875
154858.0625
148410.078125
144488.265625
140085.453125
136940.75
134790.46875
133792.828125
134158.796875
134456.53125
134728.0
135088.375
135173.875
134867.765625
134089.828125
133099.25
131875.3125
130671.8515625
129418.515625
128174.5078125
127076.0859375
125900.8515625
124743.9921875
123637.3046875
122654.9375
121678.546875
120730.6953125
119855.1953125
118989.3046875
118184.453125
117386.2734375
116618.7890625
115951.1484375
115239.671875
114575.0234375
113916.1875
113304.59375
112697.1484375
112116.71875
111578.2578125
111043.390625
110544.609375
110051.2109375
109577.4453125
109163.640625
108725.1796875
108318.8515625
107915.828125
107542.8046875
107179.15625
106830.25
106503.6015625
106179.1796875
105876.6640625
105576.109375
105286.7890625
105035.890625
104771.5625
104523.5703125
104277.03125
104039.46875
103803.0078125
103575.8046875
103364.390625
103156.3671875
102964.6484375
102774.3203125
102592.328125
102434.8046875
102268.2734375
102114.4375
101963.1875
101823.359375
101688.0390625
101559.6796875
101442.1953125
101332.9140625
101235.0078125
101140.828125
101052.109375
100976.328125
100897.6953125
100826.2109375
100759.0078125
100698.921875
100643.359375
100596.0546875
100558.0546875
100524.2109375
100495.1640625
100464.4140625
