25400.0
25400.0
25400.0
25399.79296875
25399.529296875
25398.73046875
25397.96875
25397.3984375
25396.97265625
25396.681640625
25396.4765625
25396.33984375
25396.251953125
25396.19140625
25396.154296875
25396.08984375
25395.986328125
25395.83984375
34052.84375
53447.40625
72513.6484375
87938.875
101798.171875
113214.9765625
122483.90625
129982.25
135737.84375
140337.328125
143704.359375
145872.625
147524.15625
148699.953125
151516.1875
154504.140625
154779.984375
148309.875
144347.734375
139958.1875
136900.609375
134769.015625
133781.59375
134179.9375
134484.84375
134771.859375
135139.015625
135223.734375
134909.953125
134119.1875
133125.84375
131898.515625
130693.8203125
129436.828125
128190.7421875
127090.84375
125914.609375
124754.4453125
123649.046875
122666.4453125
121688.1171875
120738.8828125
119863.796875
118997.4609375
118192.203125
117393.015625
116623.921875
115957.8671875
115245.078125
114580.2890625
113919.3515625
113307.7421875
112699.875
112120.140625
111581.0859375
111045.7265625
110547.203125
110052.5390625
109578.5859375
109164.7890625
108726.5078125
108319.390625
107916.1328125
107542.2109375
107180.0703125
106830.2578125
106503.4453125
106179.1328125
105876.296875
105575.03125
105286.4296875
105034.609375
104769.828125
104521.328125
104275.4765625
104036.6796875
103799.921875
103571.6640625
103360.8046875
103152.4765625
102959.6015625
102769.6953125
102587.578125
102430.1796875
102263.0859375
102110.5234375
101958.25
101818.609375
101682.6953125
101554.2421875
101437.1875
101328.1484375
101229.8359375
101135.5078125
101046.2578125
100970.7109375
100892.171875
100820.859375
100753.2265625
100692.96875
100637.1640625
100589.1171875
100550.7109375
100516.6328125
100487.1953125
100454.703125
