25400.0
25400.0
25400.0
25399.68359375
25399.44140625
25398.90625
25398.35546875
25397.328125
25396.564453125
25395.99609375
25395.609375
25395.3359375
25395.154296875
25395.037109375
25394.95703125
25394.904296875
25394.865234375
25394.7421875
25394.642578125
27372.51953125
45401.03125
64601.6640625
82233.5625
96520.875
109787.015625
119759.40625
128460.3671875
135252.5
140529.59375
144466.3125
147296.484375
149464.453125
150818.984375
152737.125
156816.9375
153467.0625
146474.6875
141614.578125
138565.421875
135269.75
132615.390625
130936.6484375
130027.2734375
130695.6484375
131501.078125
132227.09375
132629.53125
133212.484375
133777.734375
134058.53125
133912.8125
133304.515625
132341.296875
131274.515625
130306.3359375
129211.5234375
128151.234375
127062.65625
126036.3828125
125010.890625
124022.609375
123039.9140625
122090.8984375
121221.8515625
120373.71875
119565.234375
118862.3359375
118114.578125
117415.96875
116715.6328125
116060.9921875
115406.7265625
114773.3828125
114181.40625
113591.9921875
113039.8125
112488.6875
111958.578125
111495.3203125
110999.75
110537.09375
110077.734375
109650.1171875
109225.3515625
108815.1875
108431.2890625
108048.53125
107692.1953125
107339.0078125
106998.40625
106699.0390625
106380.3203125
106085.09375
105791.2421875
105516.9609375
105244.546875
104982.265625
104737.109375
104492.9921875
104264.328125
104040.8671875
103825.0859375
103634.8515625
103431.5234375
103242.4921875
103054.984375
102879.0390625
102698.4296875
102525.40625
102364.8203125
102205.9296875
102057.96875
101911.8125
101773.2265625
101652.90625
101527.15625
101411.375
101297.546875
101192.390625
101089.3203125
100992.1484375
100901.7578125
100808.7734375
100717.40625
100628.296875
