25400.0
25400.0
25400.0
25346.40234375
25346.40234375
25346.40234375
25346.40234375
25346.40234375
25346.40234375
25346.40234375
25346.40234375
25346.40234375
25346.40234375
25346.40234375
25346.40234375
25346.40234375
25346.40234375
25346.40234375
40751.97265625
59448.36328125
78182.640625
92578.3671875
106255.984375
117158.0234375
126034.1484375
133130.0
138375.484375
142663.65625
145662.09375
147597.953125
149061.578125
151316.859375
155008.921875
152641.03125
145190.921875
141282.421875
137597.6875
134185.34375
132059.296875
130348.6328125
130059.4140625
130591.2578125
131100.890625
131404.09375
131882.34375
132217.03125
132274.25
131888.4375
131107.71875
130128.3359375
129064.3046875
127952.59375
126828.484375
125819.875
124730.28125
123710.5859375
122631.8515625
121654.015625
120740.8046875
119876.0546875
119053.8828125
118233.546875
117474.4765625
116721.3671875
115999.21875
115367.4765625
114696.015625
114071.5234375
113450.3359375
112869.390625
112290.1328125
111735.953125
111219.1171875
110705.421875
110229.421875
109757.3046875
109303.6171875
108907.953125
108486.6484375
108095.0234375
107703.6171875
107339.65625
106979.7578125
106635.265625
106314.578125
105997.2265625
105703.4453125
105412.5
105136.5234375
104896.0078125
104638.5234375
104398.625
104160.234375
103938.0546875
103719.0625
103508.796875
103312.6953125
103117.1953125
102934.8046875
102752.4453125
102577.9453125
102426.8046875
102267.1953125
102119.2109375
101969.5703125
101827.609375
101688.7109375
101555.3671875
101431.578125
101309.859375
101197.734375
101088.625
100985.6875
100897.109375
100805.8984375
100723.03125
100642.7109375
100571.0390625
100504.4375
100444.609375
100390.3515625
100337.75
100291.28125
100247.625
