25400.0
25400.0
25400.0
25395.38671875
25386.78515625
25386.025390625
25381.638671875
25376.345703125
25373.509765625
25371.90625
25371.041015625
25370.546875
25370.271484375
25370.12109375
25370.033203125
25369.986328125
25369.958984375
25369.384765625
25368.10546875
25366.978515625
27600.1328125
45338.3984375
62984.8984375
80389.484375
94218.484375
106651.3828125
117134.7421875
125611.0234375
132936.359375
138577.1875
142509.140625
145743.46875
148252.375
150058.984375
151203.8125
153943.578125
156878.703125
153117.875
146502.828125
141953.40625
139016.78125
135825.90625
133378.40625
131622.703125
130263.6640625
130359.578125
131150.46875
131997.40625
132673.28125
133085.296875
133648.359375
134139.625
134365.859375
134217.65625
133736.0
132850.3125
131903.640625
130838.9921875
129804.171875
128727.609375
127660.5625
126649.953125
125612.515625
124604.9453125
123631.9296875
122732.75
121965.140625
121130.3125
120349.6484375
119575.1328125
118851.84375
118131.3203125
117435.84375
116783.515625
116133.578125
115524.3046875
114913.9296875
114324.875
113810.0234375
113259.0859375
112743.9609375
112229.3203125
111749.5078125
111270.7265625
110807.8828125
110376.1640625
109946.9140625
109545.15625
109140.6640625
108750.390625
108409.1875
108047.0
107709.3515625
107375.25
107063.046875
106752.578125
106451.1640625
106173.6484375
105897.4765625
105637.25
105377.3203125
105125.4609375
104905.1796875
104669.8125
104449.0625
104228.1796875
104021.3359375
103814.4375
103614.015625
103426.4921875
103236.3046875
103053.71875
102873.8203125
102700.671875
102549.5625
102388.6640625
102238.453125
102088.375
101948.671875
101809.1640625
101675.3828125
101550.8515625
101428.2265625
101315.03125
101203.7109375
