25400.0
25400.0
25400.0
25318.52734375
25263.32421875
25263.32421875
25263.32421875
25263.32421875
25263.32421875
25263.32421875
25263.32421875
25263.32421875
25263.32421875
25263.32421875
25263.32421875
25263.32421875
25263.32421875
25263.32421875
25263.32421875
30495.955078125
48563.8515625
65376.921875
82073.0390625
95643.0546875
107958.71875
118171.3359375
126492.78125
133678.984375
139179.21875
143019.296875
146108.1875
148470.1875
150259.359375
151392.6875
155415.3125
154847.546875
148449.0
142733.0625
138870.609375
136208.5625
133360.40625
131060.15625
129394.2890625
128108.8359375
128132.4609375
128855.765625
129706.125
130459.6484375
130867.3671875
131338.0625
131874.484375
132257.890625
132375.203125
132174.953125
131595.90625
130779.5234375
129834.6640625
128871.34375
127875.6171875
126876.0625
125916.21875
124946.9140625
123987.7734375
123032.2578125
122136.015625
121377.046875
120591.6171875
119851.96875
119100.9453125
118398.9140625
117700.1875
117027.9921875
116399.4609375
115772.765625
115184.6953125
114597.71875
114031.078125
113533.171875
112999.5546875
112502.28125
112004.421875
111538.3125
111072.9296875
110624.3359375
110206.03125
109788.0
109397.3203125
109006.96875
108629.0
108296.1640625
107941.75
107611.4375
107282.2734375
106975.1015625
106669.8046875
106376.1875
106102.34375
105829.9375
105573.5
105321.125
105077.2109375
104863.671875
104634.5625
104420.15625
104205.765625
104005.53125
103804.7578125
103611.03125
103429.515625
103248.6015625
103078.7734375
102908.984375
102745.3359375
102601.1484375
102448.5390625
102305.328125
102162.0078125
102028.0546875
101893.7578125
101762.3671875
101635.890625
101509.203125
101391.8046875
101275.359375
