25400.0
25400.0
25400.0
25392.912109375
25388.333984375
25381.8828125
25378.236328125
25376.396484375
25375.41796875
25374.919921875
25374.650390625
25374.5078125
25374.43359375
25373.630859375
25372.6640625
25371.259765625
25370.267578125
25370.267578125
41243.3125
60130.11328125
78965.84375
93338.7734375
106972.9296875
117792.8359375
126616.1328125
133645.390625
138828.90625
143061.296875
146004.921875
147895.78125
149318.75
151813.828125
155254.40625
152979.875
145314.03125
141668.671875
137942.71875
134560.53125
132441.3125
130782.2890625
130805.5625
131415.28125
131967.59375
132364.5
132900.3125
133192.578125
133141.296875
132609.25
131705.0
130641.171875
129536.5546875
128380.375
127221.5234375
126185.375
125073.2578125
124015.4375
122920.75
121950.1015625
121027.3203125
120134.4140625
119292.5625
118462.828125
117692.5078125
116927.796875
116192.1796875
115550.1015625
114868.9765625
114232.2265625
113597.6328125
113005.8515625
112419.359375
111854.4921875
111329.078125
110810.90625
110327.40625
109847.7109375
109386.1015625
108984.2890625
108557.296875
108159.5
107762.5625
107395.40625
107031.640625
106683.546875
106359.578125
106038.328125
105743.109375
105451.296875
105170.9296875
104925.5625
104664.7890625
104421.6484375
104179.3515625
103953.6015625
103731.390625
103518.5
103319.3046875
103121.15625
102935.671875
102750.578125
102568.1484375
102408.0703125
102240.640625
102085.2421875
101932.9296875
101789.75
101650.7109375
101517.171875
101394.4140625
101272.8046875
101162.046875
101053.5859375
100951.40625
100864.4375
100773.765625
100692.75
100613.3125
100544.875
100481.3984375
100422.234375
100369.0390625
100317.8125
100271.3515625
100227.7421875
