25400.0
25400.0
24658.3984375
24831.283203125
24732.626953125
24272.701171875
23578.626953125
23208.736328125
23070.099609375
23077.90234375
23140.310546875
23290.16796875
23577.328125
24370.771484375
24802.646484375
24953.62890625
25001.33203125
25024.052734375
25043.333984375
25060.552734375
25079.197265625
25094.74609375
25132.068359375
25155.228515625
25169.41796875
25179.34375
25187.130859375
25193.98828125
25200.169921875
25205.232421875
25209.560546875
25214.06640625
25220.3671875
25226.37890625
25263.3125
25574.646484375
26318.978515625
28576.365234375
32896.6484375
38315.67578125
43675.3984375
49533.5
54534.2734375
58530.6328125
62640.33984375
65885.984375
69246.0390625
71973.9296875
74369.34375
77469.6953125
82703.421875
88045.203125
94051.953125
101075.7578125
108156.875
112667.921875
115040.328125
117197.2578125
118899.2578125
120187.703125
121271.3671875
122205.6640625
122730.7578125
122944.390625
123093.1796875
123252.203125
123368.2578125
123368.4765625
123293.7578125
123150.3515625
122922.6015625
122636.390625
122280.453125
121876.1640625
121462.0390625
121461.4296875
121448.0859375
121460.578125
121431.28125
121340.328125
121183.0
120999.3984375
120777.265625
120537.71875
120267.5390625
119977.5546875
119684.453125
119353.34375
118956.28125
118569.953125
118218.1640625
117924.3515625
117612.140625
117318.9375
117055.4765625
116901.125
116716.6328125
116511.140625
116303.25
116085.8515625
115874.5703125
115655.1640625
115434.2578125
115233.8359375
115010.7265625
114793.15625
114565.296875
114345.3828125
114125.4453125
113909.3046875
113709.1171875
113516.3125
113375.4921875
113155.921875
112900.203125
112643.84375
112355.46875
112073.3984375
111781.90625
111692.203125
111882.59375
111926.59375
111951.921875
111807.96875
111595.1640625
111331.640625
