25400.0
25400.0
25400.0
25395.123046875
25392.376953125
25387.859375
25385.302734375
25384.013671875
25382.75390625
25381.09765625
25379.546875
25378.32421875
25377.44921875
25376.814453125
25376.392578125
25375.701171875
25375.10546875
25374.03125
40200.4609375
59413.35546875
78208.2578125
92600.96875
106189.84375
117180.046875
126067.8125
133165.890625
138399.046875
142676.546875
145691.734375
147617.90625
149085.671875
151013.359375
155009.75
155722.296875
147430.359375
143515.75
139552.53125
136019.75
133809.859375
132190.4375
132325.15625
132947.0625
133476.8125
133917.203125
134432.5625
134616.953125
134386.6875
133668.34375
132692.4375
131507.296875
130309.734375
129060.71875
127826.796875
126736.9296875
125526.21875
124387.9453125
123318.140625
122353.5703125
121385.5546875
120446.515625
119578.4921875
118721.8203125
117926.828125
117134.8046875
116374.375
115714.5078125
115011.5703125
114352.9375
113702.0625
113095.6640625
112494.1015625
111919.7421875
111387.265625
110857.9453125
110364.9609375
109870.1484375
109396.5078125
108988.21875
108556.375
108156.65625
107758.625
107395.5703125
107034.921875
106687.140625
106362.625
106040.8984375
105740.6015625
105442.59375
105156.2109375
104906.1015625
104640.6640625
104392.3359375
104146.90625
103919.359375
103689.375
103464.078125
103253.2890625
103043.8046875
102848.03125
102654.078125
102467.90625
102308.6640625
102140.2890625
101985.1875
101831.5703125
101688.984375
101549.328125
101415.65625
101292.109375
101171.1640625
101059.1484375
100953.8359375
100855.4140625
100770.6015625
100682.65625
100602.6328125
100526.90625
100458.0625
100391.1015625
100328.375
100271.3671875
100217.2578125
100168.4375
100123.765625
