25400.0
25400.0
25400.0
25396.86328125
25391.724609375
25383.8125
25379.046875
25376.494140625
25375.05078125
25374.271484375
25373.828125
25373.580078125
25373.4453125
25373.365234375
25373.322265625
25372.8046875
25372.015625
25370.81640625
25369.861328125
25368.38671875
37446.078125
56059.13671875
73835.703125
88342.5703125
100936.9140625
111966.625
120829.6171875
128638.984375
134734.40625
139111.546875
142984.921875
145804.015625
147832.078125
149229.890625
150237.828125
153081.484375
155790.046875
154450.5
147555.578125
143301.765625
140049.1875
137005.78125
134342.484375
132637.921875
131308.796875
131428.140625
132057.546875
132581.203125
132874.734375
133325.640625
133739.21875
133938.84375
133814.484375
133370.921875
132530.078125
131599.484375
130584.875
129592.3671875
128553.4375
127516.8359375
126530.890625
125540.3984375
124612.0625
123622.859375
122697.828125
121920.4296875
121106.3203125
120333.8671875
119565.53125
118851.421875
118140.5
117453.234375
116808.8515625
116163.875
115561.484375
114959.8203125
114376.6875
113864.9453125
113317.21875
112804.84375
112292.5
111814.6875
111339.84375
110881.3984375
110452.609375
110023.203125
109622.515625
109222.78125
108838.25
108501.5546875
108142.890625
107802.7421875
107466.09375
107152.484375
106840.984375
106540.609375
106258.7578125
105979.859375
105716.1953125
105459.5703125
105211.0390625
104993.984375
104760.65625
104542.03125
104323.390625
104118.6171875
103914.578125
103718.3984375
103535.625
103351.6171875
103178.84375
103001.5390625
102828.9921875
102677.796875
102516.734375
102366.3359375
102218.34375
102081.4921875
101946.4375
101816.5390625
101696.046875
101576.421875
101466.265625
101356.9375
