25400.0
25400.0
25400.0
25338.556640625
25289.642578125
25289.640625
25289.640625
25289.640625
25289.640625
25289.640625
25289.640625
25289.640625
25289.640625
25289.640625
25289.640625
25289.640625
25289.640625
25289.640625
25289.640625
30112.919921875
48363.3671875
65303.3203125
82060.2578125
95645.296875
107952.1328125
118183.2421875
126512.9140625
133700.140625
139202.4375
143042.5625
146133.25
148494.140625
150280.953125
151412.03125
155351.5
155762.15625
149156.171875
143302.484375
139472.296875
136667.875
133764.734375
131515.25
129882.9921875
128621.6640625
128731.7578125
129471.9609375
130333.9765625
131120.953125
131500.3125
132017.015625
132573.890625
132915.40625
132961.078125
132681.296875
132012.453125
131174.78125
130167.546875
129169.875
128144.3125
127121.46875
126141.1796875
125150.171875
124156.140625
123199.078125
122299.375
121547.9140625
120754.2578125
119992.875
119231.5625
118523.546875
117817.3125
117137.2265625
116501.9296875
115866.7109375
115272.0078125
114679.578125
114104.0390625
113599.265625
113061.8671875
112558.7734375
112055.71875
111584.875
111116.140625
110664.1328125
110241.3359375
109819.6015625
109425.40625
109029.2578125
108646.5859375
108312.7109375
107956.84375
107625.515625
107294.140625
106986.46875
106680.078125
106385.578125
106109.9140625
105836.78125
105582.71875
105328.734375
105082.5234375
104866.5078125
104634.7734375
104419.59375
104203.6640625
104001.4140625
103799.0703125
103603.859375
103421.09375
103238.4765625
103067.484375
102895.6171875
102729.3671875
102585.5625
102430.75
102286.359375
102137.5703125
101997.71875
101858.2109375
101723.25
101597.0078125
101471.3515625
101354.2109375
101239.484375
