25400.0
25400.0
25400.0
25396.533203125
25387.62109375
25383.3125
25378.037109375
25375.2109375
25373.61328125
25372.751953125
25372.259765625
25371.986328125
25371.8359375
25371.748046875
25371.69921875
25371.046875
25370.12890625
25368.80078125
25367.73046875
25367.73046875
40985.40234375
58633.0
76099.8203125
90099.1328125
102434.640625
113311.984375
122139.921875
129877.5546875
135857.109375
140066.515625
143659.484375
146419.828125
148430.046875
149749.9375
150681.5625
154774.015625
156184.546875
153618.703125
146684.625
143470.09375
139960.515625
136847.5625
134613.90625
132913.921875
132293.265625
133023.1875
133807.890625
134402.359375
134761.953125
135250.140625
135614.8125
135683.390625
135365.375
134739.71875
133809.640625
132794.71875
131637.09375
130518.3515625
129359.4921875
128225.7421875
127088.15625
125977.046875
124976.7578125
124021.2890625
123103.1640625
122284.484375
121411.3046875
120599.90625
119794.5859375
119044.9453125
118297.234375
117575.21875
116901.796875
116229.0390625
115598.46875
114972.0078125
114367.9296875
113839.0078125
113275.5234375
112751.6328125
112228.5390625
111734.3046875
111241.75
110769.5390625
110331.40625
109898.140625
109493.375
109096.375
108713.328125
108377.0546875
108019.375
107684.90625
107349.796875
107036.5859375
106724.7734375
106423.109375
106141.109375
105859.125
105596.6328125
105334.671875
105080.703125
104858.4765625
104620.9453125
104392.390625
104162.21875
103947.0703125
103731.53125
103524.96875
103332.0625
103139.71875
102960.6796875
102782.421875
102609.015625
102458.3203125
102297.7421875
102147.5234375
101998.1875
101859.8515625
101723.71875
101593.5390625
101474.90625
101357.5546875
101248.1484375
101138.421875
