25400.0
25400.0
25400.0
25392.279296875
25388.830078125
25381.29296875
25377.03125
25374.8828125
25373.740234375
25373.15625
25372.841796875
25372.677734375
25372.58984375
25372.54296875
25372.4375
25371.19921875
25370.23828125
25368.875
38202.59375
57462.70703125
76253.8515625
90931.859375
104590.1875
115731.953125
124774.6875
132024.0
137418.609375
141828.9375
144955.046875
146981.328125
148521.359375
149652.703125
154451.1875
155193.453125
149168.609375
144233.21875
140219.9375
136535.390625
134226.96875
132391.859375
131923.171875
132452.53125
132926.65625
133261.296875
133737.25
133948.984375
133806.8125
133202.09375
132276.5
131174.34375
130010.328125
128799.34375
127589.59375
126516.4921875
125349.203125
124208.375
123132.8359375
122175.3984375
121231.1328125
120303.2890625
119442.15625
118592.109375
117803.203125
117020.65625
116269.1328125
115614.2421875
114919.5625
114270.6953125
113624.5078125
113025.234375
112429.6171875
111858.6796875
111330.0390625
110807.6640625
110320.1875
109834.3671875
109363.1875
108955.109375
108526.0390625
108129.2890625
107734.765625
107371.890625
107013.9921875
106670.125
106349.6875
106031.359375
105733.8984375
105438.421875
105155.296875
104907.7421875
104643.9453125
104399.84375
104156.953125
103932.5078125
103708.3671875
103493.75
103289.1015625
103080.9453125
102886.90625
102694.921875
102513.03125
102356.46875
102189.0859375
102034.0390625
101880.34375
101737.8828125
101597.3671875
101463.328125
101339.9140625
101219.5078125
101108.890625
101002.0625
100903.7890625
100820.6015625
100733.875
100656.4609375
100581.2578125
100512.2578125
100445.3984375
100383.1328125
100327.3828125
100274.2734375
100228.8359375
100188.9765625
