25400.0
25400.0
25400.0
25335.169921875
25335.169921875
25335.169921875
25335.169921875
25335.169921875
25335.169921875
25335.169921875
25335.169921875
25335.169921875
25335.169921875
25335.169921875
25335.169921875
25335.169921875
25335.169921875
26915.99609375
44994.80078125
63482.515625
81822.1015625
96179.328125
109554.90625
120033.6171875
128616.484375
135408.84375
140327.265625
144309.109375
147123.609375
148872.609375
150161.734375
154594.34375
153651.765625
146659.3125
140525.296875
137830.15625
134477.28125
131441.5
129591.390625
128181.7734375
128444.109375
129054.6953125
129679.4765625
130028.453125
130554.0
131001.015625
131203.703125
130982.5859375
130341.8515625
129419.75
128419.5703125
127383.0703125
126322.96875
125365.921875
124323.515625
123343.828125
122367.1875
121409.2421875
120465.2890625
119598.6484375
118816.9296875
118023.9765625
117284.0703125
116553.3828125
115851.234375
115238.234375
114585.2890625
113974.7421875
113368.28125
112803.71875
112236.953125
111691.765625
111184.390625
110680.1953125
110209.1875
109741.8515625
109293.828125
108902.4453125
108485.6953125
108096.546875
107710.640625
107352.234375
106997.3515625
106656.859375
106338.515625
106018.3828125
105719.8203125
105426.5078125
105145.8671875
104901.3203125
104642.953125
104401.96875
104163.0703125
103939.5
103719.5078125
103510.1328125
103317.5859375
103125.203125
102945.7734375
102767.4375
102595.640625
102445.515625
102285.4375
102136.3671875
101990.6953125
101855.09375
101722.046875
101595.3984375
101477.640625
101360.4765625
101252.4453125
101143.8125
101037.7265625
100947.1015625
100851.9765625
100765.6640625
100681.03125
100605.125
100533.0390625
100466.7890625
100407.0234375
100349.859375
100292.59375
100233.4609375
