25400.0
25400.0
25400.0
25397.78515625
25393.619140625
25387.1953125
25383.326171875
25381.25390625
25380.08203125
25379.44921875
25378.9296875
25377.759765625
25376.58203125
25375.541015625
25374.748046875
25374.140625
25373.681640625
25372.958984375
25372.322265625
25372.322265625
40722.96484375
58932.0234375
76834.8046875
90919.0546875
103510.703125
114208.7421875
122854.8203125
130438.34375
136347.125
140535.015625
144236.1875
146888.59375
148800.34375
150065.140625
150984.5
155382.84375
156569.515625
150447.5
144312.78125
141101.640625
137796.296875
134979.609375
132695.15625
131233.46875
130436.40625
130932.984375
131518.53125
131998.84375
132312.453125
132791.765625
133251.484375
133510.25
133435.078125
133017.609375
132228.53125
131271.546875
130288.0234375
129326.59375
128321.8203125
127316.140625
126354.046875
125386.765625
124479.296875
123573.140625
122643.4921875
121840.1484375
121019.4375
120257.359375
119499.734375
118797.125
118098.421875
117423.171875
116790.5078125
116154.6015625
115559.6015625
114965.1875
114388.6953125
113881.8359375
113340.125
112831.6484375
112323.0234375
111846.84375
111373.3046875
110915.875
110488.6640625
110059.90625
109660.5859375
109261.2421875
108876.3828125
108539.6328125
108179.3984375
107842.8125
107507.96875
107196.109375
106884.796875
106580.90625
106297.34375
106014.6171875
105750.8046875
105488.953125
105236.2890625
105015.2109375
104779.5
104558.8125
104338.6640625
104136.34375
103933.578125
103737.265625
103554.2109375
103372.3203125
103201.1953125
103030.21875
102864.546875
102719.6640625
102559.3359375
102409.078125
102260.21875
102121.8984375
101985.5859375
101856.234375
101736.1640625
101618.546875
101508.5859375
101400.1015625
