25400.0
25400.0
25400.0
25399.634765625
25399.634765625
25397.564453125
25396.119140625
25395.00390625
25394.150390625
25393.55859375
25393.1328125
25392.84375
25392.65234375
25392.521484375
25392.435546875
25392.380859375
25392.220703125
25392.052734375
25391.7109375
35717.42578125
55390.98828125
73537.9609375
88697.9140625
102129.2578125
112875.4609375
122190.015625
129615.2109375
135537.71875
140264.96875
143596.40625
146165.578125
147935.125
149193.25
150265.546875
154981.4375
155667.234375
149884.765625
144471.765625
141124.328125
137369.984375
134544.953125
132921.515625
131875.4375
132092.234375
132544.5
132715.328125
133111.421875
133552.8125
133762.875
133634.453125
133089.65625
132188.484375
131154.421875
130197.140625
129122.3046875
128068.3515625
126988.5078125
125967.265625
124944.796875
123958.1640625
123004.0625
122036.453125
121187.390625
120344.15625
119530.65625
118826.109375
118077.03125
117377.578125
116679.8203125
116025.734375
115374.5234375
114746.5078125
114156.625
113566.5
113017.890625
112470.109375
111941.171875
111481.2109375
110992.234375
110534.6796875
110078.0546875
109651.0703125
109227.0234375
108820.234375
108442.5
108067.5
107717.9296875
107369.6015625
107029.0234375
106732.4765625
106416.890625
106124.265625
105833.71875
105563.1953125
105293.96875
105035.40625
104798.75
104562.8046875
104342.59375
104124.390625
103912.765625
103728.2265625
103531.1796875
103347.0625
103162.1171875
102985.9140625
102809.9453125
102642.015625
102486.15625
102332.5
102190.1796875
102049.65625
101915.4140625
101799.6484375
101677.4375
101564.859375
101455.2890625
101353.984375
101256.421875
101165.5234375
101083.6953125
101005.359375
100933.359375
100864.0546875
