25400.0
25400.0
25400.0
25384.791015625
25384.7890625
25380.00390625
25374.60546875
25371.884765625
25370.4375
25369.701171875
25369.3046875
25369.09765625
25368.98828125
25368.9296875
25368.837890625
25367.626953125
25366.431640625
32083.787109375
52410.64453125
71203.6640625
88556.015625
102789.265625
115364.3671875
125310.9765625
133299.484375
139482.25
143891.125
147102.796875
149481.796875
151021.5625
154901.421875
156141.328125
148454.171875
141975.140625
138757.296875
135344.9375
132420.40625
130514.8828125
129342.3125
129869.8515625
130964.734375
131896.125
132650.59375
133303.328125
133992.9375
134300.5
134134.984375
133439.796875
132450.640625
131252.296875
130062.703125
128833.8046875
127616.640625
126542.125
125344.0625
124225.203125
123148.2578125
122193.0859375
121238.9765625
120317.953125
119465.890625
118621.6484375
117836.8046875
117056.4375
116306.7421875
115652.6875
114954.953125
114304.6484375
113659.0546875
113057.765625
112461.4765625
111889.65625
111356.171875
110826.75
110333.609375
109846.671875
109377.390625
108966.7578125
108529.4765625
108125.09375
107725.3359375
107354.765625
106988.4609375
106636.0078125
106308.390625
105988.125
105689.703125
105392.2109375
105105.5
104854.6328125
104587.25
104339.375
104091.2421875
103859.9296875
103629.5390625
103408.3828125
103201.328125
102991.4609375
102793.234375
102597.984375
102411.8671875
102250.6328125
102079.9140625
101921.59375
101764.8046875
101618.5703125
101474.3203125
101336.46875
101209.765625
101085.15625
100972.265625
100860.515625
100753.765625
100661.3203125
100565.0703125
100475.71875
100388.078125
100306.8828125
100228.4453125
100154.359375
100085.8359375
100021.953125
99965.8984375
99910.3359375
