25400.0
25400.0
25400.0
25399.771484375
25399.771484375
25399.234375
25398.857421875
25398.140625
25397.599609375
25397.19140625
25396.91015625
25396.708984375
25396.572265625
25396.484375
25396.421875
25396.3828125
25396.357421875
25396.294921875
25396.21484375
25396.068359375
32898.69921875
52580.96875
70868.1171875
86669.765625
100336.625
111327.078125
120828.6796875
128443.3828125
134573.96875
139475.375
142892.078125
145608.84375
147458.046875
148772.234375
149734.9375
153560.34375
155429.90625
152687.625
145723.9375
142753.359375
138854.5625
135605.046875
133720.578125
132231.859375
131963.375
132426.71875
132625.65625
132991.25
133418.859375
133622.96875
133513.828125
132993.59375
132118.640625
131088.484375
130154.1640625
129100.5546875
128063.078125
126994.6953125
125981.96875
124967.2109375
123987.0625
123071.3203125
122111.734375
121232.7421875
120391.03125
119578.9296875
118874.0859375
118126.2734375
117429.3359375
116735.046875
116084.515625
115434.921875
114808.8203125
114220.0
113632.3125
113083.4765625
112536.8046875
112009.3125
111548.671875
111058.2578125
110601.2578125
110144.4453125
109717.515625
109293.40625
108886.4609375
108508.3046875
108133.3828125
107784.03125
107435.34375
107099.875
106806.21875
106489.1953125
106194.1953125
105902.46875
105631.5078125
105362.3984375
105103.078125
104861.2265625
104627.9921875
104410.84375
104194.3984375
103984.828125
103801.7265625
103606.265625
103423.8828125
103241.703125
103073.078125
102902.25
102737.515625
102584.7734375
102432.4453125
102292.3984375
102154.6875
102022.8984375
101909.0078125
101789.53125
101680.1875
101574.2421875
101478.875
101386.7890625
101301.2578125
101223.453125
101147.5078125
101070.1953125
100993.84375
