25400.0
25400.0
25216.623046875
24554.587890625
24531.013671875
24178.818359375
23670.48046875
23514.443359375
23472.236328125
23465.33203125
23475.900390625
23497.140625
23531.87109375
23599.248046875
23724.875
23950.134765625
24495.37890625
24887.599609375
25026.76171875
25073.447265625
25120.888671875
25145.783203125
25161.486328125
25173.244140625
25183.24609375
25192.697265625
25200.490234375
25208.208984375
25213.962890625
25220.79296875
25230.31640625
25240.505859375
25248.833984375
25252.263671875
25556.080078125
26342.544921875
28660.79296875
33505.6796875
39008.09765625
44837.796875
50370.12109375
54951.25390625
59033.5859375
62849.59375
66089.1171875
69021.9375
71270.015625
75807.6640625
81432.359375
87503.4375
94790.625
102032.515625
110030.3125
118656.28125
126801.3671875
134551.6875
140603.171875
140763.578125
141157.09375
141263.265625
140960.109375
140420.5
139694.890625
138928.171875
138020.359375
137128.015625
136083.90625
134968.21875
133949.203125
133285.921875
132613.5
131777.671875
130903.828125
130046.0703125
129224.078125
128433.4140625
127799.0546875
127238.1875
126617.484375
125987.4765625
125421.015625
124800.3125
124212.9453125
123617.375
123056.484375
122503.84375
122008.0390625
121367.546875
120524.5078125
119699.59375
119337.4375
119380.78125
119171.9296875
118718.234375
118141.3515625
117537.75
117103.2421875
116663.203125
116222.1640625
115956.2421875
115691.5625
115494.3359375
115317.375
115109.5234375
114895.4453125
114680.265625
114529.96875
114415.1953125
114330.34375
114265.140625
114408.7578125
114511.3359375
114571.8515625
114604.0546875
114626.0703125
114644.3671875
114661.5625
114685.4140625
114707.703125
114702.15625
114686.4765625
114665.484375
114663.015625
114686.4609375
114707.5703125
114718.7421875
114716.5390625
