25400.0
25400.0
25400.0
25400.0
25399.462890625
25398.693359375
25397.962890625
25397.419921875
25397.01953125
25396.751953125
25396.56640625
25396.443359375
25396.365234375
25396.314453125
25396.283203125
25396.19140625
25396.19140625
26049.185546875
44421.71875
63513.8203125
82150.5703125
96595.359375
109925.109375
120347.796875
128946.59375
135722.09375
140659.765625
144648.265625
147411.3125
149109.9375
150393.21875
154254.375
156334.53125
150167.09375
143658.125
140372.453125
136608.859375
133616.34375
131808.265625
131180.4375
131936.21875
132529.5
132944.765625
133463.671875
134035.140625
134302.0625
134093.3125
133338.25
132317.328125
131161.53125
130028.1875
128842.2734375
127657.3046875
126611.1015625
125487.984375
124443.34375
123355.3046875
122347.1328125
121390.3515625
120475.0625
119630.21875
118796.2890625
118020.9375
117248.1953125
116502.203125
115852.15625
115158.4609375
114509.53125
113865.140625
113262.1796875
112663.65625
112088.453125
111554.109375
111023.3046875
110528.2578125
110039.484375
109568.1015625
109158.1171875
108722.0078125
108315.609375
107914.34375
107542.671875
107169.3515625
106811.46875
106478.9453125
106149.9375
105844.3515625
105541.046875
105250.046875
104995.7890625
104728.7421875
104482.2578125
104235.9921875
104005.2890625
103776.703125
103557.921875
103353.9296875
103145.0078125
102948.7890625
102754.796875
102570.15625
102409.2734375
102239.234375
102083.296875
101931.921875
101791.84375
101654.5
101523.7890625
101404.09375
101286.796875
101178.53125
101073.6796875
100975.40625
100891.234375
100802.25
100713.9140625
100629.65625
100552.9609375
100477.6875
100410.0546875
100353.15625
100298.421875
100248.9296875
100203.40625
