25400.0
25400.0
25400.0
25392.689453125
25387.349609375
25382.962890625
25379.0703125
25374.51171875
25372.138671875
25370.833984375
25370.1484375
25369.76953125
25369.5625
25369.451171875
25369.388671875
25369.35546875
25369.333984375
25368.84375
25368.3984375
26957.3203125
44495.16796875
63419.1171875
81052.09375
95361.8515625
108683.2578125
118778.8828125
127557.9609375
134440.15625
139804.234375
143845.859375
146745.1875
148975.0
150391.578125
152043.5625
156424.46875
152544.921875
145910.453125
140606.640625
138005.546875
134825.21875
131921.1875
130102.71875
128780.859375
128989.453125
129716.1875
130380.4453125
130778.0546875
131236.53125
131800.28125
132180.75
132289.0625
131976.09375
131226.4375
130274.3046875
129374.8359375
128371.9921875
127385.3984375
126362.3671875
125384.34375
124400.9609375
123450.2109375
122560.15625
121607.53125
120751.828125
119936.546875
119151.328125
118464.9609375
117737.9296875
117060.765625
116385.6640625
115753.796875
115119.84375
114508.9140625
113939.3828125
113367.21875
112831.5078125
112298.0
111782.0234375
111330.328125
110849.0859375
110399.71875
109952.5625
109535.28125
109118.5859375
108717.0234375
108341.6875
107968.578125
107620.8046875
107274.6796875
106941.3984375
106651.7890625
106342.4921875
106050.5
105760.734375
105489.6171875
105221.109375
104963.7890625
104723.8359375
104485.3671875
104262.8828125
104041.921875
103828.328125
103641.34375
103445.8515625
103263.71875
103083.359375
102914.75
102745.7734375
102582.84375
102430.4375
102278.640625
102136.78125
101995.4140625
101860.515625
101742.8515625
101614.75
101496.8359375
101380.8125
101273.0546875
101167.2421875
101066.421875
100973.6640625
100882.953125
100799.8359375
100718.4375
