25400.0
25400.0
25400.0
25400.0
25399.41796875
25397.947265625
25396.650390625
25395.71875
25395.046875
25394.59765625
25394.2890625
25394.0859375
25393.95703125
25393.869140625
25393.81640625
25393.712890625
25393.552734375
25393.3125
34888.7265625
54617.08984375
73966.7734375
89255.796875
103242.3984375
114326.890625
123478.625
130861.0859375
136589.0625
141067.859375
144350.921875
146435.28125
148020.8125
149161.96875
152708.53125
155074.265625
152106.125
145375.890625
141828.40625
137734.125
134784.140625
132876.21875
131993.28125
132372.59375
132619.28125
132861.90625
133271.21875
133472.1875
133356.96875
132756.875
131832.34375
130741.1796875
129678.9609375
128547.2421875
127405.1171875
126385.46875
125288.46875
124262.7109375
123242.296875
122270.2421875
121277.875
120378.109375
119537.3671875
118708.2578125
117940.78125
117179.859375
116448.734375
115809.609375
115125.390625
114488.6640625
113853.71875
113259.1171875
112669.703125
112102.8828125
111573.8671875
111049.6953125
110562.0234375
110076.5
109610.625
109205.109375
108775.5078125
108376.9375
107983.03125
107616.09375
107251.1875
106901.0390625
106572.6015625
106245.09375
105941.265625
105642.1484375
105355.3671875
105105.984375
104841.5859375
104604.1015625
104367.203125
104145.5859375
103925.109375
103713.59375
103515.2265625
103320.5625
103140.109375
102962.15625
102785.609375
102632.96875
102471.4296875
102323.2421875
102176.484375
102041.53125
101909.359375
101786.265625
101673.5546875
101566.265625
101469.65625
101377.2109375
101290.234375
101217.109375
101137.4140625
101061.8984375
100993.2578125
100933.140625
100877.0625
100825.6171875
100783.9140625
100748.5234375
100719.546875
100695.5703125
