25400.0
25400.0
25400.0
25400.0
25400.0
25400.0
25400.0
25400.0
25400.0
25400.0
25400.0
25400.0
25400.0
25400.0
25400.0
25400.0
25400.0
25400.0
26390.90625
43598.30859375
62423.64453125
80082.40625
94360.265625
107442.078125
117797.9609375
126652.8671875
133596.96875
139046.578125
143122.703125
146119.0625
148422.21875
149911.921875
150916.71875
155229.765625
156606.40625
152608.0
146398.15625
142728.28125
138988.59375
136020.953125
134114.65625
133285.453125
134170.796875
135005.21875
135620.6875
136062.15625
136656.453125
136993.84375
136929.546875
136350.34375
135368.734375
134221.390625
132967.796875
131826.421875
130561.8671875
129357.9453125
128151.9609375
126947.9140625
125788.8046875
124731.0234375
123748.5625
122768.6015625
121862.21875
120963.3203125
120099.3515625
119344.7578125
118540.2578125
117790.125
117040.4296875
116341.7734375
115646.03125
114976.09375
114353.203125
113734.6015625
113156.5390625
112582.1796875
112030.265625
111550.8671875
111036.7109375
110555.5546875
110078.9921875
109637.4609375
109199.5625
108779.46875
108386.546875
108003.640625
107646.6328125
107289.984375
106946.578125
106645.5234375
106323.71875
106021.96875
105721.703125
105441.9140625
105151.6875
104872.5703125
104611.71875
104352.984375
104111.7734375
103871.4609375
103641.7421875
103442.2890625
103231.78125
103036.0234375
102841.578125
102661.375
102482.65625
102310.9609375
102150.7265625
101993.421875
101848.234375
101705.7109375
101570.1796875
101452.7734375
101328.0703125
101212.6328125
101099.4453125
100994.0546875
100893.78125
100799.3984375
100711.203125
100624.9765625
100545.9453125
100469.0234375
