25400.0
25400.0
25400.0
25384.15234375
25383.734375
25381.14453125
25375.376953125
25372.375
25370.7265625
25369.861328125
25369.380859375
25369.123046875
25368.984375
25368.90625
25368.86328125
25368.83984375
25368.34765625
25367.88671875
25922.0703125
42597.671875
61183.3671875
78860.6796875
93178.4375
106402.8125
116771.2109375
125698.484375
132740.296875
138279.9375
142503.34375
145567.609375
147923.96875
149460.25
150545.25
154779.140625
156259.953125
149639.515625
143317.3125
140518.1875
137131.140625
133933.75
131898.46875
130399.125
130305.265625
131026.0078125
131701.5
132042.703125
132506.484375
133040.078125
133313.609375
133266.171875
132802.625
131926.4375
130927.5625
129969.1640625
128892.6484375
127847.078125
126764.8359375
125743.09375
124720.8671875
123694.4453125
122725.78125
121800.9375
120973.6796875
120136.5
119327.1796875
118625.3515625
117878.8671875
117182.375
116487.5
115836.8671875
115188.9296875
114564.40625
113979.1171875
113394.96875
112849.7890625
112305.7578125
111780.84375
111324.046875
110838.625
110384.3125
109932.6171875
109510.484375
109090.5390625
108686.578125
108310.3125
107934.3046875
107580.5625
107230.4296875
106895.8125
106604.0390625
106294.71875
106004.5390625
105716.3203125
105447.3203125
105182.578125
104928.125
104691.0078125
104453.8984375
104232.546875
104011.3515625
103797.6171875
103611.5859375
103413.5390625
103229.375
103045.6796875
102873.2890625
102700.8359375
102529.703125
102367.984375
102208.3828125
102060.6484375
101914.5703125
101775.5859375
101655.5859375
101528.9453125
101410.6953125
101294.6484375
101187.6171875
101082.3046875
100981.0390625
100889.375
100798.3515625
100715.1875
100634.2734375
