25400.0
25400.0
25400.0
25394.837890625
25391.390625
25384.876953125
25381.451171875
25379.66796875
25378.6875
25378.173828125
25377.6640625
25376.419921875
25375.169921875
25374.076171875
25373.25390625
25372.65234375
25371.64453125
25370.93359375
26575.58203125
43330.25390625
61844.40625
79321.5859375
93550.1328125
106607.8125
116991.640625
125979.1015625
133013.859375
138518.109375
142619.671875
145635.234375
148016.984375
149556.265625
150607.015625
154995.734375
156273.375
151184.40625
145036.984375
141699.03125
138132.546875
135068.90625
133103.484375
131768.640625
132089.328125
132955.15625
133795.4375
134190.109375
134738.6875
135209.8125
135333.9375
135032.75
134313.703125
133320.09375
132180.0
131087.546875
129880.1015625
128712.5078125
127537.734375
126355.046875
125219.1875
124177.1875
123232.703125
122284.953125
121389.0546875
120504.34375
119656.4453125
118919.28125
118134.1796875
117400.8046875
116672.40625
115991.4453125
115312.421875
114660.5703125
114052.59375
113446.7421875
112884.28125
112325.7109375
111788.484375
111316.03125
110811.75
110341.765625
109879.5078125
109450.4765625
109024.78125
108616.0703125
108240.8515625
107866.5546875
107517.8359375
107170.53125
106834.671875
106540.9453125
106228.984375
105937.1015625
105645.9375
105374.7265625
105104.9453125
104843.921875
104601.0
104358.6171875
104128.15625
103893.4921875
103668.1640625
103471.421875
103262.5859375
103068.3203125
102875.046875
102695.3046875
102515.4921875
102342.96875
102182.3515625
102022.984375
101875.40625
101730.359375
101591.703125
101472.796875
101346.484375
101228.640625
101112.3046875
101006.1796875
100902.734375
100801.703125
100710.7421875
100620.046875
100536.890625
100455.28125
