25400.0
25400.0
25400.0
25358.20703125
25358.205078125
25358.205078125
25358.205078125
25358.205078125
25358.205078125
25358.205078125
25358.205078125
25358.205078125
25358.205078125
25358.205078125
25358.205078125
25358.205078125
25358.205078125
25358.205078125
42271.48046875
60968.62109375
79697.9609375
94102.1640625
107732.5625
118367.6171875
127123.421875
134093.0625
139240.421875
143429.484375
146321.296875
148172.921875
149564.6875
152665.09375
155521.140625
149583.359375
142784.109375
139389.96875
135915.5
132678.390625
130677.640625
129054.0703125
128951.4765625
129483.390625
129986.40625
130283.9765625
130761.5703125
131162.234375
131330.109375
131068.2265625
130386.15625
129446.203125
128453.5625
127421.6015625
126367.578125
125413.765625
124374.7421875
123398.140625
122424.7734375
121502.2421875
120541.890625
119661.1015625
118875.4296875
118084.5859375
117344.4140625
116613.09375
115910.65625
115298.1875
114645.1171875
114034.2734375
113426.640625
112859.890625
112293.5703125
111746.7578125
111238.6953125
110732.9765625
110261.21875
109792.46875
109342.0390625
108949.5078125
108531.6953125
108142.1953125
107755.2890625
107396.0
107040.640625
106699.234375
106380.6796875
106063.96875
105765.46875
105469.984375
105187.5078125
104942.6953125
104683.6640625
104442.2109375
104202.6875
103979.59375
103757.890625
103552.0390625
103360.1015625
103169.2734375
102990.4140625
102812.53125
102641.2265625
102492.125
102334.3828125
102188.6171875
102047.3359375
101915.7109375
101784.7578125
101659.28125
101543.40625
101431.171875
101322.2109375
101214.3671875
101112.9140625
101025.90625
100936.1875
100855.0078125
100778.484375
100710.109375
100643.8359375
100581.9140625
100516.8203125
100453.78125
100397.8515625
100350.2890625
