25400.0
25400.0
25400.0
25400.0
25400.0
25400.0
25400.0
25400.0
25400.0
25400.0
25400.0
25400.0
25400.0
25400.0
25400.0
25400.0
25400.0
25400.0
36854.609375
56292.2421875
75244.546875
90149.625
103764.484375
115042.6875
124183.9609375
131509.203125
136978.09375
141442.203125
144638.90625
146697.359375
148269.421875
149370.703125
153311.1875
154954.265625
153810.046875
148230.109375
143677.515625
139717.078125
137178.4375
135315.90625
135070.765625
135626.21875
136039.296875
136493.171875
136881.328125
136880.4375
136366.625
135397.65625
134285.671875
132925.6875
131597.453125
130228.734375
128892.8046875
127659.09375
126365.265625
125237.3125
124135.3671875
123088.4375
122053.75
121069.125
120158.1015625
119255.5546875
118415.484375
117585.0546875
116786.5859375
116090.0625
115352.890625
114668.078125
113988.2890625
113361.453125
112740.7578125
112138.8828125
111579.34375
111028.96875
110520.8984375
110023.640625
109549.4609375
109136.9609375
108698.0703125
108289.703125
107884.71875
107506.1484375
107129.953125
106772.2890625
106437.2578125
106104.1328125
105795.5703125
105483.03125
105176.9765625
104911.5078125
104629.3671875
104369.296875
104109.078125
103866.1328125
103624.4375
103392.28125
103176.3203125
102963.9375
102767.578125
102575.0546875
102393.375
102234.6484375
102070.5234375
101917.8671875
101767.84375
101628.3046875
101491.96875
101362.578125
101244.1796875
101127.671875
101021.8203125
100919.09375
100823.2734375
100742.0859375
100657.3203125
100579.5703125
100504.140625
100436.2578125
100370.7734375
100311.15625
100258.6328125
100212.421875
100172.9921875
100136.890625
