25400.0
25400.0
25400.0
25400.0
25400.0
25400.0
25400.0
25400.0
25400.0
25400.0
25400.0
25400.0
25400.0
25400.0
25400.0
25400.0
25400.0
25400.0
25400.0
25400.0
31277.4765625
49898.80859375
67938.8125
83739.625
96398.3359375
107912.0859375
117106.96875
125308.375
131746.3125
136591.625
140736.5
143816.015625
146119.40625
147704.5625
148850.5625
149731.296875
152408.65625
155196.609375
156087.421875
152113.1875
148147.015625
144355.90625
140622.46875
138265.1875
136509.671875
135931.46875
136469.328125
136794.96875
137152.359375
137594.765625
137768.234375
137612.09375
137001.484375
136120.59375
135022.34375
133903.296875
132727.734375
131578.328125
130398.9453125
129247.3828125
128165.5703125
127086.53125
126013.84375
124989.7734375
124026.1875
123183.3984375
122294.734375
121469.671875
120647.9453125
119878.984375
119109.3515625
118367.5546875
117672.6875
116977.015625
116327.09375
115677.3828125
115049.78125
114503.1328125
113921.359375
113377.3046875
112834.53125
112328.0703125
111823.6796875
111338.96875
110886.71875
110435.5546875
110014.3515625
109590.8359375
109182.703125
108828.71875
108451.078125
108098.3984375
107748.1640625
107424.796875
107102.7734375
106789.921875
106497.984375
106205.5859375
105927.5703125
105642.8984375
105369.4921875
105131.4765625
104877.046875
104638.5703125
104401.09375
104179.3515625
103958.6328125
103746.75
103549.3515625
103353.6171875
103172.5234375
102994.453125
102824.546875
102676.9375
102520.3046875
102375.3828125
102233.2109375
102100.9609375
101970.2109375
101846.46875
101732.6015625
101620.4453125
101518.2890625
101423.9296875
