25400.0
25400.0
25400.0
25399.482421875
25398.990234375
25396.9140625
25394.865234375
25393.283203125
25392.064453125
25391.208984375
25390.58984375
25390.162109375
25389.876953125
25389.677734375
25389.546875
25389.45703125
25389.28125
25389.0390625
25388.623046875
31899.94140625
51074.77734375
68775.3125
84622.9375
98028.3828125
109296.078125
118985.6484375
126772.5546875
132969.484375
138003.75
141559.109375
144435.1875
146416.0625
147836.0
148866.21875
151456.765625
154404.0625
155382.46875
149844.375
146253.1875
142036.40625
138432.15625
136285.8125
134614.0625
134079.296875
134544.59375
134745.359375
135102.109375
135453.09375
135520.90625
135220.953125
134531.984375
133564.734375
132441.9375
131364.59375
130166.875
129006.0078125
127827.1328125
126717.15625
125536.203125
124462.0
123502.9609375
122555.578125
121653.140625
120757.453125
119901.15625
119155.953125
118362.921875
117622.65625
116887.1484375
116202.4609375
115519.7265625
114859.6484375
114246.2890625
113636.3515625
113068.7421875
112507.375
111966.6875
111496.625
110995.046875
110520.6875
110051.046875
109617.140625
109188.875
108777.03125
108399.9453125
108024.1484375
107672.515625
107323.1953125
106986.484375
106692.1796875
106377.640625
106085.1328125
105793.1484375
105520.6796875
105248.4453125
104988.625
104746.4921875
104503.0078125
104269.296875
104037.0390625
103812.984375
103616.34375
103406.34375
103212.171875
103019.0234375
102840.0859375
102664.3671875
102494.3125
102336.03125
102180.0234375
102034.7109375
101891.5
101754.4296875
101637.25
101517.0078125
101406.4609375
101298.1015625
101198.796875
101102.0546875
101012.40625
100929.9453125
100849.421875
100775.546875
100703.609375
