25400.0
25400.0
25400.0
25235.96875
25128.060546875
25128.060546875
25128.060546875
25128.060546875
25128.060546875
25128.060546875
25128.060546875
25128.060546875
25128.060546875
25128.060546875
25128.060546875
25128.060546875
25128.060546875
25144.7734375
25165.90625
38335.4296875
56113.12890625
73571.859375
89589.6640625
103502.3515625
115387.125
126161.0078125
134100.515625
140588.65625
145842.3125
149400.71875
152078.921875
148454.25
144504.046875
140867.125
137357.53125
133881.078125
130884.171875
128265.9375
125977.375
123459.1640625
121221.171875
120737.921875
119763.453125
118796.2265625
118087.875
117697.1015625
117607.90625
117722.4140625
117734.09375
118034.7890625
118537.0625
119106.9609375
119634.03125
120071.9765625
120575.8828125
120882.1796875
121301.859375
121798.859375
122376.4921875
122865.4765625
123262.2265625
123475.4296875
123396.9765625
123046.2890625
122527.890625
122016.1484375
121445.2890625
120964.71875
120479.46875
119997.609375
119484.8671875
118961.6484375
118439.953125
117894.1171875
117369.0546875
116833.2265625
116305.7109375
115836.9296875
115329.390625
114850.7265625
114370.1328125
113917.6015625
113462.703125
113020.3515625
112603.8359375
112185.015625
111789.9296875
111393.28125
110983.6484375
110619.609375
110234.1953125
109878.078125
109525.3203125
109197.140625
108870.0625
108552.9453125
108255.3984375
107956.703125
107676.359375
107399.203125
107133.6484375
106899.3671875
106646.9765625
106408.3203125
106167.9296875
105939.1640625
105708.640625
105483.5234375
105271.515625
105058.5390625
104857.8125
104655.2578125
104460.5546875
104288.359375
104103.2578125
103929.3984375
103755.1953125
103590.9140625
103425.9609375
103265.0859375
103113.625
102961.9375
102819.3828125
102676.2265625
