25400.0
25400.0
24566.0625
24956.59765625
24504.98828125
24093.732421875
23224.18359375
22900.20703125
22725.3984375
22699.19140625
22777.8671875
23017.0859375
23642.6875
24345.130859375
24594.208984375
24667.296875
24708.52734375
24736.482421875
24761.5703125
24784.64453125
24807.6640625
24841.84765625
24874.02734375
24913.828125
24956.01171875
24985.96875
25011.05859375
25033.224609375
25053.509765625
25071.439453125
25087.060546875
25101.154296875
25125.580078125
25151.744140625
25193.25
25312.740234375
25628.4375
26420.080078125
28784.78125
32892.875
37895.75390625
43145.5625
48442.796875
53130.52734375
56962.53125
60812.37890625
64881.75
69610.8359375
74649.453125
80471.25
87498.78125
94682.765625
98793.359375
101633.515625
104714.40625
107229.1171875
109090.265625
110785.6875
112300.1328125
113587.8828125
114454.28125
115078.7109375
115762.6640625
116328.78125
116758.90625
117083.7890625
117313.1953125
117435.8125
117464.6015625
117411.4140625
117310.859375
117216.09375
117175.359375
117575.3125
117833.40625
117982.8046875
118081.1328125
118130.0390625
118132.4375
118091.75
118020.484375
117910.6484375
117784.4453125
117633.8125
117416.1171875
117134.1953125
116880.71875
116654.75
116424.71875
116317.8515625
116228.4140625
116087.0234375
115929.984375
115738.328125
115541.109375
115333.1484375
115132.6484375
114901.671875
114683.09375
114479.6015625
114273.046875
114079.6484375
113886.2109375
113693.65625
113519.859375
113362.0078125
113213.78125
113056.453125
112897.109375
112726.265625
112549.0
112372.2734375
112184.5703125
111998.2265625
111801.921875
111602.8046875
111423.828125
111249.6640625
111091.953125
110994.0546875
111049.1875
111041.75
110954.4296875
110823.484375
110654.25
110455.7421875
110229.9765625
