25400.0
25400.0
25400.0
25400.0
25400.0
25400.0
25400.0
25400.0
25400.0
25400.0
25400.0
25400.0
25400.0
25400.0
25400.0
25400.0
25400.0
25400.0
25400.0
31456.31640625
45977.5546875
57374.15234375
75863.265625
90645.71875
104813.1953125
116259.3359375
125465.921875
133048.359375
138566.5
142947.5
146187.640625
148382.671875
150187.9375
151750.6875
151068.40625
146105.40625
141640.9375
137151.046875
133163.109375
129092.265625
125662.59375
124021.0078125
121855.4140625
120305.84375
119239.21875
118611.5625
118675.828125
118920.53125
119413.765625
119965.5625
120453.0078125
120663.0
120682.3984375
120582.40625
120346.4765625
120048.546875
119646.078125
119203.6328125
118706.5703125
118195.0234375
117737.828125
117326.7265625
116881.1953125
116368.9453125
115843.3671875
115306.7578125
114813.515625
114406.78125
114016.5390625
113714.59375
113473.5625
113294.6171875
113158.3125
113059.6328125
112997.921875
112953.9921875
112962.7265625
113075.6640625
113244.2578125
113376.796875
113490.046875
113588.65625
113683.8984375
113761.8125
113823.1640625
113854.953125
113826.796875
113677.171875
113581.9453125
113510.4921875
113444.359375
113394.21875
113323.171875
113242.59375
113151.8359375
113053.5546875
112940.453125
112814.3671875
112681.203125
112527.359375
112358.6953125
112284.171875
112236.421875
112272.9140625
112277.0
112264.21875
112233.2109375
112189.6015625
112128.40625
112047.7265625
111955.1875
111843.359375
111731.109375
111664.7890625
111578.7265625
111482.9375
111362.4140625
111237.84375
111102.0859375
110965.3671875
110819.8515625
110672.9765625
110529.578125
110380.1953125
110228.9921875
110075.0234375
