25400.0
25400.0
25400.0
25400.0
25399.87890625
25399.21484375
25398.41796875
25397.7265625
25397.142578125
25396.701171875
25396.359375
25396.10546875
25395.927734375
25395.796875
25395.70703125
25395.640625
25395.59375
25395.564453125
25395.54296875
25395.48046875
25395.390625
25395.271484375
27856.025390625
44859.3046875
61730.7109375
78230.15625
90711.828125
102256.71875
112865.984375
120480.3046875
127788.390625
134034.734375
139203.125
143088.640625
146173.015625
148543.15625
150399.125
151734.296875
152583.34375
153959.234375
158063.328125
157373.328125
151222.109375
146007.625
141793.84375
139565.75
136889.1875
134129.765625
132447.5625
131327.46875
130656.390625
131050.6171875
131794.46875
132499.265625
133173.578125
133609.515625
134074.484375
134609.203125
135164.140625
135515.078125
135590.40625
135299.96875
134685.34375
133817.03125
132923.5625
132130.421875
131237.109375
130360.015625
129452.484375
128579.625
127693.90625
126829.3984375
126014.703125
125196.515625
124416.90625
123584.6171875
122793.875
122104.546875
121397.21875
120744.765625
120093.8125
119481.75
118866.046875
118265.8984375
117699.9296875
117130.8515625
116592.328125
116049.265625
115522.484375
115057.1796875
114555.125
114083.765625
113611.4453125
113167.484375
112720.109375
112283.90625
111873.6875
111461.96875
111076.6796875
110689.671875
110313.984375
109983.03125
109628.90625
109296.109375
108962.7109375
108648.8203125
108333.84375
108027.4296875
107739.7578125
107451.359375
107180.8671875
106907.4765625
106640.0859375
106405.7421875
106156.1640625
105921.296875
105686.5390625
105465.7109375
105244.515625
105028.453125
104825.203125
104620.703125
104428.59375
104235.8984375
