25400.0
25400.0
25397.763671875
24577.30859375
24587.734375
24315.158203125
23999.306640625
23925.634765625
23913.318359375
23912.482421875
23914.3203125
23917.05859375
23920.107421875
23924.537109375
23929.712890625
23935.857421875
23942.873046875
23950.16796875
23960.16015625
23972.078125
23987.93359375
24008.392578125
24038.921875
24077.845703125
24126.9140625
24201.421875
24310.279296875
24577.015625
24909.41015625
25078.658203125
25160.7265625
25189.416015625
25204.244140625
25214.775390625
25224.39453125
25232.873046875
25241.478515625
25249.955078125
25257.208984375
25263.708984375
25269.404296875
25274.90234375
25280.375
25285.15234375
25288.94921875
25292.5546875
25295.88671875
25298.765625
25301.37109375
25304.029296875
25305.798828125
25308.287109375
25310.51953125
25310.9765625
25311.052734375
25311.638671875
25308.75390625
25301.40234375
25346.302734375
25498.80859375
25766.0546875
26477.193359375
27631.154296875
29733.6953125
33152.7890625
37239.51953125
42085.0546875
46657.59765625
52000.42578125
57757.83203125
63989.0
70027.4921875
75423.546875
81789.90625
88223.9140625
94397.203125
100178.8515625
105332.296875
111404.90625
117561.703125
123170.828125
129082.1640625
135138.328125
140693.078125
145760.71875
150740.0625
155645.71875
157519.78125
157014.015625
156642.234375
156152.171875
155482.1875
154619.515625
153651.609375
152557.171875
151398.859375
150243.15625
149032.890625
147857.421875
146663.34375
145713.390625
144876.59375
143962.453125
143105.90625
142404.703125
141733.953125
140960.390625
140145.375
139350.84375
138551.703125
137802.109375
137051.0625
136319.703125
135648.09375
135109.984375
134314.65625
133472.5625
132672.9375
131894.859375
130935.078125
129984.9375
129025.2421875
128312.90625
128459.328125
