25400.0
25400.0
25012.068359375
24467.501953125
24058.755859375
23763.802734375
23434.8046875
23256.47265625
23177.96875
23175.28515625
23191.52734375
23224.396484375
23285.345703125
23384.37109375
23561.7578125
23921.76171875
24494.232421875
24754.501953125
24849.513671875
24894.07421875
24922.63671875
24949.708984375
24975.5859375
24999.275390625
25021.69140625
25042.037109375
25077.50390625
25103.140625
25120.650390625
25134.0546875
25144.11328125
25153.17578125
25160.900390625
25168.158203125
25175.291015625
25182.30859375
25187.333984375
25191.75390625
25196.482421875
25200.98046875
25204.23828125
25207.095703125
25209.67578125
25212.02734375
25214.234375
25215.41015625
25217.3515625
25219.927734375
25220.109375
25218.673828125
25220.6953125
25217.35546875
25268.9375
25431.26953125
25705.7890625
26603.5234375
28270.443359375
31811.939453125
36067.5703125
41218.1015625
46585.4296875
52416.21875
58857.625
65814.3515625
72210.1484375
79053.1328125
85712.046875
92662.875
98989.9765625
105451.671875
112220.7421875
119421.5703125
125673.234375
126920.140625
128202.046875
129215.4453125
130011.5625
130634.140625
131147.453125
131563.890625
131777.671875
131937.921875
131975.140625
131843.96875
131587.25
131251.6875
130833.234375
130385.0625
129887.734375
129368.8359375
128960.9140625
128853.7265625
128631.015625
128249.078125
127901.7265625
127576.7890625
127396.0234375
127263.6015625
127038.890625
126739.9921875
126387.4296875
126021.5
125686.9609375
125326.375
124981.7734375
124630.375
124290.1875
123949.40625
123612.9609375
123291.796875
122970.1953125
122666.4375
122343.4765625
122016.4765625
121751.6640625
121448.8203125
121113.25
121662.75
121587.3203125
121408.078125
120981.8203125
120527.2578125
120023.3046875
119519.1015625
119025.7578125
