25400.0
25400.0
25400.0
25400.0
25400.0
25400.0
25400.0
25400.0
25400.0
25400.0
25400.0
25400.0
25400.0
25400.0
25400.0
25400.0
25400.0
25400.0
25400.0
25400.0
26090.8203125
46418.16796875
66139.0390625
82106.609375
95237.2578125
106027.7109375
115301.4609375
122970.875
128795.4765625
133103.125
136730.40625
139592.796875
142311.6875
144503.28125
146240.3125
147605.40625
148646.84375
149539.140625
150469.4375
152528.25
156190.203125
155137.8125
157206.765625
161847.484375
157301.390625
155085.25
154046.828125
153387.953125
152021.4375
150394.9375
148963.984375
147438.484375
145835.453125
144387.765625
142829.703125
141382.75
139949.96875
138616.484375
137296.9375
136031.6875
134840.8125
133673.046875
132757.421875
131892.078125
131060.4921875
130349.0390625
129628.4453125
128976.015625
128135.359375
127448.6484375
126814.6953125
126178.2890625
125580.6171875
124997.7421875
124436.1640625
123835.6953125
123230.15625
122678.78125
122045.3515625
121437.2578125
120849.96875
120328.671875
119792.7890625
119261.21875
118752.28125
118243.1875
117765.796875
117296.1484375
116835.40625
116518.6328125
116162.8515625
115808.453125
115437.1171875
115075.484375
114701.578125
114329.0703125
113975.9921875
113616.09375
113275.234375
112935.5625
112617.6015625
112378.484375
112125.6171875
111881.0390625
111713.171875
111489.390625
111271.453125
111066.6015625
110874.7734375
110840.59375
110817.7421875
110756.5078125
110657.4921875
110540.4296875
110383.5859375
110210.2890625
110013.3359375
109807.703125
109576.390625
109327.4765625
109073.515625
108804.296875
108541.65625
108226.328125
