25400.0
25400.0
25400.0
25400.0
25400.0
25400.0
25400.0
25400.0
25400.0
25400.0
25400.0
25400.0
25400.0
25400.0
25400.0
25400.0
25400.0
25400.0
25400.0
25400.0
25400.0
31612.07421875
53154.375
71651.0
85739.03125
98653.7265625
109819.453125
119402.1171875
127510.6328125
133680.671875
139005.234375
142998.4375
146305.625
146657.796875
143308.9375
140189.3125
137340.21875
134642.390625
132260.25
129949.3046875
127882.234375
126203.0859375
124467.0703125
122886.28125
121229.2578125
119602.2890625
118020.75
116555.0703125
115194.96875
113673.7734375
112308.0078125
111084.0546875
110341.7734375
110423.6953125
110198.5625
109587.625
108993.8515625
108647.734375
108602.015625
108625.7265625
108600.4375
108572.1015625
108603.09375
108681.84375
108793.390625
108901.46875
108977.4765625
109007.5625
109077.34375
109176.453125
109293.578125
109366.8203125
109419.734375
109447.0234375
109448.5
109423.390625
109372.8203125
109306.3359375
109209.8671875
109096.421875
108959.5390625
108808.7734375
108637.40625
108454.9296875
108267.375
108066.8046875
107868.5625
107660.296875
107460.9453125
107375.1484375
107301.5234375
107251.1953125
107236.0859375
107252.8359375
107295.09375
107384.1640625
107526.1484375
107706.125
107905.3671875
108144.65625
108425.859375
108706.65625
109025.140625
109332.1796875
109732.71875
110109.5234375
110453.265625
110751.9453125
111006.09375
111255.4296875
111484.046875
111700.1171875
111887.8515625
112032.9609375
112167.75
112278.171875
112374.40625
112451.5234375
112515.59375
112484.234375
112409.8359375
112378.0546875
112364.4375
112346.1015625
