25400.0
25400.0
25400.0
25400.0
25400.0
25400.0
25400.0
25400.0
25400.0
25400.0
25400.0
25400.0
25400.0
25400.0
25400.0
25400.0
25400.0
25400.0
25400.0
25400.0
25400.0
25400.0
30854.021484375
52239.76171875
70053.6875
84141.5625
96682.0703125
107132.8359375
116141.859375
123329.578125
129601.21875
134326.71875
138239.1875
141323.375
143884.3125
145960.1875
147766.90625
149486.09375
150723.703125
151751.796875
152647.1875
153457.03125
154201.25
148641.421875
143782.90625
138798.609375
135587.109375
132954.515625
130537.03125
129080.1484375
127791.90625
126878.671875
126554.9921875
126986.125
127442.96875
127807.140625
127863.7890625
127728.9765625
127470.8359375
127086.5859375
126630.484375
126095.5
125533.03125
124917.96875
124434.5390625
123995.109375
123444.921875
122860.9765625
122233.2265625
121648.5625
121077.7890625
120549.2734375
120104.203125
119701.25
119357.2734375
119037.5546875
118751.03125
118521.7578125
118303.359375
118136.296875
118024.2734375
117965.265625
118044.140625
118119.8671875
118172.5859375
118204.859375
118231.8359375
118256.015625
118271.28125
118273.640625
118260.03125
118183.9140625
117966.734375
117810.84375
117685.125
117573.0625
117485.7734375
117379.515625
117263.546875
117132.5625
116992.984375
116858.1953125
116693.296875
116524.21875
116338.296875
116117.5078125
115914.75
115709.4375
115502.2890625
115276.1015625
115047.3671875
114839.59375
114676.5546875
114540.0078125
114482.1796875
114396.046875
114290.6015625
114174.375
114088.140625
114022.3359375
113938.609375
113831.078125
113711.9453125
113578.7265625
