25400.0
25400.0
25400.0
25400.0
25400.0
25400.0
25400.0
25400.0
25400.0
25400.0
25400.0
25400.0
25400.0
25400.0
25400.0
25400.0
25400.0
25400.0
25400.0
25400.0
25400.0
25400.0
44135.29296875
63885.53125
79353.0546875
92855.625
103380.9140625
112851.4296875
120862.0859375
126629.390625
131568.796875
135510.203125
138773.859375
141318.046875
143863.34375
145862.75
147332.234375
148438.0625
149373.90625
150198.625
151096.171875
153053.234375
156816.765625
156271.171875
157163.546875
152653.90625
149095.4375
146597.140625
145185.21875
144592.015625
144600.5625
143930.875
143007.03125
142016.734375
140848.71875
139901.1875
138818.125
137698.328125
136533.375
135428.828125
134413.71875
133409.21875
132484.71875
131576.953125
130712.6875
129969.84375
129192.5
128491.9375
127820.78125
127391.109375
126998.4296875
126616.1328125
126270.515625
125944.6875
125643.234375
125304.4375
124752.171875
124345.953125
123961.125
123606.4375
123254.4453125
122936.328125
122588.609375
122223.328125
121852.78125
121453.1171875
121042.1953125
120595.2265625
120175.15625
119822.1875
119426.3125
119027.1328125
118592.0234375
118181.0390625
117765.296875
117357.375
116969.109375
116563.984375
116283.6640625
115974.265625
115648.6640625
115346.0625
115008.3515625
114745.6875
114480.703125
114236.7109375
114061.5546875
113866.1015625
113674.8359375
113477.3359375
113282.953125
113079.859375
112874.65625
112686.09375
112479.5078125
112287.515625
112075.953125
111842.9375
111604.984375
111373.6015625
111199.9921875
111136.5703125
111066.8671875
110965.703125
