25400.0
25385.986328125
24728.16015625
24424.275390625
23539.9765625
22409.376953125
21679.40234375
22068.359375
23345.109375
24306.693359375
24871.458984375
24819.5390625
24805.33984375
24823.1953125
24858.28515625
24892.9765625
24932.46875
24972.564453125
25006.3515625
25041.61328125
25071.4453125
25099.39453125
25123.1875
25144.197265625
25163.107421875
25177.931640625
25191.7421875
25202.349609375
25211.634765625
25218.681640625
25225.607421875
25246.958984375
25302.353515625
25509.6484375
26225.634765625
28216.994140625
31664.3125
35887.52734375
41021.61328125
45933.71484375
50733.84765625
55731.3984375
61517.19140625
67058.65625
70768.0390625
74171.0390625
77274.6953125
80475.203125
83581.890625
86165.8125
88467.4609375
90528.859375
92541.6171875
94192.0078125
95706.4453125
97401.84375
98806.96875
100053.1171875
101146.390625
102229.015625
103205.0625
104034.015625
104857.0859375
105525.15625
106078.3125
106535.4140625
106886.90625
107384.421875
108103.25
108739.953125
109271.2421875
109682.6328125
110027.078125
110370.453125
110930.703125
111349.7734375
111671.875
111912.015625
112084.5703125
112232.125
112341.5546875
112429.7890625
112488.4453125
112516.46875
112517.390625
112494.078125
112469.6171875
112425.5546875
112341.1171875
112230.34375
112112.875
112000.078125
111907.6171875
111796.640625
111669.5703125
111522.5703125
111358.671875
111180.1640625
111006.984375
110842.6796875
110676.21875
110518.265625
110376.0859375
110215.8046875
110056.265625
109888.59375
109725.296875
109554.484375
109383.7890625
109218.1875
109046.4140625
108881.3984375
108711.4453125
108544.3046875
108427.609375
108346.9921875
108236.9765625
108096.4140625
107946.0625
107780.734375
107609.578125
107446.1171875
107281.2578125
107124.921875
106967.578125
