25400.0
25400.0
25400.0
25400.0
25400.0
25400.0
25400.0
25400.0
25400.0
25400.0
25400.0
25400.0
25400.0
25400.0
25400.0
25400.0
25400.0
25400.0
25400.0
25400.0
30282.59765625
44949.39453125
56441.59375
73551.6015625
88584.6015625
101280.3828125
111641.0078125
120631.65625
127307.3203125
132612.28125
136774.046875
139777.125
142658.171875
145056.375
146903.59375
148199.109375
149191.65625
150145.609375
152370.59375
156148.984375
154875.015625
149421.71875
144384.5625
141618.453125
139236.4375
137848.1875
137275.609375
137312.828125
136749.015625
135961.90625
135034.359375
133998.90625
133161.71875
132189.828125
131134.734375
130179.8984375
129163.375
128254.2578125
127364.875
126560.09375
125781.5703125
125052.2734375
124393.8046875
123763.453125
123212.1328125
122759.7109375
122484.4140625
122261.84375
122019.046875
121813.546875
121616.078125
121403.328125
121036.6328125
120670.7265625
120385.1015625
120113.0625
119872.5234375
119639.6015625
119386.1640625
119146.515625
118872.484375
118594.0
118267.046875
117936.484375
117632.8125
117311.8828125
116987.7578125
116651.3984375
116328.75
116002.4765625
115674.78125
115353.5234375
115070.3671875
114822.0859375
114544.9296875
114261.84375
113958.609375
113650.2734375
113409.296875
113185.3828125
112996.296875
112864.6875
112715.984375
112574.2421875
112408.3359375
112235.984375
112068.5859375
111913.96875
111774.0234375
111565.7421875
111352.8515625
111133.6640625
111102.2421875
111054.078125
110966.3046875
110856.421875
110706.6640625
110541.015625
110353.34375
110156.9921875
109935.390625
109693.265625
109444.46875
109179.2734375
108918.46875
108647.75
