20000.0
20000.0
20000.0
20000.0
20000.0
20000.0
20000.0
20000.0
20000.0
20000.0
20000.0
20000.0
20000.0
20000.0
20000.0
20000.0
20000.0
20000.0
20000.0
20000.0
20000.0
20000.0
20000.0
20000.0
19999.880859375
20000.0
20000.0
19999.69140625
20000.0
20000.0
20000.0
20000.0
20000.0
20000.0
20000.017578125
20000.0
19512.251953125
18826.369140625
18225.42578125
17664.39453125
17156.3203125
16732.1640625
16297.6728515625
15906.201171875
15534.5712890625
15199.4189453125
14863.0380859375
14538.8994140625
14235.115234375
13820.0908203125
13484.548828125
13184.171875
12901.8232421875
12655.193359375
12395.236328125
12169.2763671875
11955.02734375
11758.9658203125
11595.068359375
11440.875
11297.6669921875
11152.265625
10980.8671875
10709.1083984375
10467.9130859375
10303.39453125
10168.95703125
10039.7548828125
9902.326171875
9774.5732421875
9629.841796875
9479.849609375
9338.5029296875
9189.6298828125
9051.8310546875
8924.0595703125
8804.35546875
8696.9921875
8580.4521484375
8475.115234375
8376.3974609375
8287.1572265625
8198.2373046875
8110.984375
8035.40087890625
7960.3642578125
7888.4873046875
7813.32275390625
7736.8408203125
7667.17236328125
7589.27001953125
7512.8125
7433.61376953125
7357.07080078125
7277.02978515625
7195.51318359375
7116.67138671875
7038.64208984375
6970.08984375
6908.142578125
6850.47705078125
6800.0625
6745.56787109375
6694.30908203125
6642.70751953125
6594.2470703125
6545.400390625
6497.8193359375
6453.03515625
6407.955078125
6365.52001953125
6318.2138671875
6269.349609375
6225.404296875
6178.21923828125
6134.22021484375
6090.5458984375
6049.9228515625
6009.58447265625
5970.80126953125
5934.5810546875
5898.5419921875
5864.79638671875
5831.12744140625
