20000.0
20000.0
20000.0
20000.0
20000.0
20000.0
20000.0
20000.0
20000.0
20000.0
20000.0
20000.0
20000.0
20000.0
20000.0
20000.0
20000.0
20000.0
20000.0
20000.0
20000.0
20000.0
20000.0
20000.0
20000.0
20000.0
20000.0
20000.0
20000.0
20000.0
20000.0
20000.0
19999.900390625
20000.0
20000.0
20000.0
20000.0
20000.0
19999.99609375
20000.0
20000.0
20000.0
20000.0
20000.0
19999.998046875
20000.0
20000.0
20000.0
20000.0
20000.0
20000.0
20000.0
20000.0
19999.982421875
20000.0
20000.0
20000.0
19696.818359375
18783.314453125
17984.76953125
17230.244140625
16542.169921875
15931.3447265625
15345.9931640625
14817.9404296875
14328.7509765625
13931.2490234375
13592.009765625
13236.119140625
12913.5556640625
12612.0185546875
12325.6259765625
12041.033203125
11770.40625
11520.224609375
11209.1259765625
10926.3681640625
10672.6103515625
10438.05859375
10240.875
10047.650390625
9878.921875
9633.2177734375
9390.369140625
9175.3671875
8996.86328125
8830.7578125
8661.4130859375
8499.4658203125
8328.3564453125
8155.89892578125
8004.57373046875
7844.9853515625
7701.0341796875
7556.31689453125
7416.123046875
7275.83349609375
7144.27294921875
7025.24853515625
6908.99462890625
6799.3515625
6687.70263671875
6577.9111328125
6481.04443359375
6358.935546875
6242.51806640625
6129.75341796875
6026.1318359375
5923.01806640625
5822.7578125
5729.20263671875
5636.92041015625
5550.458984375
5464.515625
5378.67578125
5301.7138671875
5218.01904296875
5138.95654296875
5059.5595703125
4989.537109375
4927.86669921875
4866.3447265625
4807.30810546875
4746.58447265625
4688.92138671875
4630.2412109375
