20000.0
20000.0
19999.998046875
20000.0
20000.0
20000.0
20000.0
20000.0
20000.0
20000.0
20000.0
20000.0
19999.998046875
20000.0
20000.0
20000.0
20000.0
20000.0
20000.0
20000.0
20000.0
20000.0
20000.0
20000.0
20000.0
20000.0
20000.0
20000.0
20000.0
20000.0
20000.0
20000.0
20000.0
20000.0
20000.0
20000.0
20000.0
20000.0
20000.0
20000.0
20000.0
20000.0
19999.99609375
19999.998046875
20000.0
20000.0
19999.998046875
19999.998046875
19999.998046875
20000.0
20000.0
20000.0
19823.96484375
18962.51953125
18258.55078125
17565.255859375
16958.556640625
16365.9267578125
15859.03125
15377.6904296875
14896.4482421875
14463.1171875
14055.236328125
13690.3154296875
13332.5361328125
12984.7255859375
12681.802734375
12365.5927734375
12069.6181640625
11789.3828125
11537.9150390625
11294.3193359375
11065.4423828125
10852.3955078125
10648.4658203125
10485.6572265625
10323.3173828125
10178.7861328125
10048.677734375
9903.9658203125
9753.8388671875
9599.1376953125
9457.0625
9317.794921875
9184.19140625
9059.44140625
8934.5068359375
8816.80859375
8697.951171875
8581.8564453125
8479.3369140625
8368.595703125
8264.212890625
8160.1201171875
8060.7470703125
7959.9931640625
7862.1298828125
7770.5283203125
7679.00341796875
7591.79833984375
7502.556640625
7415.32177734375
7338.72607421875
7256.65673828125
7179.84716796875
7102.951171875
7030.732421875
6957.84130859375
6886.494140625
6818.9072265625
6750.78955078125
6686.3359375
6621.193359375
6557.7216796875
6502.31689453125
6442.30712890625
6385.376953125
6327.71240234375
6272.9853515625
6217.53466796875
6163.2529296875
6107.5947265625
6033.447265625
5961.12548828125
5897.0439453125
