20000.0
20000.0
20000.0
20000.0
20000.0
20000.0
20000.0
20000.0
20000.0
20000.0
20000.0
20000.0
20000.0
20000.0
20000.0
20000.0
20000.0
20000.0
20000.0
20000.0
20000.0
20000.0
20000.0
20000.0
20000.0
19999.998046875
19999.9921875
19999.9375
20000.0
20000.0
20000.0
19999.9921875
20000.0
20000.0
20000.0
20000.0
19826.71484375
19118.72265625
18502.39453125
17929.119140625
17408.236328125
16972.740234375
16528.048828125
16128.697265625
15743.3896484375
15409.4638671875
15072.0322265625
14746.45703125
14445.76953125
14144.390625
13779.939453125
13424.5087890625
13123.2724609375
12872.7626953125
12611.8505859375
12371.3798828125
12143.84375
11940.8994140625
11742.87109375
11581.390625
11436.9853515625
11291.8251953125
11150.146484375
10998.857421875
10742.8876953125
10517.2265625
10331.845703125
10197.7919921875
10078.6474609375
9955.2119140625
9828.951171875
9699.8671875
9565.1220703125
9422.3974609375
9283.826171875
9140.763671875
9009.87890625
8905.91796875
8798.6884765625
8695.3486328125
8589.3115234375
8492.7265625
8399.8564453125
8313.1669921875
8237.0458984375
8163.74365234375
8094.71435546875
8024.228515625
7952.9052734375
7887.7470703125
7815.10009765625
7744.5400390625
7671.09521484375
7600.3759765625
7528.21826171875
7455.51318359375
7383.77978515625
7308.26953125
7236.41650390625
7165.904296875
7103.8759765625
7052.74560546875
6998.77783203125
6947.94921875
6896.37841796875
6847.68212890625
6798.7119140625
6751.01171875
6705.8486328125
6660.3828125
6617.47412109375
6574.27734375
6532.12841796875
6494.44580078125
6449.5361328125
6404.8603515625
6359.28125
6316.3916015625
6273.67578125
6232.6728515625
6194.41259765625
6156.322265625
6120.83447265625
6085.4921875
