20000.0
20000.0
20000.0
20000.0
20000.0
20000.0
20000.0
20000.0
20000.0
20000.0
20000.0
20000.0
20000.0
20000.0
20000.0
20000.0
20000.0
20000.0
20000.0
20000.0
20000.0
20000.0
20000.0
19999.9765625
20000.0
19999.990234375
19999.685546875
20000.0
20000.0
19999.98046875
19712.60546875
18805.599609375
17985.685546875
17283.205078125
16681.890625
16153.4638671875
15689.5263671875
15249.53515625
14849.50390625
14469.1240234375
14117.5419921875
13820.5888671875
13514.427734375
13235.62109375
12964.046875
12721.0146484375
12488.1142578125
12257.453125
12039.7890625
11823.6552734375
11623.2119140625
11430.4365234375
11266.234375
11125.18359375
10971.6611328125
10825.5029296875
10679.3671875
10541.98828125
10403.6640625
10269.06640625
10141.91796875
10013.9462890625
9893.47265625
9756.5947265625
9592.400390625
9460.060546875
9327.25390625
9207.9130859375
9091.5302734375
8983.697265625
8876.359375
8791.5947265625
8716.0712890625
8638.29296875
8562.935546875
8486.25
8410.7294921875
8343.7763671875
8219.5244140625
8078.80712890625
7952.2958984375
7858.18310546875
7783.85595703125
7723.5048828125
7670.35498046875
7608.8125
7544.416015625
7478.99462890625
7417.94482421875
7361.01708984375
7289.6923828125
7218.06591796875
7148.3740234375
7085.02978515625
7020.724609375
6958.70849609375
6903.12353515625
6851.68310546875
6806.78173828125
6761.796875
6716.2578125
6676.9873046875
6632.54150390625
6588.40576171875
6543.26318359375
6501.63818359375
6460.99072265625
6422.076171875
6385.04443359375
6346.7646484375
6309.53564453125
6270.73193359375
6231.82861328125
6196.986328125
6158.85888671875
6123.009765625
6086.8876953125
6052.39306640625
6016.90771484375
5981.2802734375
5946.51953125
5910.04345703125
5874.5947265625
5838.1396484375
