20000.0
20000.0
20000.0
20000.0
20000.0
20000.0
20000.0
20000.0
20000.0
20000.0
20000.0
20000.0
20000.0
20000.0
20000.0
20000.0
20000.0
20000.0
20000.0
20000.0
20000.0
20000.0
20000.0
20000.0
20000.0
20000.001953125
20000.0
20000.0
20000.0
20000.0
20000.0
19958.892578125
19067.025390625
18341.984375
17682.4609375
17091.4140625
16568.916015625
16075.8671875
15639.759765625
15227.0478515625
14845.4912109375
14522.466796875
14187.9755859375
13894.962890625
13604.2216796875
13328.8740234375
13055.1064453125
12794.26171875
12553.6650390625
12316.810546875
12093.4384765625
11873.115234375
11681.4970703125
11460.3671875
11240.4677734375
11055.41796875
10875.9638671875
10709.1015625
10543.6767578125
10385.2353515625
10233.4462890625
10086.673828125
9971.9658203125
9858.443359375
9746.7265625
9647.8779296875
9537.1953125
9354.9296875
9158.6650390625
9009.1044921875
8893.0322265625
8802.939453125
8716.166015625
8618.5458984375
8525.8271484375
8432.572265625
8326.4228515625
8223.6083984375
8114.91552734375
8013.63525390625
7913.45361328125
7825.77001953125
7746.81103515625
7672.9560546875
7602.89794921875
7526.78955078125
7452.1533203125
7379.37060546875
7314.8681640625
7264.24169921875
7210.958984375
7159.6279296875
7105.732421875
7053.052734375
6998.103515625
6942.83544921875
6889.18408203125
6833.52490234375
6779.5263671875
6724.20947265625
6670.0126953125
6621.3759765625
6567.04296875
6513.48974609375
6457.12890625
6402.720703125
6347.8212890625
6297.58251953125
6254.0595703125
6211.48046875
6171.1474609375
6130.00439453125
6089.54345703125
6053.79541015625
6015.23583984375
5978.9775390625
5942.42578125
5907.85888671875
5873.0595703125
5839.123046875
5807.0537109375
5774.734375
5744.19580078125
5713.427734375
