20000.0
20000.0
20000.0
20000.0
19999.998046875
20000.0
20000.0
20000.0
20000.0
20000.0
20000.0
20000.0
20000.0
20000.0
20000.0
20000.0
20000.0
20000.0
20000.0
20000.0
20000.0
20000.0
20000.0
20000.0
20000.0
20000.0
20000.0
20000.0
20000.0
20000.0
20000.0
19999.9375
20000.0
19298.099609375
18545.337890625
17883.673828125
17309.287109375
16769.30078125
16289.9814453125
15842.7138671875
15432.61328125
15087.4267578125
14731.7373046875
14409.0166015625
14094.3466796875
13804.6181640625
13519.4033203125
13263.4326171875
13021.9189453125
12779.5283203125
12553.6630859375
12325.98828125
12103.98828125
11910.2666015625
11714.7255859375
11548.7392578125
11383.9658203125
11214.2236328125
10995.90234375
10817.462890625
10659.5390625
10504.6552734375
10350.607421875
10197.681640625
10054.189453125
9930.2783203125
9809.3759765625
9714.3603515625
9617.8623046875
9524.4404296875
9429.169921875
9336.0380859375
9221.4443359375
9046.875
8887.830078125
8761.009765625
8664.43359375
8593.8173828125
8517.60546875
8436.7431640625
8352.1484375
8274.5625
8189.14892578125
8096.1015625
8007.9072265625
7922.33544921875
7841.42919921875
7760.60400390625
7686.8603515625
7627.56640625
7565.31494140625
7504.365234375
7439.77587890625
7379.6513671875
7321.23486328125
7266.0478515625
7216.2255859375
7166.8818359375
7119.63134765625
7070.3388671875
7020.29736328125
6974.85888671875
6924.9140625
6876.91943359375
6827.28515625
6780.01416015625
6732.3203125
6685.490234375
6640.0888671875
6592.6005859375
6545.90625
6497.23388671875
6448.93701171875
6406.60791015625
6363.8271484375
6325.99560546875
6288.2392578125
6252.013671875
6214.66748046875
6177.44873046875
6141.70361328125
6105.509765625
6071.3603515625
6037.01220703125
