20000.0
20000.0
20000.0
20000.0
20000.0
20000.0
20000.0
20000.0
20000.0
20000.0
20000.0
20000.0
20000.0
20000.0
20000.0
20000.0
20000.0
20000.0
20000.0
20000.0
20000.0
20000.0
20000.0
20000.0
19999.32421875
19995.021484375
19999.62890625
20000.0
20000.0
20000.0
20000.0
20000.0
20000.0
20000.0
20000.005859375
19549.83984375
18868.5703125
18231.896484375
17676.28125
17154.732421875
16689.40234375
16302.2353515625
15893.1240234375
15517.4345703125
15144.9873046875
14781.8671875
14302.8076171875
13930.5625
13610.0771484375
13303.6884765625
13022.8115234375
12740.5234375
12467.548828125
12246.099609375
12055.84375
11886.5966796875
11716.8955078125
11556.8779296875
11296.810546875
11015.79296875
10783.041015625
10601.6357421875
10448.1279296875
10287.1015625
10134.5927734375
9984.541015625
9808.9345703125
9643.3076171875
9473.6884765625
9321.7763671875
9179.376953125
9039.166015625
8901.40625
8764.4716796875
8642.50390625
8526.953125
8419.88671875
8327.548828125
8229.0283203125
8139.60302734375
8053.85107421875
7972.99853515625
7888.28955078125
7802.0029296875
7717.744140625
7629.33154296875
7542.87646484375
7453.6416015625
7364.14013671875
7282.52783203125
7193.18359375
7110.97021484375
7033.333984375
6970.26318359375
6909.919921875
6851.9033203125
6797.09912109375
6741.9599609375
6689.85986328125
6637.46240234375
6586.47265625
6537.69189453125
6480.96728515625
6426.07080078125
6370.90771484375
6319.46533203125
6268.6572265625
6219.771484375
6174.4384765625
6129.501953125
6087.64453125
6046.10693359375
6006.01708984375
5971.00341796875
5933.58154296875
5898.66845703125
5863.7998046875
5831.021484375
5798.4052734375
5766.60693359375
5736.02294921875
5705.82177734375
5677.5302734375
5649.12353515625
