20000.0
20000.0
20000.0
20000.0
20000.0
20000.0
20000.0
20000.0
20000.0
20000.0
20000.0
20000.0
20000.0
20000.0
20000.0
20000.0
20000.0
20000.0
20000.0
20000.0
20000.0
20000.0
20000.0
20000.0
20000.0
19995.091796875
20000.0
20000.0
20000.0
20000.0
20000.0
20000.0
19146.095703125
18354.833984375
17621.431640625
17009.05078125
16487.87890625
16000.7333984375
15567.62890625
15151.708984375
14765.0673828125
14439.236328125
14104.3486328125
13801.9169921875
13508.822265625
13241.7109375
12982.494140625
12739.6767578125
12522.197265625
12298.9013671875
12086.9287109375
11875.681640625
11673.080078125
11505.84375
11344.951171875
11196.6416015625
11047.2978515625
10903.935546875
10758.236328125
10615.7998046875
10482.42578125
10348.6875
10222.3740234375
10062.814453125
9897.212890625
9769.189453125
9638.9208984375
9516.287109375
9387.0830078125
9267.3251953125
9150.9814453125
9040.9765625
8958.404296875
8878.46484375
8800.8955078125
8720.75
8641.7783203125
8571.701171875
8489.71484375
8361.646484375
8215.3095703125
8095.708984375
7999.919921875
7924.7685546875
7864.431640625
7804.44677734375
7739.857421875
7669.04248046875
7601.5791015625
7542.82080078125
7471.62060546875
7396.701171875
7321.201171875
7252.849609375
7185.04248046875
7118.71728515625
7057.96923828125
7001.1513671875
6951.3896484375
6901.9111328125
6851.55859375
6804.93505859375
6752.06494140625
6704.830078125
6659.91796875
6618.9658203125
6579.12109375
6540.44091796875
6503.173828125
6464.27880859375
6425.8134765625
6385.57666015625
6345.2734375
6309.08251953125
6269.130859375
6230.3232421875
6190.115234375
6151.81103515625
6113.30224609375
6075.44873046875
6038.67431640625
6000.2548828125
5962.51904296875
5922.99658203125
