20000.0
19999.998046875
20000.0
20000.0
19298.66015625
18834.44140625
18554.92578125
18520.056640625
19034.21484375
19630.359375
20000.0
20000.0
20000.0
20000.0
20000.0
20000.0
20000.0
20000.0
20000.0
20000.0
20000.0
20000.0
20000.0
20000.0
20000.0
20000.0
20000.0
20000.0
20000.0
20000.0
20000.0
20000.0
20000.0
19999.994140625
20000.0
20000.0
20000.0
19920.51953125
19193.1796875
18477.916015625
17698.20703125
16920.849609375
16192.6103515625
15581.06640625
14903.4375
14325.4814453125
13795.70703125
13322.22265625
12846.0869140625
12401.537109375
12007.6728515625
11645.39453125
11335.0654296875
11014.986328125
10707.783203125
10442.5087890625
10161.2216796875
9903.9765625
9653.857421875
9432.75390625
9255.9189453125
9084.1142578125
8920.62109375
8753.267578125
8599.2880859375
8447.357421875
8300.8671875
8172.24755859375
8033.8583984375
7903.7861328125
7773.494140625
7650.7890625
7528.998046875
7409.947265625
7297.53271484375
7184.41015625
7084.0615234375
6988.201171875
6891.9541015625
6796.7275390625
6694.11962890625
6599.38916015625
6505.74755859375
6418.1962890625
6330.494140625
6245.45361328125
6165.23291015625
6084.4384765625
6008.2275390625
5931.44140625
5856.64794921875
5790.7421875
5719.6728515625
5652.61572265625
5585.24853515625
5522.009765625
5458.39453125
5396.88623046875
5338.97314453125
5280.087890625
5224.0419921875
5167.1201171875
5110.78955078125
5060.6708984375
5006.326171875
4954.931640625
4903.216796875
4854.2578125
4804.5732421875
4754.76416015625
4706.982421875
4658.6591796875
4613.1611328125
4567.57666015625
4523.36572265625
4484.40625
4442.27490234375
4402.4208984375
4362.2490234375
4324.2607421875
4285.90869140625
4248.4658203125
4213.046875
4177.2529296875
4143.4208984375
4109.50146484375
