20000.0
20000.0
20000.0
20000.0
19999.998046875
20000.0
20000.0
20000.0
20000.0
20000.0
20000.0
20000.0
20000.0
20000.0
20000.0
20000.0
20000.0
20000.0
20000.0
20000.0
20000.0
20000.0
20000.0
20000.0
20000.0
20000.0
20000.0
19999.87109375
20000.0
20000.0
20000.0
20000.0
20000.0
20000.0
19472.98828125
18750.81640625
18123.060546875
17537.5234375
17016.208984375
16526.1328125
16079.4326171875
15705.26171875
15320.4375
14971.525390625
14652.1376953125
14351.9580078125
14048.271484375
13755.1103515625
13483.85546875
13215.046875
12964.728515625
12680.2021484375
12363.8349609375
12131.2177734375
11906.462890625
11705.0771484375
11509.8203125
11330.095703125
11150.572265625
10976.83984375
10823.837890625
10691.701171875
10567.6552734375
10442.0361328125
10316.990234375
10184.205078125
9951.6845703125
9741.5283203125
9580.505859375
9463.5283203125
9361.6875
9251.30078125
9141.9736328125
9033.2958984375
8919.16796875
8795.533203125
8672.5791015625
8557.1259765625
8434.03515625
8327.154296875
8230.142578125
8141.154296875
8048.330078125
7955.0380859375
7870.1396484375
7788.8759765625
7714.90625
7641.92724609375
7573.666015625
7516.5986328125
7455.66552734375
7396.751953125
7334.84033203125
7274.03076171875
7210.7626953125
7147.21875
7085.32568359375
7020.9462890625
6959.25244140625
6896.04931640625
6832.111328125
6773.2275390625
6706.98828125
6643.33935546875
6580.28759765625
6525.15673828125
6474.4638671875
6426.70703125
6381.84130859375
6336.50830078125
6293.73583984375
6250.47216796875
6208.48876953125
6171.38525390625
6131.3271484375
6093.447265625
6055.314453125
6019.25927734375
5982.9609375
5947.62841796875
5911.4072265625
5872.185546875
5834.115234375
5795.56689453125
