20000.0
20000.0
20000.0
18619.5
17478.103515625
16934.765625
16518.4609375
16592.841796875
16773.5078125
17179.548828125
17669.71875
18189.462890625
18681.455078125
19115.900390625
19518.404296875
19867.193359375
20000.0
20000.0
20000.0
20000.0
20000.0
20000.0
20000.0
20000.0
20000.0
20000.0
20000.0
20000.0
20000.0
20000.0
19999.939453125
20000.0
20000.0
19210.2421875
18410.755859375
17762.037109375
17319.279296875
16901.884765625
16452.056640625
16008.7119140625
15490.546875
14953.59375
14468.701171875
13956.03515625
13450.15625
12958.6787109375
12535.9365234375
12135.6318359375
11751.0224609375
11396.517578125
11093.6806640625
10803.849609375
10502.6689453125
10227.748046875
9994.86328125
9750.3984375
9525.984375
9304.779296875
9098.9833984375
8895.5771484375
8698.6953125
8539.1953125
8407.3740234375
8283.2578125
8158.14599609375
8035.6611328125
7927.048828125
7809.150390625
7697.30810546875
7588.73291015625
7493.404296875
7386.6591796875
7275.3359375
7172.3369140625
7070.58544921875
6975.6162109375
6880.63916015625
6788.70703125
6707.6533203125
6619.2744140625
6535.18701171875
6449.94091796875
6369.2080078125
6287.52001953125
6208.02783203125
6133.4267578125
6058.75390625
5989.45458984375
5920.37451171875
5852.34521484375
5790.8701171875
5723.734375
5660.4248046875
5597.029296875
5537.73583984375
5478.45751953125
5420.88330078125
5366.56298828125
5311.7216796875
5259.87548828125
5207.64599609375
5156.85205078125
5112.1572265625
5064.10009765625
5018.7998046875
4973.2109375
4930.1435546875
4886.759765625
4844.50537109375
4804.63037109375
4764.31298828125
4722.9619140625
4679.07568359375
4637.7578125
4602.48486328125
4565.3837890625
4530.8857421875
4496.208984375
4463.36376953125
4430.2978515625
4397.99951171875
4367.40625
4336.4326171875
4307.02294921875
4277.16064453125
