20000.0
20000.0
20000.0
20000.0
20000.0
20000.0
20000.0
20000.0
20000.0
20000.0
20000.0
20000.0
20000.0
20000.0
20000.0
20000.0
20000.0
20000.0
20000.0
20000.0
20000.0
20000.0
20000.0
19999.998046875
19999.689453125
20000.0
20000.0
20000.0
20000.0
20000.0
20000.0
20000.0
20000.001953125
20000.0
20000.0
20000.0
20000.0
19999.998046875
20000.0
19999.99609375
20000.0
20000.0
19999.994140625
20000.0
20000.0
20000.0
19999.994140625
19999.998046875
19999.998046875
20000.0
19748.673828125
19331.119140625
18913.470703125
18163.958984375
17563.015625
16937.98828125
16364.787109375
15801.8740234375
15288.669921875
14784.1455078125
14283.8017578125
13803.4873046875
13319.8916015625
12865.4150390625
12409.58203125
11990.8955078125
11640.3955078125
11252.92578125
10883.4091796875
10515.197265625
10175.1611328125
9842.4130859375
9533.2900390625
9236.1962890625
8938.78515625
8668.46484375
8406.6279296875
8159.01123046875
7933.81201171875
7702.70263671875
7495.34228515625
7295.80810546875
7113.7294921875
6936.0390625
6765.9384765625
6608.5810546875
6454.056640625
6311.59228515625
6180.306640625
6055.03466796875
5930.48046875
5792.36767578125
5672.2314453125
5556.26953125
5450.41796875
5347.1787109375
5250.1875
5161.96435546875
5076.296875
5001.3837890625
4930.5751953125
4863.15869140625
4804.28955078125
4741.5302734375
4683.08154296875
4624.90185546875
4570.37451171875
4515.78857421875
4462.95556640625
4413.3857421875
4364.16845703125
4320.568359375
4281.009765625
4246.6875
4218.11669921875
4188.16650390625
4160.29296875
4132.603515625
4106.87255859375
4081.30419921875
4056.66162109375
4033.527587890625
4010.121826171875
3987.724853515625
3965.696044921875
