20000.0
20000.0
20000.0
20000.0
20000.0
20000.0
20000.0
20000.0
20000.0
20000.0
20000.0
20000.0
20000.0
20000.0
20000.0
20000.0
20000.0
20000.0
20000.0
20000.0
20000.0
20000.0
20000.0
20000.0
19999.978515625
19999.923828125
20000.0
19999.759765625
20000.0
19999.931640625
20000.0
20000.0
19999.9609375
20000.0
20000.0
20000.005859375
20000.0
20000.0
19852.25390625
19191.50390625
18592.404296875
18097.486328125
17597.669921875
17159.96875
16724.845703125
16320.0546875
15768.81640625
15300.8876953125
14910.3623046875
14542.9423828125
14210.3818359375
13884.787109375
13574.095703125
13309.0888671875
13084.916015625
12876.1181640625
12666.7783203125
12401.0517578125
12040.1376953125
11743.6044921875
11537.6962890625
11360.5107421875
11186.783203125
11013.0595703125
10822.591796875
10644.408203125
10449.9931640625
10262.6044921875
10084.568359375
9926.1220703125
9765.833984375
9612.197265625
9476.8193359375
9350.8271484375
9236.3564453125
9125.36328125
9024.6875
8935.9111328125
8838.51953125
8743.453125
8644.05859375
8547.24609375
8446.7275390625
8346.5478515625
8249.0029296875
8146.91162109375
8049.0927734375
7954.6337890625
7871.0185546875
7804.14306640625
7734.1220703125
7668.41748046875
7602.1611328125
7539.41650390625
7476.49560546875
7415.044921875
7357.236328125
7293.76806640625
7229.880859375
7164.18896484375
7100.89892578125
7045.857421875
6987.66259765625
6933.884765625
6880.53369140625
6830.9951171875
6781.98291015625
6734.69091796875
6690.71142578125
6646.90771484375
6605.97021484375
6565.1806640625
6525.80712890625
6491.28076171875
6453.37353515625
6418.15576171875
6382.91162109375
6349.74951171875
6316.47119140625
6284.08544921875
6253.5556640625
6222.822265625
6193.8505859375
6164.79150390625
