20000.0
20000.0
20000.0
19999.994140625
20000.0
20000.0
20000.0
20000.0
20000.0
20000.0
20000.0
20000.0
20000.0
20000.0
20000.0
20000.0
20000.0
20000.0
20000.0
20000.0
20000.0
20000.0
20000.0
20000.0
20000.0
20000.0
20000.00390625
19999.923828125
20000.0
20000.0
20000.0
20000.0
20000.0
20000.0
19443.513671875
18764.69140625
18135.052734375
17583.224609375
17058.705078125
16576.64453125
16175.7373046875
15767.349609375
15399.46484375
15044.337890625
14732.78515625
14433.037109375
14140.9580078125
13864.8466796875
13588.826171875
13332.638671875
13076.3642578125
12816.8251953125
12513.630859375
12248.564453125
12034.7998046875
11827.369140625
11636.34375
11448.24609375
11268.8037109375
11102.5283203125
10935.32421875
10788.6572265625
10660.380859375
10536.4033203125
10426.541015625
10307.357421875
10188.291015625
9969.7412109375
9753.66015625
9582.98046875
9456.1953125
9359.5869140625
9254.578125
9146.734375
9041.0458984375
8929.8134765625
8820.4716796875
8701.935546875
8588.740234375
8467.8203125
8356.185546875
8253.296875
8159.3056640625
8071.5693359375
7979.32861328125
7891.5869140625
7806.46435546875
7728.5390625
7661.60888671875
7590.38720703125
7522.8798828125
7458.8056640625
7400.81396484375
7342.05419921875
7282.84326171875
7224.65966796875
7163.33154296875
7103.8212890625
7041.96728515625
6979.587890625
6922.9169921875
6860.64892578125
6800.5712890625
6737.6953125
6675.81103515625
6610.841796875
6546.7529296875
6487.39306640625
6432.44970703125
6384.955078125
6338.7080078125
6293.9462890625
6254.29443359375
6211.5078125
6170.79541015625
6130.0859375
6091.5849609375
6052.79296875
6014.84326171875
5979.025390625
5942.86376953125
5908.72021484375
5874.32373046875
