20000.0
20000.0
20000.0
20000.0
19153.818359375
18638.259765625
18262.18359375
18102.435546875
18304.23046875
18707.54296875
19066.126953125
19510.22265625
20000.0
20000.0
20000.0
20000.0
20000.0
20000.0
20000.0
20000.0
20000.0
20000.0
20000.0
20000.0
20000.0
20000.0
20000.0
20000.0
20000.0
20000.0
20000.0
20000.0
20000.0
20000.0
20000.0
20000.0
20000.0
20000.0
19999.986328125
20000.0
20000.0
19498.771484375
18583.255859375
17846.041015625
17084.650390625
16385.994140625
15715.37890625
15077.6435546875
14485.7724609375
13947.30078125
13471.2587890625
12999.775390625
12576.0517578125
12173.6630859375
11802.1845703125
11520.9931640625
11213.9443359375
10927.005859375
10640.0634765625
10373.1748046875
10111.67578125
9865.287109375
9640.1572265625
9419.4814453125
9213.7802734375
9050.208984375
8894.11328125
8759.1650390625
8615.275390625
8479.9755859375
8344.255859375
8216.5400390625
8087.95849609375
7962.78125
7844.294921875
7724.7607421875
7611.83203125
7498.9111328125
7389.46826171875
7292.61328125
7197.81396484375
7107.77587890625
7004.697265625
6907.82861328125
6812.0458984375
6719.62353515625
6632.849609375
6545.74169921875
6463.375
6380.49365234375
6299.52783203125
6227.994140625
6150.73583984375
6077.7705078125
6004.2822265625
5934.8515625
5864.822265625
5796.583984375
5732.22314453125
5667.47265625
5606.23681640625
5544.29541015625
5483.84326171875
5431.10546875
5374.080078125
5319.98681640625
5265.33447265625
5213.60595703125
5161.4052734375
5110.41748046875
5062.30224609375
5013.4501953125
4966.12744140625
4917.04541015625
4868.52294921875
4825.57666015625
4779.330078125
4735.88525390625
4692.3037109375
4651.22607421875
4609.73828125
4569.123046875
4530.66943359375
4491.78662109375
4454.94140625
4417.70068359375
