20000.0
19999.94140625
18782.5859375
18206.046875
17409.130859375
17156.318359375
16985.2734375
17016.734375
17233.666015625
17537.330078125
18217.9375
18774.388671875
19328.33203125
19905.091796875
20000.0
20000.0
20000.0
20000.0
20000.0
20000.0
20000.0
20000.0
20000.0
20000.0
20000.0
20000.0
20000.0
20000.0
20000.0
20000.0
20000.001953125
20000.0
19999.970703125
20000.0
19438.642578125
18583.58203125
17923.107421875
17271.8671875
16651.361328125
15972.7275390625
15290.2265625
14661.802734375
14065.3134765625
13459.369140625
12974.65625
12499.8994140625
12079.2900390625
11655.1337890625
11269.099609375
10906.388671875
10571.9736328125
10289.5810546875
10005.9716796875
9739.173828125
9474.74609375
9223.8603515625
9009.0849609375
8802.728515625
8643.1884765625
8484.349609375
8334.79296875
8180.73388671875
8026.5751953125
7884.5615234375
7744.5751953125
7614.00341796875
7483.13916015625
7356.21142578125
7244.87451171875
7125.29345703125
7012.705078125
6899.62744140625
6793.43798828125
6686.83544921875
6583.3251953125
6485.92431640625
6391.7861328125
6311.2353515625
6221.96435546875
6129.611328125
6048.97607421875
5963.16162109375
5883.03564453125
5802.95849609375
5727.53125
5651.76416015625
5577.892578125
5508.0810546875
5437.740234375
5371.2421875
5304.171875
5238.78759765625
5181.10205078125
5118.92333984375
5060.46728515625
5001.736328125
4946.2861328125
4890.29736328125
4835.5517578125
4784.35302734375
4732.38037109375
4682.98486328125
4632.87939453125
4583.99755859375
4540.8076171875
4494.1337890625
4450.0048828125
4405.490234375
4363.30859375
4319.95751953125
4276.8232421875
4235.7265625
4194.3681640625
4155.4306640625
4116.369140625
4078.34423828125
4044.3095703125
4007.3857421875
3972.392578125
3937.0498046875
3905.9267578125
3875.27001953125
3845.803466796875
3817.945068359375
3789.67919921875
3762.789794921875
3735.45751953125
