20000.0
20000.0
20000.0
19596.70703125
18410.0
17983.55078125
17800.15625
17869.025390625
18452.736328125
19099.234375
19702.76953125
20000.0
20000.0
20000.0
20000.0
19999.99609375
20000.0
20000.0
20000.0
20000.0
20000.0
20000.0
20000.0
20000.0
20000.0
20000.0
20000.0
20000.0
20000.0
20000.0
19999.962890625
19999.994140625
19999.939453125
19999.75390625
20000.0
20000.0
19501.451171875
19040.984375
18616.08984375
18210.16796875
17721.068359375
17163.419921875
16672.29296875
16099.6650390625
15486.2744140625
14939.42578125
14402.4453125
13883.357421875
13371.4453125
12925.857421875
12532.55859375
12149.6640625
11787.1083984375
11432.3046875
11105.8310546875
10832.4365234375
10550.552734375
10303.9111328125
10072.78515625
9839.2734375
9607.9384765625
9388.990234375
9207.4951171875
9051.6015625
8905.6669921875
8759.1474609375
8616.1357421875
8489.431640625
8349.2080078125
8216.7421875
8083.6943359375
7958.8125
7833.49267578125
7709.74951171875
7593.724609375
7477.525390625
7368.2861328125
7258.7724609375
7152.54345703125
7059.0595703125
6958.25830078125
6863.1416015625
6767.7744140625
6678.71923828125
6588.5078125
6500.056640625
6416.34912109375
6331.7763671875
6252.0244140625
6171.75390625
6099.5146484375
6038.064453125
5969.365234375
5902.423828125
5830.54345703125
5758.57470703125
5687.26904296875
5619.17919921875
5555.77978515625
5492.41845703125
5432.8125
5372.78076171875
5314.16552734375
5262.3115234375
5206.1572265625
5152.91845703125
5099.0615234375
5047.9580078125
4996.2421875
4945.6376953125
4897.8369140625
4849.46337890625
4803.46044921875
4757.05419921875
4711.65185546875
4671.6025390625
4628.78369140625
4587.98193359375
4546.3271484375
4506.4111328125
4465.55908203125
4425.13818359375
4386.42578125
4346.50439453125
4308.31689453125
4269.56396484375
