20000.0
20000.0
18799.85546875
17411.46484375
16814.53125
16362.7705078125
16427.6953125
16670.75390625
16970.3359375
17385.021484375
17863.169921875
18332.29296875
18755.283203125
19151.408203125
19497.626953125
19817.39453125
20000.0
19999.998046875
20000.0
20000.0
20000.0
20000.0
20000.0
20000.0
20000.0
20000.0
20000.0
20000.0
20000.0
20000.0
20000.0
20000.001953125
19999.98828125
20000.0
19499.015625
18647.83984375
17977.408203125
17414.732421875
16974.16015625
16522.853515625
16082.05859375
15651.80078125
15127.466796875
14633.505859375
14135.7177734375
13679.083984375
13185.23828125
12737.189453125
12349.2119140625
11979.2763671875
11635.2001953125
11293.0341796875
10975.654296875
10736.1728515625
10469.4541015625
10212.716796875
9966.9013671875
9741.5478515625
9518.978515625
9307.6171875
9113.708984375
8921.5830078125
8742.22265625
8563.5673828125
8415.5751953125
8303.4560546875
8183.52734375
8070.26806640625
7955.873046875
7847.81494140625
7738.26220703125
7630.92919921875
7529.15576171875
7425.8671875
7327.80810546875
7235.76904296875
7149.49169921875
7060.87451171875
6964.07666015625
6874.1982421875
6784.78369140625
6701.03759765625
6616.76123046875
6534.6640625
6458.0439453125
6380.38818359375
6306.466796875
6231.2197265625
6157.22705078125
6091.52685546875
6020.00244140625
5952.19287109375
5883.9775390625
5819.75927734375
5755.25
5692.86962890625
5634.86962890625
5576.44775390625
5521.20068359375
5464.6123046875
5407.97412109375
5357.33837890625
5302.56884765625
5251.005859375
5199.35107421875
5150.8798828125
5102.17138671875
5054.51416015625
5009.357421875
4963.70263671875
4920.52783203125
4877.046875
4834.66259765625
4797.33740234375
4757.109375
4719.1083984375
4680.7939453125
4644.59326171875
4608.0458984375
4572.29443359375
4538.39111328125
4504.0888671875
4471.45458984375
4433.95556640625
