20000.0
20000.0
20000.0
19999.982421875
20000.0
20000.0
20000.0
20000.0
20000.0
20000.0
20000.0
20000.0
20000.0
20000.0
20000.0
20000.0
20000.0
20000.0
20000.0
20000.0
20000.0
20000.0
20000.0
20000.0
20000.0
20000.0
19999.8515625
20000.0
20000.0
20000.0
19999.994140625
20000.0
20000.0
20000.0
20000.0
19669.171875
18973.61328125
18367.07421875
17801.6171875
17288.443359375
16860.09765625
16420.3984375
16024.2783203125
15658.6337890625
15319.4189453125
14979.4140625
14654.0234375
14350.56640625
13961.958984375
13610.1962890625
13301.26171875
13014.9296875
12768.96484375
12510.748046875
12276.283203125
12058.1396484375
11859.1748046875
11676.05859375
11524.0537109375
11381.318359375
11236.8798828125
11100.5966796875
10863.6767578125
10601.3330078125
10411.8388671875
10256.361328125
10138.8203125
10007.673828125
9877.828125
9747.69921875
9607.3076171875
9467.8466796875
9324.1044921875
9181.673828125
9043.140625
8921.1845703125
8818.8369140625
8706.703125
8598.328125
8493.068359375
8400.169921875
8310.251953125
8224.21484375
8147.0947265625
8073.1982421875
8003.6025390625
7931.5966796875
7858.71240234375
7792.35595703125
7718.37744140625
7646.353515625
7571.3876953125
7499.3876953125
7425.46142578125
7350.46826171875
7276.60400390625
7199.76220703125
7127.9365234375
7058.96875
6999.3125
6949.36669921875
6896.06591796875
6845.7109375
6794.845703125
6746.68505859375
6698.25341796875
6651.037109375
6606.44091796875
6561.4755859375
6519.06591796875
6476.3388671875
6431.60693359375
6388.095703125
6340.974609375
6296.28076171875
6251.66259765625
6210.1640625
6168.9072265625
6129.11083984375
6092.07275390625
6055.15966796875
6020.64794921875
5986.17822265625
