20000.0
20000.0
20000.0
20000.0
19571.318359375
19046.185546875
18543.236328125
18334.0546875
18085.822265625
18001.267578125
18281.2421875
18825.732421875
19412.021484375
19996.291015625
20000.0
20000.0
20000.0
20000.0
20000.0
20000.0
20000.0
20000.0
20000.0
20000.0
20000.0
20000.0
20000.0
20000.0
20000.0
20000.0
20000.0
20000.0
20000.0
19999.958984375
20000.0
20000.0
20000.0
20000.0
19666.11328125
19070.5703125
18492.33984375
17863.03125
17207.74609375
16536.29296875
15953.521484375
15281.677734375
14695.900390625
14158.490234375
13674.4365234375
13226.3466796875
12815.7216796875
12420.212890625
12039.5732421875
11708.423828125
11388.7587890625
11078.982421875
10809.0732421875
10526.666015625
10264.1103515625
10016.7861328125
9794.8173828125
9578.5712890625
9372.1064453125
9219.5595703125
9066.123046875
8933.91796875
8800.6357421875
8659.265625
8526.0078125
8386.3212890625
8257.6455078125
8129.419921875
8008.677734375
7887.330078125
7769.361328125
7658.30859375
7547.08203125
7442.5693359375
7336.951171875
7235.3857421875
7146.22314453125
7047.96142578125
6954.76708984375
6861.775390625
6775.203125
6689.32275390625
6606.63525390625
6529.09619140625
6451.16650390625
6377.83251953125
6304.26806640625
6233.03759765625
6170.3896484375
6103.01611328125
6038.9921875
5974.58544921875
5913.9609375
5853.10107421875
5793.943359375
5738.21142578125
5682.2685546875
5624.306640625
5565.7890625
5511.14208984375
5464.30859375
5414.6484375
5368.2294921875
5321.60498046875
5277.54345703125
5233.07568359375
5189.556640625
5148.28173828125
5106.47900390625
5066.751953125
5027.08203125
4988.84033203125
4955.21435546875
4918.5791015625
4882.7177734375
4845.6826171875
4810.39453125
4774.73681640625
4739.95703125
4707.09814453125
4673.962890625
4642.63916015625
4611.03662109375
