20000.0
20000.0
18494.59765625
17673.69140625
16825.24609375
16499.087890625
16700.318359375
16977.041015625
17455.845703125
17992.73828125
18538.080078125
19034.560546875
19465.0078125
19857.6953125
20000.0
20000.0
20000.0
20000.0
20000.0
20000.0
20000.0
20000.0
20000.0
20000.0
20000.0
20000.0
20000.0
20000.0
20000.0
19810.8984375
18791.65625
18008.03125
17408.55859375
16883.7578125
16362.84765625
15831.8173828125
15249.7353515625
14657.8525390625
14098.9921875
13530.349609375
12977.935546875
12534.3603515625
12088.791015625
11677.07421875
11276.26953125
10945.6064453125
10626.560546875
10308.9765625
10025.1904296875
9750.0283203125
9498.748046875
9255.1171875
9022.8173828125
8821.68359375
8606.8154296875
8445.005859375
8299.046875
8162.45654296875
8025.35205078125
7891.8291015625
7765.86328125
7638.67529296875
7518.27685546875
7397.978515625
7293.40478515625
7191.0078125
7073.759765625
6965.12890625
6857.822265625
6757.716796875
6657.8212890625
6561.67919921875
6470.560546875
6378.298828125
6290.69091796875
6202.1044921875
6115.42919921875
6039.0849609375
5957.09716796875
5880.2509765625
5803.87890625
5733.2392578125
5662.3212890625
5593.02783203125
5525.9169921875
5457.4921875
5393.125
5328.91845703125
5266.9814453125
5212.8779296875
5154.54931640625
5099.4892578125
5044.12890625
4992.0703125
4939.923828125
4889.39013671875
4841.99609375
4794.47314453125
4749.74658203125
4704.85986328125
4661.1357421875
4622.56982421875
4580.85009765625
4539.36083984375
4493.81982421875
4452.17529296875
4411.810546875
4373.53271484375
4337.6103515625
4301.6484375
4267.9169921875
4234.099609375
4201.1650390625
4172.091796875
4140.6064453125
4110.76025390625
4080.5078125
4051.74560546875
4022.555908203125
3993.842529296875
3966.494384765625
3938.205322265625
3911.197509765625
3883.989013671875
