20000.0
20000.0
20000.0
19999.982421875
20000.0
20000.0
20000.0
20000.0
20000.0
20000.0
20000.0
20000.0
20000.0
20000.0
20000.0
20000.0
20000.0
20000.0
20000.0
20000.0
20000.0
20000.0
20000.0
19999.998046875
19999.375
20000.0
19999.6015625
20000.0
20000.0
20000.0
20000.0
19999.68359375
19999.92578125
20000.0
19519.875
18838.646484375
18202.611328125
17643.71484375
17121.123046875
16646.26953125
16248.908203125
15840.0166015625
15470.4150390625
15126.1357421875
14809.2890625
14490.05078125
14183.2451171875
13900.0234375
13617.6435546875
13318.2255859375
12967.236328125
12680.2607421875
12440.544921875
12195.4208984375
11984.1943359375
11780.8408203125
11594.076171875
11408.67578125
11230.927734375
11093.2255859375
10954.9580078125
10826.701171875
10692.1689453125
10549.1396484375
10331.3642578125
10095.541015625
9924.3046875
9792.994140625
9689.3349609375
9573.4677734375
9453.2548828125
9342.0380859375
9217.2080078125
9089.271484375
8957.3935546875
8823.65234375
8707.365234375
8592.873046875
8494.5224609375
8397.171875
8302.1005859375
8205.0732421875
8114.0576171875
8031.75830078125
7952.28173828125
7880.244140625
7812.65625
7747.41162109375
7689.35107421875
7624.43505859375
7560.43603515625
7493.7001953125
7429.01953125
7361.68212890625
7293.91552734375
7229.07080078125
7162.7919921875
7097.9365234375
7029.4638671875
6959.92236328125
6898.07666015625
6832.77783203125
6776.4091796875
6723.962890625
6675.8076171875
6627.3671875
6579.99609375
6535.15673828125
6489.9443359375
6447.37353515625
6404.4150390625
6362.49609375
6325.4169921875
6285.44580078125
6247.65234375
6209.70458984375
6171.51806640625
6130.1025390625
6087.86474609375
6047.8798828125
6007.88330078125
5970.50537109375
5933.27587890625
