20000.0
20000.0
20000.0
20000.0
20000.0
20000.0
20000.0
20000.0
20000.0
20000.0
20000.0
20000.0
20000.0
20000.0
20000.0
20000.0
20000.0
20000.0
20000.0
20000.0
20000.0
20000.0
20000.0
20000.0
20000.0
20000.0
20000.0
20000.0
20000.0
20000.0
20000.0
20000.0
20000.0
20000.0
20000.0
20000.0
20000.0
20000.0
20000.0
20000.0
20000.0
20000.0
20000.0
20000.0
20000.0
20000.0
19999.98046875
19999.998046875
19999.994140625
20000.0
19999.998046875
20000.0
19999.994140625
20000.0
20000.0
20000.0
20000.0
20000.0
20000.0
20000.0
20000.0
20000.0
19679.138671875
18866.62890625
18099.966796875
17407.658203125
16744.611328125
16132.7978515625
15630.224609375
15122.3056640625
14667.6240234375
14229.0185546875
13875.1611328125
13542.453125
13240.666015625
12954.6279296875
12664.947265625
12391.509765625
12109.2158203125
11838.5400390625
11609.7041015625
11374.423828125
11158.6015625
10893.291015625
10660.1611328125
10447.4814453125
10249.646484375
10074.8759765625
9912.1669921875
9716.7001953125
9472.748046875
9259.4609375
9096.0048828125
8937.265625
8786.0908203125
8632.443359375
8487.4736328125
8334.0927734375
8177.689453125
8029.54052734375
7879.68212890625
7741.9169921875
7607.77978515625
7477.76904296875
7365.2236328125
7246.59716796875
7137.96435546875
7030.67578125
6930.06005859375
6829.40283203125
6716.568359375
6610.27294921875
6506.884765625
6412.2802734375
6318.26806640625
6226.53564453125
6144.9228515625
6056.66259765625
5974.1640625
5891.3515625
5812.287109375
5731.64208984375
5650.70947265625
5573.06103515625
5494.10302734375
5419.11669921875
5343.3037109375
