20000.0
20000.0
20000.0
19999.998046875
20000.0
20000.0
20000.0
20000.0
20000.0
20000.0
20000.0
20000.0
20000.0
20000.0
20000.0
20000.0
20000.0
20000.0
20000.0
20000.0
19999.39453125
19999.9296875
20000.0
19999.6171875
20000.0
20000.0
20000.0
20000.0
20000.0
20000.0
19118.1953125
18365.255859375
17667.38671875
17065.255859375
16507.9296875
16001.763671875
15550.05859375
15139.0087890625
14758.0576171875
14381.017578125
14025.5234375
13721.759765625
13400.025390625
13098.953125
12795.244140625
12423.9462890625
12120.736328125
11867.9404296875
11642.287109375
11423.345703125
11221.78515625
11020.904296875
10859.50390625
10718.587890625
10568.2099609375
10427.5654296875
10190.6865234375
9947.3818359375
9755.0458984375
9611.84765625
9492.734375
9361.3486328125
9237.9619140625
9106.4384765625
8959.44921875
8825.5126953125
8682.583984375
8551.671875
8432.349609375
8329.7197265625
8227.0849609375
8122.3408203125
8022.1123046875
7926.0703125
7847.80029296875
7773.3671875
7700.8037109375
7635.52392578125
7563.31884765625
7492.9541015625
7420.158203125
7349.77197265625
7277.18115234375
7206.2685546875
7138.59814453125
7067.9365234375
6998.33740234375
6926.39208984375
6856.7724609375
6798.71240234375
6742.41455078125
6691.267578125
6639.900390625
6591.15625
6541.9990234375
6494.01416015625
6448.986328125
6403.544921875
6360.80224609375
6317.7578125
6275.9248046875
6238.5712890625
6193.78076171875
6149.37548828125
6104.3037109375
6062.056640625
6020.21435546875
5980.02880859375
5942.6484375
5905.60986328125
5871.0810546875
5836.708984375
5803.5986328125
5774.69482421875
5743.7470703125
5714.779296875
5685.888671875
5658.8076171875
5631.70947265625
5605.47314453125
5580.8447265625
5556.19091796875
5533.005859375
5509.833984375
