20000.0
20000.0
20000.0
19999.998046875
19999.998046875
20000.0
20000.0
20000.0
20000.0
20000.0
20000.0
20000.0
20000.0
20000.0
20000.0
20000.0
20000.0
20000.0
20000.0
20000.0
20000.0
20000.0
20000.0
19997.486328125
20000.0
19999.251953125
20000.0
20000.0
20000.0
20000.0
20000.0
20000.0
20000.0
19999.978515625
19889.953125
19149.072265625
18504.3984375
17913.947265625
17398.75
16899.3671875
16431.517578125
16027.4228515625
15543.53515625
15030.4951171875
14605.6806640625
14233.5107421875
13874.841796875
13538.4091796875
13230.28515625
12951.525390625
12725.5048828125
12503.4150390625
12287.876953125
11983.0791015625
11629.720703125
11381.3779296875
11194.31640625
11013.0166015625
10827.8515625
10635.7880859375
10442.6552734375
10243.9755859375
10051.65234375
9864.9765625
9696.48046875
9549.25390625
9385.59765625
9237.5087890625
9099.603515625
8977.2705078125
8859.6123046875
8755.880859375
8659.05859375
8559.9716796875
8463.416015625
8362.9736328125
8262.3818359375
8172.05419921875
8073.14453125
7977.04931640625
7876.73095703125
7781.84765625
7691.02294921875
7610.72900390625
7542.21142578125
7475.453125
7412.53515625
7349.0234375
7286.79443359375
7232.10595703125
7169.15380859375
7104.701171875
7037.53076171875
6974.87109375
6912.5634765625
6853.08203125
6798.01904296875
6743.6767578125
6693.3232421875
6643.36669921875
6595.56201171875
6553.8388671875
6509.4814453125
6468.02978515625
6426.837890625
6387.83984375
6348.54833984375
6310.857421875
6275.57373046875
6240.17822265625
6206.97216796875
6173.61865234375
6141.2958984375
6112.8525390625
6082.2548828125
6053.49609375
6024.50537109375
5997.12939453125
5969.4921875
5942.45849609375
5916.90380859375
5891.1083984375
5866.7158203125
5842.11767578125
