20000.0
20000.0
20000.0
20000.0
20000.0
20000.0
20000.0
20000.0
20000.0
20000.0
20000.0
20000.0
20000.0
20000.0
20000.0
20000.0
20000.0
20000.0
20000.0
20000.0
20000.0
20000.0
20000.0
20000.0
19999.419921875
20000.0
20000.0
20000.0
20000.0
20000.0
19878.80078125
19051.2578125
18308.216796875
17664.216796875
17061.0078125
16518.517578125
16041.1943359375
15598.28515625
15208.419921875
14823.17578125
14455.583984375
14139.796875
13809.1220703125
13503.59765625
13202.333984375
12925.126953125
12590.7509765625
12259.40625
12001.6142578125
11766.533203125
11556.5625
11349.646484375
11150.9677734375
10986.341796875
10835.84765625
10693.8671875
10545.302734375
10405.94921875
10168.6298828125
9921.5654296875
9737.1181640625
9594.8583984375
9481.416015625
9354.9931640625
9227.013671875
9115.26171875
8980.9638671875
8843.8017578125
8703.2099609375
8568.69140625
8441.525390625
8330.892578125
8230.76953125
8127.37744140625
8026.5498046875
7926.2958984375
7833.4873046875
7756.333984375
7682.73681640625
7614.87451171875
7546.2861328125
7480.2724609375
7411.359375
7341.7294921875
7274.865234375
7205.57568359375
7138.4013671875
7070.54150390625
7003.49853515625
6942.58642578125
6873.7724609375
6806.76611328125
6738.84228515625
6677.02978515625
6621.33154296875
6570.494140625
6523.54833984375
6476.119140625
6431.158203125
6385.74267578125
6341.43212890625
6302.361328125
6260.263671875
6220.44921875
6180.3427734375
6139.03076171875
6094.35693359375
6049.92041015625
6007.80126953125
5965.90283203125
5926.7958984375
5888.1083984375
5850.69970703125
5818.20068359375
5783.52099609375
5751.13427734375
5718.837890625
5688.63134765625
5658.47509765625
5629.236328125
5601.86865234375
5574.42431640625
5548.75927734375
5523.02490234375
