20000.0
20000.0
20000.0
19999.998046875
20000.0
20000.0
20000.0
20000.0
20000.0
20000.0
20000.0
20000.0
20000.0
20000.0
20000.0
20000.0
20000.0
20000.0
20000.0
20000.0
20000.0
19999.564453125
20000.0
19999.23828125
20000.0
20000.0
20000.0
20000.0
19999.97265625
19823.736328125
18953.205078125
18217.7578125
17535.046875
16940.36328125
16388.33984375
15892.9736328125
15465.45703125
15047.4599609375
14662.2578125
14285.0478515625
13929.064453125
13619.93359375
13296.1875
12961.1806640625
12583.93359375
12278.4287109375
12008.0595703125
11762.97265625
11543.01953125
11325.8291015625
11138.0068359375
10973.2900390625
10814.470703125
10674.587890625
10488.2763671875
10214.2666015625
9967.7333984375
9795.7998046875
9662.22265625
9522.2861328125
9384.1650390625
9245.9375
9101.73828125
8949.3515625
8796.384765625
8659.5390625
8523.126953125
8406.98828125
8290.96484375
8176.82958984375
8062.876953125
7957.23828125
7863.52001953125
7774.6337890625
7698.056640625
7622.2119140625
7547.3115234375
7478.884765625
7402.3818359375
7328.48828125
7251.8974609375
7177.8642578125
7102.61767578125
7027.8994140625
6954.7568359375
6877.57666015625
6803.900390625
6731.87548828125
6667.830078125
6616.67333984375
6563.20263671875
6512.93017578125
6462.19970703125
6414.24755859375
6366.00439453125
6319.1181640625
6274.892578125
6230.41064453125
6184.115234375
6134.49267578125
6085.25830078125
6042.0859375
5996.0625
5953.36474609375
5911.0654296875
5871.82763671875
5832.7734375
5795.31884765625
5760.4521484375
5725.67919921875
5693.2275390625
5660.9033203125
5629.69482421875
5602.33154296875
5573.04736328125
5545.66357421875
5518.2109375
5492.498046875
5466.77490234375
5441.8505859375
5418.427734375
5394.97119140625
5372.9228515625
5350.84716796875
