20000.0
20000.0
20000.0
19999.998046875
20000.0
20000.0
20000.0
20000.0
20000.0
20000.0
20000.0
20000.0
20000.0
20000.0
20000.0
20000.0
20000.0
20000.0
20000.0
20000.0
20000.0
20000.0
20000.0
19999.373046875
20000.0
19999.595703125
20000.0
19999.921875
19999.974609375
20000.0
20000.0
20000.0
20000.0
20000.0
20000.0
19679.7421875
18995.99609375
18362.986328125
17826.951171875
17306.90234375
16818.1796875
16397.486328125
15878.06640625
15348.3916015625
14905.3515625
14518.515625
14148.2822265625
13800.6640625
13481.0537109375
13204.5947265625
12971.2958984375
12742.2109375
12476.4677734375
12125.0751953125
11784.537109375
11552.7314453125
11360.322265625
11172.16796875
10984.1025390625
10779.3544921875
10573.677734375
10364.6904296875
10168.80859375
9985.255859375
9812.5888671875
9657.330078125
9493.5302734375
9350.4375
9216.3974609375
9094.6201171875
8985.033203125
8879.982421875
8779.560546875
8675.2890625
8573.703125
8468.81640625
8364.4208984375
8271.0546875
8167.31103515625
8065.9599609375
7964.20556640625
7874.080078125
7791.76123046875
7718.39990234375
7651.0068359375
7583.1044921875
7518.89794921875
7454.05029296875
7391.00927734375
7329.87744140625
7259.56396484375
7192.0009765625
7124.8525390625
7062.6513671875
7001.25732421875
6942.82177734375
6888.564453125
6835.0009765625
6785.302734375
6736.01220703125
6688.67333984375
6647.38818359375
6603.41552734375
6561.63525390625
6519.82421875
6480.96142578125
6442.15771484375
6404.427734375
6369.05517578125
6333.66552734375
6300.31689453125
6266.92578125
6234.46484375
6205.87744140625
6174.927734375
6145.740234375
6116.2353515625
6088.30908203125
6060.16015625
6032.68603515625
6006.7431640625
5980.5205078125
5955.83837890625
5930.9677734375
