20000.0
20000.0
20000.0
20000.0
19999.998046875
20000.0
20000.0
20000.0
20000.0
20000.0
20000.0
20000.0
20000.0
20000.0
20000.0
20000.0
20000.0
20000.0
20000.0
20000.0
20000.0
20000.0
20000.0
20000.0
20000.0
20000.0
20000.0
20000.0
20000.0
20000.0
20000.0
20000.0
20000.0
20000.0
19768.14453125
19035.474609375
18406.7890625
17832.310546875
17310.4453125
16808.146484375
16332.826171875
15885.5859375
15309.05859375
14874.51171875
14476.033203125
14115.99609375
13761.8173828125
13425.2626953125
13140.91796875
12897.9833984375
12672.5693359375
12444.91015625
12081.150390625
11764.177734375
11496.03125
11296.79296875
11096.2890625
10910.9189453125
10703.1064453125
10487.240234375
10282.7021484375
10078.01171875
9896.408203125
9717.4443359375
9538.4453125
9383.7587890625
9225.931640625
9087.7197265625
8955.6787109375
8834.28125
8719.9140625
8613.50390625
8513.2275390625
8408.5478515625
8306.02734375
8199.3896484375
8092.21826171875
7996.01708984375
7889.46337890625
7786.3779296875
7684.26806640625
7594.240234375
7512.52490234375
7440.85888671875
7374.73486328125
7308.36669921875
7245.56787109375
7182.2822265625
7114.8857421875
7051.302734375
6981.13818359375
6915.3740234375
6850.32470703125
6790.10791015625
6730.8056640625
6674.16259765625
6621.72705078125
6569.7939453125
6521.54150390625
6473.6943359375
6427.10986328125
6386.1689453125
6342.78173828125
6302.166015625
6261.70849609375
6223.80322265625
6185.83203125
6149.154296875
6114.6376953125
6080.17333984375
6047.69580078125
6014.96044921875
5983.0556640625
5954.89013671875
5924.46435546875
5895.74853515625
5866.86669921875
5839.62353515625
5812.20068359375
5785.5146484375
5760.30810546875
5734.9716796875
5711.083984375
5687.1748046875
