20000.0
20000.0
20000.0
20000.0
20000.0
20000.0
20000.0
20000.0
20000.0
20000.0
20000.0
20000.0
20000.0
20000.0
20000.0
20000.0
20000.0
20000.0
20000.0
20000.0
20000.0
20000.0
20000.0
19999.814453125
19997.1875
19999.8046875
20000.0
20000.0
20000.0
20000.0
20000.0
20000.0
19842.880859375
19077.716796875
18374.779296875
17741.572265625
17189.94140625
16674.8671875
16217.673828125
15783.892578125
15396.2724609375
15059.4951171875
14702.7890625
14374.2861328125
14053.318359375
13756.447265625
13462.3779296875
13176.552734375
12852.9658203125
12522.9296875
12253.671875
12012.1416015625
11794.73046875
11609.3828125
11412.8134765625
11229.0771484375
11071.1181640625
10926.384765625
10781.783203125
10643.0439453125
10498.2314453125
10248.9658203125
10022.5830078125
9852.091796875
9723.8056640625
9623.3056640625
9500.6845703125
9381.10546875
9262.0888671875
9135.431640625
8996.548828125
8860.6103515625
8731.4990234375
8607.6669921875
8502.5654296875
8403.09765625
8306.5693359375
8218.091796875
8120.31103515625
8030.62939453125
7948.580078125
7879.189453125
7810.5693359375
7742.9365234375
7677.94970703125
7610.84423828125
7545.35791015625
7477.86328125
7410.439453125
7349.46630859375
7283.33154296875
7220.6298828125
7155.62255859375
7091.7431640625
7024.86767578125
6958.5947265625
6897.1298828125
6839.58935546875
6790.21728515625
6741.7958984375
6694.62255859375
6652.7861328125
6607.4052734375
6564.224609375
6520.8564453125
6479.96728515625
6438.57666015625
6398.22412109375
6360.11328125
6321.046875
6280.31640625
6236.85205078125
6194.03564453125
6156.30078125
6116.001953125
6078.4990234375
6041.12451171875
6006.26708984375
5971.5595703125
5938.08935546875
5906.77197265625
5875.541015625
5846.20263671875
5816.8466796875
