20000.0
20000.0
20000.0
20000.0
20000.0
20000.0
20000.0
20000.0
20000.0
20000.0
20000.0
20000.0
20000.0
20000.0
20000.0
20000.0
20000.0
20000.0
20000.0
20000.0
20000.0
20000.0
19999.900390625
20000.01171875
20000.0
20000.0
20000.0
20000.0
20000.0
20000.0
19999.998046875
20000.0
20000.0
20000.005859375
19715.705078125
18985.69140625
18353.466796875
17767.138671875
17269.5625
16790.251953125
16338.3369140625
15953.326171875
15550.0498046875
15176.939453125
14812.546875
14353.7802734375
13970.37109375
13632.45703125
13325.76171875
13025.1845703125
12749.52734375
12479.9013671875
12249.546875
12077.5703125
11899.3544921875
11734.4912109375
11531.095703125
11241.427734375
10960.3564453125
10757.4384765625
10608.3212890625
10450.87109375
10294.98046875
10137.4833984375
9968.921875
9815.19140625
9647.56640625
9484.0400390625
9327.0830078125
9190.771484375
9055.486328125
8918.822265625
8791.59765625
8670.8056640625
8563.0380859375
8458.26953125
8362.658203125
8284.23046875
8200.3681640625
8119.52392578125
8035.376953125
7953.34326171875
7868.9658203125
7784.1728515625
7703.2783203125
7620.87646484375
7540.7099609375
7456.8564453125
7374.3408203125
7303.31494140625
7230.95751953125
7170.85302734375
7113.78564453125
7060.615234375
7006.7177734375
6953.96044921875
6903.8212890625
6853.353515625
6803.0771484375
6747.546875
6691.2587890625
6641.3447265625
6587.9169921875
6538.14794921875
6488.833984375
6443.025390625
6397.55322265625
6353.84814453125
6313.17626953125
6272.69482421875
6234.81298828125
6197.15087890625
6160.66650390625
6128.8720703125
6094.7314453125
6062.7607421875
6030.73291015625
6000.1669921875
5969.3828125
5939.72802734375
5911.83984375
5883.82470703125
5857.4140625
5830.908203125
