20000.0
20000.0
20000.0
20000.0
20000.0
20000.0
20000.0
20000.0
20000.0
20000.0
20000.0
20000.0
20000.0
20000.0
20000.0
20000.0
20000.0
20000.0
20000.0
20000.0
20000.0
20000.0
20000.0
20000.0
19999.568359375
20000.0
20000.0
20000.0
20000.0
20000.0
19999.9921875
19659.306640625
18866.794921875
18186.0625
17548.470703125
16976.037109375
16482.34375
16026.2119140625
15605.80859375
15198.2802734375
14812.2158203125
14480.0546875
14127.8271484375
13804.9638671875
13440.6259765625
13066.689453125
12748.8291015625
12453.9482421875
12190.7119140625
11948.3837890625
11730.83203125
11522.330078125
11354.498046875
11206.91015625
11048.0634765625
10898.201171875
10627.4169921875
10357.83203125
10150.513671875
9997.55859375
9863.197265625
9717.890625
9585.0693359375
9435.9609375
9278.2568359375
9137.9970703125
8980.7646484375
8835.2548828125
8701.4775390625
8582.4658203125
8461.15234375
8339.6220703125
8228.19921875
8122.4658203125
8026.1376953125
7932.60595703125
7850.494140625
7780.35302734375
7704.3671875
7630.2255859375
7552.74951171875
7477.61572265625
7400.1201171875
7322.29248046875
7248.2939453125
7172.77734375
7099.17919921875
7021.810546875
6945.162109375
6878.60693359375
6810.55810546875
6754.0986328125
6700.67333984375
6650.85107421875
6600.55615234375
6551.40869140625
6504.7158203125
6457.7734375
6413.3642578125
6365.94189453125
6315.53662109375
6269.49169921875
6219.5927734375
6172.86376953125
6126.50048828125
6083.3759765625
6040.59375
5999.5625
5961.283203125
5923.26806640625
5887.81103515625
5852.431640625
5818.275390625
5788.44482421875
5756.591796875
5726.66259765625
5696.7744140625
5668.72021484375
5640.6025390625
5613.4404296875
5587.890625
5562.2578125
5538.2080078125
5513.7431640625
