20000.0
20000.0
20000.0
20000.0
20000.0
20000.0
20000.0
20000.0
20000.0
20000.0
20000.0
20000.0
20000.0
20000.0
20000.0
20000.0
20000.0
20000.0
20000.0
20000.0
20000.0
20000.0
20000.0
20000.021484375
20000.0
19999.978515625
20000.0
20000.0
20000.0
19999.998046875
19999.998046875
20000.0
20000.0
20000.0
19651.4921875
18932.421875
18306.873046875
17738.1015625
17243.5703125
16763.775390625
16313.8515625
15931.306640625
15531.4541015625
15159.0546875
14796.9873046875
14376.2568359375
13976.859375
13637.5869140625
13332.4580078125
13033.826171875
12760.5537109375
12493.078125
12255.3955078125
12085.58984375
11907.697265625
11743.640625
11568.822265625
11285.76953125
10992.1015625
10775.9658203125
10619.35546875
10469.7666015625
10318.6064453125
10170.8095703125
10009.82421875
9855.275390625
9687.4462890625
9524.9599609375
9363.90625
9224.880859375
9091.833984375
8959.869140625
8832.5478515625
8707.921875
8597.3447265625
8489.6416015625
8388.244140625
8308.3525390625
8224.7998046875
8145.857421875
8064.185546875
7984.62353515625
7902.24609375
7820.40380859375
7741.42578125
7661.6044921875
7585.30615234375
7506.17529296875
7426.35888671875
7355.7490234375
7281.5625
7215.8115234375
7156.8056640625
7104.189453125
7052.0107421875
7000.7685546875
6952.23291015625
6902.56640625
6855.99462890625
6803.783203125
6749.2978515625
6700.0185546875
6646.87060546875
6597.04150390625
6547.5390625
6501.58544921875
6455.853515625
6412.03076171875
6371.14404296875
6330.45947265625
6292.44140625
6254.57080078125
6218.00537109375
6186.00830078125
6151.74169921875
6119.58544921875
6087.4306640625
6057.2392578125
6026.099609375
5996.24462890625
5968.21240234375
5940.0859375
5913.57666015625
5886.91455078125
