20000.0
20000.0
20000.0
20000.0
20000.0
20000.0
20000.0
20000.0
20000.0
20000.0
20000.0
20000.0
20000.0
20000.0
20000.0
20000.0
20000.0
20000.0
20000.0
20000.0
20000.0
20000.0
20000.0
20000.0
20000.0
19999.630859375
20000.0
20000.0
20000.0
20000.0
20000.0
20000.0
20000.0
20000.0
20000.0
20000.0
20000.0
20000.0
20000.0
20000.0
20000.0
19999.98828125
20000.0
19999.99609375
20000.0
20000.0
20000.0
19999.986328125
20000.0
19999.994140625
20000.0
20000.0
19566.044921875
19235.13671875
18876.6875
18155.734375
17544.251953125
16958.607421875
16419.5390625
15885.013671875
15381.7587890625
14919.83984375
14467.91796875
14046.880859375
13609.134765625
13182.26171875
12810.0625
12407.6171875
12028.5654296875
11677.1162109375
11349.322265625
11010.9189453125
10681.1884765625
10368.9384765625
10059.396484375
9772.0751953125
9493.505859375
9228.7138671875
8990.2685546875
8738.4462890625
8506.75390625
8281.4404296875
8075.994140625
7873.93505859375
7669.728515625
7484.93310546875
7307.275390625
7144.66015625
6985.59912109375
6835.1865234375
6705.0791015625
6566.2216796875
6436.87255859375
6308.6181640625
6190.1806640625
6078.8125
5974.20068359375
5875.80029296875
5760.34033203125
5649.47900390625
5547.53173828125
5449.44140625
5365.0830078125
5277.33154296875
5196.5166015625
5117.41455078125
5045.14501953125
4974.80908203125
4910.21044921875
4853.35791015625
4797.3740234375
4744.9345703125
4692.44287109375
4641.6162109375
4597.1337890625
4549.52099609375
4504.72607421875
4459.697265625
4417.21923828125
4374.6044921875
4333.09228515625
4294.07275390625
4256.72412109375
4224.79248046875
4196.0263671875
