20000.0
20000.0
20000.0
19999.998046875
20000.0
20000.0
20000.0
20000.0
20000.0
20000.0
20000.0
20000.0
20000.0
20000.0
20000.0
20000.0
20000.0
20000.0
20000.0
20000.0
20000.0
20000.0
19999.380859375
20000.0
19999.53125
20000.0
20000.0
20000.0
20000.0
20000.0
20000.0
20000.0
20000.0
20000.0
19372.056640625
18677.576171875
18087.494140625
17520.45703125
17007.47265625
16508.599609375
15951.3525390625
15431.54296875
14965.2470703125
14557.376953125
14167.8125
13814.1083984375
13469.9912109375
13206.099609375
12962.9814453125
12721.67578125
12347.2392578125
11960.5849609375
11680.6064453125
11487.8515625
11278.064453125
11084.1845703125
10865.8154296875
10646.5517578125
10425.572265625
10212.5556640625
10024.7099609375
9839.3623046875
9661.4716796875
9489.9072265625
9335.9560546875
9209.14453125
9080.0390625
8968.8662109375
8857.5888671875
8750.875
8639.6748046875
8528.3369140625
8420.5908203125
8310.6162109375
8204.533203125
8094.15625
7986.9130859375
7897.12841796875
7809.8837890625
7735.3994140625
7662.65478515625
7593.89501953125
7524.5302734375
7457.068359375
7389.7392578125
7315.64794921875
7243.755859375
7171.904296875
7103.2470703125
7043.923828125
6981.39453125
6923.6611328125
6866.68115234375
6813.87109375
6761.64501953125
6711.59814453125
6664.93896484375
6617.58056640625
6573.82763671875
6530.14794921875
6488.06201171875
6451.2587890625
6411.728515625
6374.7099609375
6337.61865234375
6302.8662109375
6267.8818359375
6233.87060546875
6201.7216796875
6169.29541015625
6138.79931640625
6108.0166015625
6078.08642578125
6051.66748046875
6023.20068359375
5996.31689453125
5969.31787109375
5943.8125
5918.17578125
5893.15966796875
5869.57421875
5845.85107421875
5823.47705078125
5800.93017578125
