20000.0
20000.0
20000.0
19999.998046875
20000.0
20000.0
20000.0
20000.0
20000.0
20000.0
20000.0
20000.0
20000.0
20000.0
20000.0
20000.0
20000.0
20000.0
20000.0
20000.0
20000.0
20000.0
20000.0
19999.234375
20000.0
20000.0
20000.0
19999.98046875
20000.0
19740.82421875
18877.814453125
18147.71875
17469.712890625
16878.884765625
16330.802734375
15834.6611328125
15413.2060546875
14997.7265625
14614.8017578125
14240.0458984375
13886.474609375
13579.763671875
13258.19140625
12949.333984375
12560.69140625
12252.326171875
11983.3955078125
11739.265625
11519.9599609375
11303.4560546875
11107.3935546875
10944.787109375
10786.685546875
10647.4765625
10491.51953125
10222.421875
9961.3662109375
9779.1572265625
9638.9365234375
9505.6416015625
9370.9296875
9240.177734375
9100.794921875
8948.8408203125
8796.6162109375
8659.01953125
8519.4541015625
8401.640625
8287.0966796875
8175.78955078125
8062.0
7955.60400390625
7861.01611328125
7770.47021484375
7693.626953125
7618.48193359375
7544.7099609375
7477.78369140625
7402.4658203125
7329.55712890625
7254.23876953125
7180.9326171875
7106.359375
7032.90283203125
6961.2392578125
6885.6064453125
6812.26708984375
6738.8603515625
6671.42333984375
6618.70166015625
6564.79052734375
6514.4296875
6463.60302734375
6415.6455078125
6367.22021484375
6320.19287109375
6275.77099609375
6231.20556640625
6188.6865234375
6141.0283203125
6092.3076171875
6048.6943359375
6002.14111328125
5958.79833984375
5915.8515625
5876.03369140625
5836.5234375
5798.556640625
5763.2216796875
5728.05615234375
5695.23828125
5662.548828125
5631.03271484375
5603.38427734375
5573.81103515625
5546.115234375
5518.45166015625
5492.48681640625
5466.5595703125
5441.41650390625
5417.76220703125
5394.09033203125
5371.91015625
5349.6083984375
