20000.0
20000.0
20000.0
20000.0
20000.0
19999.998046875
20000.0
20000.0
20000.0
20000.0
20000.0
20000.0
20000.0
20000.0
20000.0
20000.0
20000.0
20000.0
20000.0
20000.0
20000.0
20000.0
20000.00390625
20000.0
19999.998046875
20000.0
20000.0
20000.0
20000.0
20000.0
20000.0
20000.0
19303.052734375
18576.158203125
17923.0
17327.001953125
16801.08984375
16324.15234375
15897.4033203125
15480.916015625
15091.0830078125
14759.220703125
14411.6796875
14086.302734375
13762.8984375
13466.25390625
13074.9462890625
12752.3583984375
12476.525390625
12217.2763671875
11988.6533203125
11764.2509765625
11552.697265625
11376.50390625
11217.94140625
11067.599609375
10915.78515625
10773.28515625
10547.8076171875
10283.669921875
10068.125
9903.3310546875
9776.7314453125
9639.7392578125
9500.537109375
9379.376953125
9233.09375
9088.93359375
8944.5361328125
8803.205078125
8663.2724609375
8537.62109375
8423.263671875
8305.482421875
8191.79443359375
8079.93701171875
7977.015625
7891.048828125
7799.74560546875
7714.35107421875
7633.7080078125
7562.38037109375
7490.72412109375
7418.9365234375
7348.3740234375
7275.0048828125
7203.939453125
7130.08251953125
7056.89013671875
6991.54248046875
6919.3251953125
6848.69091796875
6775.31201171875
6706.12353515625
6638.4716796875
6576.8076171875
6525.65283203125
6476.71630859375
6431.06494140625
6384.95556640625
6339.80078125
6299.572265625
6256.23095703125
6214.71484375
6168.20703125
6121.623046875
6073.84130859375
6027.3349609375
5983.8564453125
5940.59326171875
5900.34619140625
5860.28857421875
5821.8017578125
5788.2109375
5752.3232421875
5718.83349609375
5685.3583984375
5654.03173828125
5622.73876953125
5592.46484375
5564.0576171875
5535.64013671875
5509.0068359375
5482.28515625
