20000.0
20000.0
20000.0
20000.0
19999.998046875
20000.0
20000.0
20000.0
20000.0
20000.0
20000.0
20000.0
20000.0
20000.0
20000.0
20000.0
20000.0
20000.0
20000.0
20000.0
20000.0
20000.0
19999.935546875
20000.0
20000.0
20000.0
20000.0
20000.0
20000.0
20000.0
20000.0
20000.0
20000.0
20000.0
19545.259765625
18832.408203125
18225.619140625
17662.076171875
17150.841796875
16659.15234375
16194.6728515625
15795.1064453125
15238.361328125
14790.2119140625
14392.3173828125
14036.2587890625
13687.6884765625
13356.83203125
13054.890625
12815.7216796875
12591.1318359375
12370.3583984375
12094.845703125
11793.439453125
11480.6953125
11259.37890625
11069.1220703125
10884.970703125
10700.0986328125
10500.4892578125
10300.3779296875
10098.54296875
9911.728515625
9733.21875
9563.1845703125
9410.1669921875
9247.34765625
9102.22265625
8966.57421875
8844.0
8724.1787109375
8618.806640625
8521.41796875
8422.3369140625
8325.384765625
8224.4853515625
8123.1083984375
8031.70703125
7931.5927734375
7834.6904296875
7734.28515625
7639.92626953125
7549.59228515625
7468.77587890625
7401.45654296875
7336.22412109375
7274.876953125
7212.9150390625
7152.17626953125
7096.8740234375
7030.609375
6965.42919921875
6899.5849609375
6838.2060546875
6777.49853515625
6719.58447265625
6665.9501953125
6612.84033203125
6563.6748046875
6514.89697265625
6468.099609375
6427.23583984375
6383.78564453125
6342.0595703125
6301.03955078125
6262.76025390625
6224.4521484375
6187.412109375
6152.57421875
6117.77734375
6085.07763671875
6052.30224609375
6020.47998046875
5992.45703125
5962.1650390625
5933.54248046875
5904.69677734375
5877.47265625
5850.015625
5823.25634765625
5798.017578125
5772.58837890625
5748.58984375
5724.435546875
