20000.0
20000.0
20000.0
20000.0
20000.0
20000.0
20000.0
20000.0
20000.0
20000.0
20000.0
20000.0
20000.0
20000.0
20000.0
20000.0
20000.0
20000.0
20000.0
20000.0
20000.0
20000.0
20000.0
20000.0
20000.0
20000.0
20000.0
20000.0
20000.0
20000.0
20000.0
20000.0
20000.0
19846.435546875
19083.07421875
18385.232421875
17784.08203125
17239.673828125
16717.14453125
16244.5361328125
15780.5654296875
15280.244140625
14795.8232421875
14369.0693359375
13994.3984375
13630.6708984375
13297.9296875
12972.515625
12718.7509765625
12485.6123046875
12263.5859375
12003.962890625
11659.2275390625
11351.1337890625
11145.048828125
10951.1806640625
10763.5341796875
10571.4921875
10373.203125
10163.7138671875
9960.40625
9773.7158203125
9597.009765625
9431.3125
9260.029296875
9098.703125
8967.0830078125
8834.41015625
8712.42578125
8600.4638671875
8499.3505859375
8397.591796875
8295.072265625
8195.23046875
8091.9365234375
7992.240234375
7890.44384765625
7788.43603515625
7695.97705078125
7596.84130859375
7508.2880859375
7427.48046875
7359.044921875
7292.5244140625
7227.8681640625
7166.62353515625
7104.79931640625
7042.732421875
6974.59814453125
6906.22021484375
6846.23828125
6782.458984375
6723.677734375
6665.578125
6611.8515625
6558.79150390625
6508.02783203125
6460.8486328125
6414.2265625
6370.744140625
6327.4326171875
6284.7431640625
6247.900390625
6208.59716796875
6171.69873046875
6134.89453125
6100.32177734375
6065.8212890625
6032.32568359375
6000.91943359375
5969.38720703125
5939.68310546875
5909.751953125
5880.57080078125
5854.9150390625
5827.1240234375
5800.88671875
5774.603515625
5749.7333984375
5724.71142578125
5700.28125
5677.29541015625
5654.1064453125
5634.06005859375
5613.98828125
