20000.0
20000.0
20000.0
20000.0
20000.0
20000.0
20000.0
20000.0
20000.0
20000.0
20000.0
20000.0
20000.0
20000.0
20000.0
20000.0
20000.0
20000.0
20000.0
20000.0
20000.0
20000.0
19999.98828125
20000.0
20000.0
20000.0
20000.0
20000.0
20000.0
20000.0
20000.0
20000.0
20000.0
19703.513671875
18952.12890625
18283.46484375
17699.7265625
17159.802734375
16688.2265625
16228.162109375
15794.7939453125
15422.9208984375
15029.8828125
14590.3623046875
14146.3564453125
13784.7998046875
13442.271484375
13122.453125
12830.5888671875
12544.6787109375
12301.33984375
12101.0654296875
11913.6064453125
11752.140625
11510.0166015625
11198.1748046875
10934.7119140625
10748.94140625
10586.48828125
10419.8291015625
10266.3271484375
10091.5107421875
9915.5498046875
9735.29296875
9555.1435546875
9405.19921875
9257.19921875
9119.37890625
8976.017578125
8845.1494140625
8723.025390625
8609.41796875
8507.322265625
8413.6552734375
8326.8212890625
8237.69921875
8147.994140625
8066.5390625
7976.5078125
7888.84521484375
7799.6142578125
7714.11474609375
7624.6591796875
7534.1064453125
7448.9169921875
7367.5126953125
7298.66796875
7234.68505859375
7173.8818359375
7120.22216796875
7062.09716796875
7007.1455078125
6951.76123046875
6899.50146484375
6842.78857421875
6783.015625
6725.59423828125
6667.5166015625
6613.80810546875
6560.7451171875
6509.953125
6465.8251953125
6418.95263671875
6375.421875
6332.21875
6291.923828125
6251.84765625
6213.2509765625
6177.18798828125
6141.21875
6107.51416015625
6073.84619140625
6041.3173828125
6012.3564453125
5981.05517578125
5951.88623046875
5922.65576171875
5895.0810546875
5867.43798828125
5840.580078125
5815.28125
5789.84423828125
5765.9228515625
5741.8857421875
