20000.0
20000.0
20000.0
19999.998046875
20000.0
20000.0
20000.0
20000.0
20000.0
20000.0
20000.0
20000.0
20000.0
20000.0
20000.0
20000.0
20000.0
20000.0
20000.0
20000.0
20000.0
20000.0
20000.0
20000.0
20000.0
20000.0
20000.0
20000.0
19999.99609375
20000.0
20000.0
20000.0
19414.02734375
18685.392578125
18016.41796875
17421.86328125
16908.55078125
16409.30859375
15955.169921875
15513.080078125
15093.5712890625
14619.76171875
14174.7099609375
13800.64453125
13442.677734375
13116.8603515625
12800.7255859375
12502.78515625
12283.068359375
12073.25390625
11883.357421875
11641.12109375
11303.75
11041.11328125
10831.990234375
10659.521484375
10479.44921875
10309.697265625
10119.3154296875
9924.1083984375
9737.701171875
9552.2919921875
9390.3056640625
9231.8330078125
9073.7412109375
8937.1943359375
8799.646484375
8678.6201171875
8561.2392578125
8460.3154296875
8362.7421875
8267.0234375
8173.90673828125
8076.79638671875
7982.87744140625
7885.46875
7789.388671875
7702.99658203125
7606.09326171875
7512.5625
7420.6943359375
7339.43310546875
7268.36181640625
7202.6025390625
7141.1455078125
7079.12939453125
7020.3291015625
6961.30029296875
6903.5166015625
6846.62890625
6781.9208984375
6720.48828125
6659.4462890625
6602.908203125
6547.16357421875
6493.96435546875
6444.697265625
6395.96337890625
6350.7109375
6305.84375
6262.77783203125
6225.19677734375
6185.1767578125
6147.84619140625
6110.603515625
6075.56787109375
6039.9794921875
6005.9326171875
5973.9921875
5942.0458984375
5911.99072265625
5881.853515625
5852.6416015625
5826.9912109375
5799.37060546875
5773.43701171875
5747.431640625
5722.814453125
5698.166015625
5673.958984375
5651.12109375
5627.96337890625
5606.10205078125
5584.044921875
