20000.0
20000.0
20000.0
20000.0
19999.998046875
20000.0
20000.0
20000.0
20000.0
20000.0
20000.0
20000.0
20000.0
20000.0
20000.0
20000.0
20000.0
20000.0
20000.0
20000.0
20000.0
20000.0
19999.98828125
19999.751953125
20000.0
19999.802734375
20000.0
20000.0
20000.0
20000.0
20000.0
20000.0
20000.013671875
20000.0
20000.0
19868.517578125
19173.673828125
18536.091796875
17992.158203125
17464.76171875
16971.359375
16549.328125
16102.3818359375
15524.2119140625
15063.8544921875
14671.08203125
14297.7607421875
13947.4990234375
13625.345703125
13321.4580078125
13090.2353515625
12859.8271484375
12637.34765625
12300.4755859375
11937.1865234375
11671.4111328125
11472.4775390625
11290.2724609375
11101.2236328125
10910.6396484375
10717.109375
10511.5986328125
10312.91015625
10120.3349609375
9949.3076171875
9801.84375
9636.830078125
9486.0908203125
9345.390625
9219.5732421875
9106.0595703125
9000.1103515625
8900.8759765625
8799.07421875
8700.560546875
8599.177734375
8497.56640625
8407.74609375
8309.875
8214.529296875
8115.4296875
8023.67529296875
7936.1796875
7861.02880859375
7794.22509765625
7727.75732421875
7664.7060546875
7600.8857421875
7538.552734375
7483.62646484375
7417.16650390625
7350.80712890625
7283.33203125
7220.3046875
7157.982421875
7098.60302734375
7043.55322265625
6989.13134765625
6938.67333984375
6888.642578125
6840.62353515625
6798.81884765625
6754.2451171875
6712.58349609375
6670.96533203125
6631.1318359375
6591.8173828125
6553.70751953125
6517.96533203125
6482.08203125
6448.35498046875
6414.564453125
6381.744140625
6352.8837890625
6321.8154296875
6292.4794921875
6262.86962890625
6234.83056640625
6206.48046875
6178.72021484375
6152.52294921875
6126.06982421875
6101.07861328125
6075.84423828125
