20000.0
20000.0
20000.0
20000.0
20000.0
20000.0
20000.0
20000.0
20000.0
20000.0
20000.0
20000.0
20000.0
20000.0
20000.0
20000.0
20000.0
20000.0
20000.0
20000.0
20000.0
19999.94140625
20000.0
19999.923828125
20000.0
20000.0
20000.0
19999.6484375
20000.0
20000.0
19962.748046875
19146.146484375
18399.34765625
17751.96484375
17162.138671875
16641.498046875
16168.4365234375
15711.017578125
15294.3583984375
14888.3466796875
14501.8857421875
14172.7763671875
13779.0146484375
13376.3154296875
13030.1748046875
12721.232421875
12423.521484375
12154.08203125
11918.00390625
11717.41796875
11542.408203125
11369.2080078125
11201.16796875
10949.634765625
10649.232421875
10424.7431640625
10254.5947265625
10108.939453125
9952.21875
9804.0205078125
9646.9521484375
9477.080078125
9312.3564453125
9142.4501953125
8987.2568359375
8863.9755859375
8733.40625
8605.3125
8476.3935546875
8360.197265625
8248.8916015625
8146.51953125
8060.3310546875
7975.841796875
7896.0166015625
7813.0556640625
7729.7861328125
7654.9921875
7572.36669921875
7493.3291015625
7413.43994140625
7336.55126953125
7256.29541015625
7175.83056640625
7100.544921875
7028.91845703125
6967.7255859375
6911.0390625
6857.0859375
6809.44970703125
6757.80419921875
6708.62890625
6659.2646484375
6610.59423828125
6556.52197265625
6501.54833984375
6449.3681640625
6397.33837890625
6348.8720703125
6300.93115234375
6255.13525390625
6215.12109375
6172.7763671875
6133.333984375
6094.0791015625
6057.462890625
6021.0791015625
5985.91748046875
5953.0576171875
5920.23388671875
5889.50341796875
5858.77880859375
5829.0546875
5802.95849609375
5774.85546875
5747.87744140625
5721.06689453125
5695.88232421875
5670.65380859375
5646.0888671875
5623.0048828125
5599.77783203125
5577.9580078125
5556.01123046875
