20000.0
20000.0
20000.0
20000.0
20000.0
20000.0
20000.0
20000.0
20000.0
20000.0
20000.0
20000.0
20000.0
20000.0
20000.0
20000.0
20000.0
20000.0
20000.0
20000.009765625
20000.0
20000.0
20000.0
20000.0
20000.0
20000.0
20000.0
20000.0
20000.0
20000.0
20000.0
20000.0
20000.0
20000.0
19999.998046875
20000.0
20000.0
19300.06640625
18603.763671875
17669.20703125
16755.009765625
16009.392578125
15257.318359375
14614.05078125
14059.0693359375
13647.08203125
13285.146484375
12986.7578125
12717.685546875
12455.416015625
12214.744140625
11980.1552734375
11742.54296875
11528.9326171875
11311.455078125
11119.0693359375
10929.2109375
10751.7607421875
10567.90625
10382.9658203125
10202.8662109375
10015.228515625
9835.013671875
9648.767578125
9462.134765625
9292.125
9098.5234375
8895.4560546875
8685.7353515625
8487.5380859375
8286.98828125
8089.63720703125
7902.7275390625
7715.06982421875
7557.75390625
7403.044921875
7244.38525390625
7102.6181640625
6948.556640625
6804.28857421875
6660.3408203125
6525.81689453125
6391.9873046875
6263.6083984375
6144.974609375
6028.74853515625
5917.77001953125
5806.0634765625
5697.71142578125
5602.90283203125
5501.31640625
5405.68017578125
5310.42333984375
5221.68310546875
5132.87060546875
5045.78466796875
4969.8330078125
4894.18408203125
4825.1767578125
4756.86181640625
4690.24462890625
4631.05078125
4567.19677734375
4507.25341796875
4447.3427734375
4390.59716796875
4333.21875
4277.1376953125
4224.18798828125
4170.818359375
4120.42236328125
4069.060302734375
4018.79345703125
3978.466064453125
3936.001220703125
3893.1181640625
3844.186767578125
3797.458740234375
3751.148193359375
3706.91064453125
3665.931396484375
3625.30078125
3587.422607421875
3549.732177734375
