20000.0
20000.0
20000.0
20000.0
19999.998046875
20000.0
20000.0
20000.0
20000.0
20000.0
20000.0
20000.0
20000.0
20000.0
20000.0
20000.0
20000.0
20000.0
20000.0
20000.0
20000.0
20000.0
19999.923828125
20000.0
19999.75390625
20000.0
20000.0
20000.0
20000.0
20000.0
20000.0
20000.0
19875.78515625
19117.578125
18412.357421875
17788.619140625
17260.49609375
16750.38671875
16289.96875
15846.18359375
15425.001953125
15058.580078125
14620.4560546875
14165.8388671875
13788.3935546875
13459.0205078125
13141.259765625
12834.5302734375
12549.521484375
12293.130859375
12098.7236328125
11908.259765625
11725.76171875
11507.99609375
11211.0927734375
10933.50390625
10722.3486328125
10557.41796875
10384.7763671875
10219.9111328125
10047.552734375
9861.0263671875
9682.8564453125
9503.9736328125
9335.279296875
9196.130859375
9046.3076171875
8900.0361328125
8755.353515625
8626.1513671875
8504.740234375
8390.7470703125
8285.28515625
8187.2099609375
8098.7958984375
8009.9150390625
7920.1728515625
7838.4677734375
7747.66259765625
7659.158203125
7568.50634765625
7481.60986328125
7391.50341796875
7301.22998046875
7216.9033203125
7136.10498046875
7065.927734375
7003.337890625
6945.02978515625
6893.90478515625
6838.478515625
6785.78662109375
6732.49609375
6676.1689453125
6615.876953125
6556.49462890625
6500.75439453125
6445.43212890625
6394.11767578125
6343.4189453125
6294.80908203125
6252.56494140625
6207.564453125
6165.81201171875
6124.25634765625
6085.4755859375
6046.8974609375
6009.72314453125
5974.48291015625
5938.91259765625
5905.87158203125
5872.8544921875
5840.85546875
5812.75537109375
5782.55615234375
5754.17919921875
5725.68212890625
5698.9345703125
5672.04248046875
5645.9189453125
5621.2587890625
5596.32373046875
5572.79345703125
5549.09033203125
