20000.0
20000.0
20000.0
20000.0
20000.0
20000.0
20000.0
20000.0
20000.0
20000.0
20000.0
20000.0
20000.0
20000.0
20000.0
20000.0
20000.0
20000.0
20000.0
20000.0
19999.998046875
19999.77734375
20000.0
19999.34765625
20000.0
20000.0
20000.0
19999.9765625
20000.0
19801.5625
18931.318359375
18191.5
17506.09765625
16910.806640625
16359.591796875
15859.4248046875
15419.11328125
15009.6123046875
14631.01171875
14256.8388671875
13902.3310546875
13598.1435546875
13275.904296875
12980.5
12605.890625
12276.763671875
11998.919921875
11752.908203125
11532.3525390625
11314.89453125
11111.6533203125
10940.8544921875
10781.7060546875
10639.8818359375
10485.037109375
10280.072265625
10014.4462890625
9805.13671875
9646.455078125
9518.634765625
9387.4912109375
9253.8154296875
9121.9306640625
8974.8828125
8824.4013671875
8689.345703125
8546.828125
8425.1171875
8311.92578125
8205.2607421875
8094.158203125
7987.791015625
7892.46826171875
7801.75830078125
7725.85791015625
7650.822265625
7577.2734375
7511.08203125
7436.10205078125
7363.54833984375
7288.5615234375
7215.49951171875
7141.09033203125
7067.7626953125
6996.30322265625
6920.88720703125
6847.240234375
6773.00439453125
6704.2763671875
6650.5517578125
6595.3759765625
6543.81640625
6491.7763671875
6442.84619140625
6393.41650390625
6345.5244140625
6300.32763671875
6254.9326171875
6212.19677734375
6169.2412109375
6123.60400390625
6080.6474609375
6033.3466796875
5988.91015625
5944.791015625
5903.7900390625
5863.1455078125
5824.23388671875
5787.958984375
5751.9345703125
5718.4306640625
5684.99072265625
5652.8359375
5624.67919921875
5594.53369140625
5566.39306640625
5538.208984375
5511.91455078125
5485.54931640625
5460.00634765625
5436.03857421875
5412.052734375
5389.54833984375
5366.9853515625
