20000.0
20000.0
20000.0
20000.0
19999.998046875
20000.0
20000.0
20000.0
20000.0
20000.0
20000.0
20000.0
20000.0
20000.0
20000.0
20000.0
20000.0
20000.0
20000.0
20000.0
19999.998046875
20000.0
20000.0
20000.00390625
20000.0
20000.0
20000.0
19999.82421875
20000.0
20000.0
19226.1953125
18440.369140625
17749.564453125
17153.15625
16585.63671875
16070.7197265625
15631.0361328125
15211.9990234375
14827.8828125
14455.2978515625
14104.44921875
13800.8994140625
13478.9462890625
13180.259765625
12887.8095703125
12605.2255859375
12250.9521484375
11984.8876953125
11752.951171875
11527.6337890625
11321.1123046875
11119.0234375
10926.0927734375
10785.9072265625
10635.484375
10495.4345703125
10354.4384765625
10177.31640625
9915.8076171875
9689.8955078125
9529.8916015625
9405.0302734375
9283.7841796875
9151.8681640625
9029.484375
8909.818359375
8767.30859375
8632.2998046875
8492.5810546875
8361.8076171875
8241.451171875
8132.65380859375
8030.6279296875
7922.833984375
7820.552734375
7721.9375
7630.17236328125
7551.58251953125
7469.33984375
7399.83251953125
7331.759765625
7266.35693359375
7197.96728515625
7128.8095703125
7061.69970703125
6992.474609375
6925.17236328125
6856.45166015625
6788.78955078125
6727.58251953125
6659.0302734375
6591.65283203125
6523.1806640625
6459.92138671875
6400.51171875
6349.08154296875
6302.9501953125
6256.91650390625
6213.3056640625
6169.28515625
6126.12890625
6088.08447265625
6046.94775390625
6008.1162109375
5964.947265625
5921.45849609375
5876.5126953125
5832.72314453125
5791.81494140625
5751.15771484375
5713.26953125
5675.66259765625
5639.45556640625
5607.83447265625
5574.130859375
5542.6240234375
5511.18359375
5481.74462890625
5452.33642578125
5423.92138671875
5397.2822265625
5370.60009765625
5345.54443359375
5320.43310546875
