20000.0
20000.0
20000.0
19999.99609375
20000.0
20000.0
20000.0
20000.0
20000.0
20000.0
20000.0
20000.0
20000.0
20000.0
20000.0
20000.0
20000.0
20000.0
20000.0
20000.0
20000.0
19999.99609375
20000.0
20000.0
19999.998046875
20000.0
20000.0
20000.0
20000.0
20000.0
20000.0
19873.818359375
19055.37890625
18302.572265625
17655.59765625
17058.658203125
16518.2421875
16043.841796875
15603.48828125
15197.3896484375
14799.1767578125
14424.087890625
14099.2744140625
13758.3642578125
13385.078125
12987.9140625
12667.767578125
12367.611328125
12097.7607421875
11862.0400390625
11634.3251953125
11445.8408203125
11274.8603515625
11105.29296875
10954.966796875
10719.470703125
10445.2236328125
10219.087890625
10057.09375
9915.9521484375
9768.1767578125
9632.326171875
9479.830078125
9322.099609375
9158.1357421875
8996.9833984375
8863.37890625
8734.1826171875
8616.2509765625
8493.8525390625
8379.25
8268.0244140625
8166.32568359375
8081.2099609375
7998.392578125
7920.68115234375
7841.14892578125
7760.2578125
7687.22314453125
7606.3603515625
7527.6787109375
7447.9384765625
7371.79638671875
7292.32763671875
7211.2353515625
7132.9755859375
7056.03662109375
6989.37158203125
6928.38525390625
6870.9052734375
6820.3701171875
6765.77001953125
6713.95166015625
6662.12109375
6613.29638671875
6564.10107421875
6516.365234375
6469.73291015625
6417.83984375
6367.43212890625
6316.23779296875
6267.04296875
6224.384765625
6179.11572265625
6137.11328125
6095.5283203125
6056.85205078125
6018.4228515625
5981.4697265625
5946.966796875
5912.541015625
5880.3857421875
5848.3701171875
5817.427734375
5790.29248046875
5761.25146484375
5734.01123046875
5706.7666015625
5681.193359375
5655.5791015625
5630.82666015625
5607.55810546875
5584.24365234375
5562.38330078125
5540.32275390625
