20000.0
20000.0
20000.0
19999.998046875
20000.0
20000.0
20000.0
20000.0
20000.0
20000.0
20000.0
20000.0
20000.0
20000.0
20000.0
20000.0
20000.0
20000.0
20000.0
20000.0
20000.0
20000.0
20000.0
20000.0
19999.98046875
20000.0
20000.0
20000.0
20000.0
20000.0
20000.0
20000.0078125
19435.9375
18709.71875
18042.90234375
17453.189453125
16938.7421875
16440.91015625
15988.0390625
15550.9599609375
15135.583984375
14768.4345703125
14263.2607421875
13873.8076171875
13512.9169921875
13188.404296875
12873.8125
12576.1865234375
12321.111328125
12112.5732421875
11923.7431640625
11738.5185546875
11447.1591796875
11153.935546875
10902.935546875
10723.564453125
10554.841796875
10388.439453125
10220.732421875
10040.0146484375
9860.056640625
9673.068359375
9498.400390625
9337.1611328125
9188.87890625
9056.771484375
8913.6953125
8785.0625
8662.7197265625
8555.3134765625
8457.26953125
8363.9443359375
8275.3173828125
8183.1787109375
8094.18505859375
8002.16162109375
7910.7333984375
7829.7705078125
7741.2861328125
7654.943359375
7564.892578125
7480.5361328125
7400.267578125
7330.1826171875
7268.86572265625
7208.27587890625
7151.04052734375
7093.13818359375
7036.6123046875
6986.81396484375
6929.93408203125
6871.27099609375
6810.15478515625
6752.56201171875
6695.36376953125
6640.59423828125
6589.90673828125
6539.85791015625
6493.408203125
6447.39990234375
6403.2021484375
6364.7353515625
6323.7919921875
6285.5703125
6247.412109375
6211.88134765625
6176.35205078125
6142.05126953125
6109.83935546875
6076.8173828125
6046.203125
6015.578125
5985.83740234375
5959.70703125
5931.57421875
5905.171875
5878.64208984375
5853.72021484375
5828.65625
5804.29150390625
5781.29931640625
5758.08056640625
5736.15380859375
5713.921875
