20000.0
20000.0
20000.0
20000.0
19999.998046875
20000.0
20000.0
20000.0
20000.0
20000.0
20000.0
20000.0
20000.0
20000.0
20000.0
20000.0
20000.0
20000.0
20000.0
20000.0
20000.0
20000.0
20000.001953125
20000.0
20000.0
20000.0
20000.0
20000.0
20000.0
20000.0
20000.0
20000.0
20000.0
19853.94140625
19089.01953125
18410.09765625
17817.611328125
17283.224609375
16797.890625
16327.130859375
15884.646484375
15501.9375
15059.986328125
14567.7568359375
14167.8466796875
13817.60546875
13476.6962890625
13153.8115234375
12858.8505859375
12578.51171875
12365.4375
12161.2724609375
11967.787109375
11745.3408203125
11419.970703125
11142.5859375
10933.9453125
10764.73046875
10587.6884765625
10417.1865234375
10237.080078125
10043.7158203125
9861.5537109375
9676.4560546875
9505.263671875
9362.4873046875
9206.673828125
9059.0869140625
8917.408203125
8793.6142578125
8675.3212890625
8562.9658203125
8467.390625
8372.783203125
8282.7294921875
8188.1767578125
8092.98876953125
8007.03955078125
7911.31298828125
7819.59033203125
7725.1962890625
7632.85791015625
7537.73388671875
7447.07177734375
7366.791015625
7296.015625
7233.25830078125
7171.02685546875
7110.30322265625
7056.48828125
6998.357421875
6943.56103515625
6882.779296875
6821.6494140625
6758.8818359375
6698.31396484375
6642.06103515625
6586.55810546875
6535.05517578125
6484.228515625
6435.44921875
6393.09326171875
6348.04736328125
6306.09716796875
6264.39501953125
6225.4951171875
6186.65478515625
6149.2841796875
6113.72119140625
6078.029296875
6044.724609375
6011.49755859375
5979.2802734375
5950.9091796875
5920.4541015625
5891.775390625
5863.02783203125
5835.9443359375
5808.77392578125
5782.34814453125
5757.40478515625
5732.251953125
5708.40283203125
5684.33837890625
