20000.0
20000.0
20000.0
20000.0
20000.0
20000.0
20000.0
20000.0
20000.0
20000.0
20000.0
20000.0
20000.0
20000.0
20000.0
20000.0
20000.0
20000.0
20000.0
20000.0
20000.0
20000.0
20000.0
19999.984375
19999.998046875
20000.0
20000.0
20000.0
20000.0
20000.0
20000.0
20000.0
20000.0078125
19706.30078125
18955.27734375
18267.103515625
17660.056640625
17130.646484375
16619.029296875
16154.4375
15703.126953125
15276.384765625
14796.0966796875
14341.3642578125
13959.1416015625
13594.7060546875
13264.8330078125
12944.4638671875
12645.6806640625
12421.5869140625
12205.08203125
12007.90234375
11735.220703125
11389.4912109375
11137.9736328125
10937.041015625
10760.048828125
10576.830078125
10400.10546875
10205.1494140625
10007.9599609375
9818.3984375
9632.7744140625
9471.7783203125
9312.1259765625
9152.0
9014.9951171875
8877.353515625
8754.380859375
8636.5234375
8536.9833984375
8438.5498046875
8340.9130859375
8245.8759765625
8147.41748046875
8052.15234375
7954.50732421875
7858.11328125
7770.9814453125
7673.44189453125
7580.95703125
7492.029296875
7415.29345703125
7346.2587890625
7281.21044921875
7220.0146484375
7158.21044921875
7099.72314453125
7040.845703125
6978.48974609375
6919.318359375
6854.28759765625
6793.279296875
6732.93798828125
6677.0224609375
6622.00146484375
6569.3818359375
6520.5576171875
6472.3388671875
6427.484375
6383.0029296875
6340.23291015625
6302.8828125
6263.15673828125
6225.96826171875
6188.09765625
6152.791015625
6117.70947265625
6083.6416015625
6051.7041015625
6019.6826171875
5989.63671875
5959.4853515625
5930.2294921875
5904.5546875
5876.8720703125
5850.84375
5824.57763671875
5799.78173828125
5774.68359375
5750.162109375
5726.99072265625
5703.6337890625
5681.50341796875
5659.27978515625
