20000.0
20000.0
20000.0
20000.0
20000.0
20000.0
20000.0
20000.0
20000.0
20000.0
20000.0
20000.0
20000.0
20000.0
20000.0
20000.0
20000.0
20000.0
20000.0
20000.0
20000.0
20000.0
19997.443359375
20000.0
20000.0
20000.0
20000.0
20000.0
20000.0
20000.0
20000.0
20000.0
20000.0
19621.115234375
18878.28125
18215.888671875
17652.71484375
17110.26953125
16618.484375
16137.49609375
15585.22265625
15094.54296875
14651.1376953125
14258.701171875
13879.76171875
13535.4033203125
13200.6064453125
12944.0224609375
12702.6845703125
12470.298828125
12147.2177734375
11776.5869140625
11491.3193359375
11299.9912109375
11093.3173828125
10901.236328125
10689.8193359375
10479.00390625
10264.861328125
10055.640625
9868.6923828125
9685.6943359375
9510.78125
9340.4443359375
9187.83203125
9063.1669921875
8932.7060546875
8819.296875
8709.2890625
8605.509765625
8497.1865234375
8388.0830078125
8282.0380859375
8172.9130859375
8067.72021484375
7958.82177734375
7849.80126953125
7756.009765625
7661.53662109375
7584.35693359375
7510.9609375
7442.58642578125
7373.6875
7306.2880859375
7242.95849609375
7173.45751953125
7103.220703125
7031.2470703125
6961.9599609375
6902.25390625
6839.03173828125
6780.69921875
6723.25927734375
6670.08203125
6617.595703125
6567.2099609375
6520.47119140625
6474.078125
6430.22265625
6386.42431640625
6344.421875
6307.67333984375
6268.3203125
6231.5166015625
6194.62255859375
6160.103515625
6125.4873046875
6091.90771484375
6060.31982421875
6028.5419921875
5998.48681640625
5968.22900390625
5938.7197265625
5912.67138671875
5884.640625
5858.14501953125
5831.5595703125
5806.4033203125
5781.07373046875
5756.5234375
5733.28271484375
5709.853515625
5687.75390625
5665.57470703125
