20000.0
20000.0
20000.0
20000.0
20000.0
20000.0
20000.0
20000.0
20000.0
20000.0
20000.0
20000.0
20000.0
20000.0
20000.0
20000.0
20000.0
20000.0
20000.0
20000.0
20000.0
20000.0
20000.0
20000.0
20000.0
20000.0
20000.0
20000.0
20000.0
20000.0
20000.0
20000.0
20000.0
19999.998046875
20000.0
20000.0
20000.0
20000.0
19999.98828125
20000.013671875
20000.0
20000.0
20000.0
19999.998046875
20000.0
20000.0
20000.0
20000.0
20000.0
20000.0
20000.0
20000.0
20000.0
20000.0
20000.0
20000.0
20000.0
20000.0
20000.0
20000.0
20000.0
20000.0
20000.0
20000.0
19339.248046875
18498.84375
17779.55078125
17158.921875
16496.35546875
15955.1171875
15436.23828125
14972.4609375
14451.0908203125
13960.224609375
13554.3798828125
13166.9833984375
12823.095703125
12516.0234375
12141.447265625
11772.4052734375
11430.7041015625
11139.759765625
10855.76953125
10573.6181640625
10281.0
10001.52734375
9750.28515625
9506.87890625
9286.2744140625
9075.845703125
8881.080078125
8698.0322265625
8499.189453125
8319.18359375
8143.482421875
7980.02099609375
7819.09716796875
7664.41162109375
7517.45751953125
7369.70263671875
7225.85498046875
7078.01904296875
6932.77880859375
6804.6103515625
6681.56201171875
6568.5283203125
6451.93798828125
6339.91650390625
6226.68896484375
6118.56787109375
6021.16259765625
5927.486328125
5841.70947265625
5757.34765625
5676.84228515625
5607.66455078125
5539.17919921875
5477.3642578125
5416.7255859375
5359.3408203125
5301.5
5246.6083984375
5195.7587890625
5145.64990234375
5099.05419921875
5052.48583984375
