20000.0
20000.0
20000.0
19999.99609375
20000.0
20000.0
20000.0
20000.0
20000.0
20000.0
20000.0
20000.0
20000.0
20000.0
20000.0
20000.0
20000.0
20000.0
20000.0
20000.0
20000.0
20000.0
20000.0
20000.0
20000.0
20000.0
19999.92578125
20000.0
20000.0
20000.0
19999.994140625
20000.0
20000.0
20000.0
20000.0
20000.00390625
19655.771484375
19003.51953125
18396.1484375
17845.5078125
17387.455078125
16918.75390625
16498.5234375
16107.697265625
15749.5849609375
15390.712890625
15046.005859375
14617.509765625
14219.900390625
13894.7783203125
13583.1611328125
13287.0380859375
13031.1552734375
12762.5478515625
12514.796875
12276.40625
12088.0888671875
11919.1181640625
11759.8388671875
11609.49609375
11425.375
11146.427734375
10884.9384765625
10693.244140625
10563.3505859375
10419.4931640625
10276.76953125
10132.9423828125
9982.09765625
9822.314453125
9666.1142578125
9511.544921875
9361.255859375
9231.2158203125
9102.8291015625
8974.2880859375
8862.642578125
8749.265625
8649.890625
8552.9453125
8461.802734375
8375.23046875
8294.1171875
8217.0361328125
8137.12255859375
8058.65771484375
7976.67236328125
7894.177734375
7818.8544921875
7735.3427734375
7654.716796875
7570.40771484375
7487.47607421875
7402.10205078125
7320.919921875
7249.806640625
7185.51318359375
7127.46826171875
7069.41162109375
7012.74951171875
6962.7578125
6908.92138671875
6858.0869140625
6806.966796875
6758.69482421875
6710.18603515625
6661.5615234375
6611.06689453125
6557.7294921875
6507.544921875
6457.0361328125
6408.498046875
6366.328125
6321.49462890625
6279.77880859375
6238.36474609375
6199.67041015625
6161.11572265625
6123.95703125
6089.158203125
6054.46240234375
6021.90966796875
5989.330078125
