20000.0
20000.0
20000.0
20000.0
20000.0
20000.0
20000.0
20000.0
20000.0
20000.0
20000.0
20000.0
20000.0
20000.0
20000.0
20000.0
20000.0
20000.0
20000.0
20000.0
20000.0
20000.0
20000.0
20000.0
20000.0
20000.0
20000.0
20000.0
20000.0
20000.0
20000.0
20000.0
20000.0
20000.0
20000.0
20000.0
20000.0
20000.0
20000.0
20000.0
20000.0
20000.0
20000.0
20000.0
20000.0
20000.0
19999.998046875
19999.560546875
20000.0
20000.0
20000.0
20000.0
20000.0
20000.0
20000.0
20000.0
20000.0
20000.0
20000.029296875
20000.0
20000.0
20000.0
20000.0
20000.00390625
20000.0
20000.0
20000.0
19531.220703125
18656.3125
17920.826171875
17181.51171875
16417.318359375
15798.6572265625
15258.8916015625
14746.7431640625
14326.494140625
13803.7890625
13268.59375
12858.44921875
12445.2021484375
12046.8154296875
11640.65625
11268.8779296875
10916.86328125
10595.2490234375
10314.8896484375
10032.3916015625
9767.2470703125
9511.1181640625
9269.7421875
9062.7314453125
8844.4052734375
8641.8310546875
8436.1298828125
8234.560546875
8029.9375
7834.30126953125
7669.75439453125
7506.91357421875
7351.58154296875
7194.6806640625
7045.048828125
6919.80322265625
6790.8955078125
6673.7021484375
6556.9814453125
6451.95458984375
6356.173828125
6267.9482421875
6184.55859375
6101.59130859375
6024.1083984375
5949.029296875
5877.5810546875
5815.87548828125
5750.689453125
5690.2265625
5630.62890625
5575.5126953125
5520.98291015625
5468.82373046875
5420.404296875
5372.45703125
5327.88916015625
5283.744140625
