20000.0
20000.0
20000.0
20000.0
20000.0
20000.0
20000.0
20000.0
20000.0
20000.0
20000.0
20000.0
20000.0
20000.0
20000.0
20000.0
20000.0
20000.0
20000.0
20000.0
20000.0
20000.0
20000.0
20000.0
20000.0
20000.0
20000.0
20000.0
20000.0
20000.013671875
20000.0
20000.0
20000.0
19999.978515625
20000.0
20000.0
20000.01171875
20000.00390625
19999.98828125
20000.0
20000.0
20000.0
20000.0
20000.0
20000.0
20000.0
20000.0
20000.0
20000.0
20000.0
20000.0
20000.0
20000.0
20000.0
19999.908203125
19999.962890625
19297.44921875
18415.685546875
17585.232421875
16822.123046875
16174.662109375
15666.63671875
15247.4931640625
14901.00390625
14593.8193359375
14304.2939453125
14053.0185546875
13786.4130859375
13534.3505859375
13257.6318359375
13004.65625
12761.689453125
12533.45703125
12322.7841796875
12108.890625
11905.0078125
11695.1826171875
11491.57421875
11311.9716796875
11117.626953125
10934.2158203125
10748.521484375
10572.2568359375
10393.2998046875
10217.2333984375
10047.8046875
9860.861328125
9678.1552734375
9492.0732421875
9309.5947265625
9146.470703125
8966.96875
8796.1181640625
8623.9404296875
8462.529296875
8322.1455078125
8177.07373046875
8034.64599609375
7887.9130859375
7749.2158203125
7608.71337890625
7472.052734375
7351.9912109375
7222.7568359375
7099.94287109375
6975.99365234375
6859.9873046875
6744.5849609375
6635.9345703125
6533.50341796875
6428.18115234375
6329.01513671875
6229.81640625
6133.80908203125
6048.23828125
5956.888671875
5871.6962890625
5786.99560546875
5708.0546875
5629.45556640625
5553.2607421875
5482.8662109375
5408.2255859375
5338.24072265625
5269.482421875
