20000.0
20000.0
20000.0
20000.0
20000.0
20000.0
19999.998046875
20000.0
20000.0
20000.0
20000.0
19999.998046875
20000.0
20000.0
20000.0
20000.0
20000.0
20000.0
20000.0
20000.0
20000.0
20000.0
20000.0
20000.0
20000.0
20000.0
20000.0
20000.0
20000.0
20000.0
20000.0
20000.0
20000.0
20000.0
20000.0
20000.0
20000.0
20000.0
20000.0
20000.0
20000.0
19999.998046875
20000.0
20000.0
20000.0
19999.90625
19999.96484375
20000.0
20000.0
20000.0
20000.0
19999.998046875
19156.943359375
18347.53125
17694.291015625
17036.658203125
16420.14453125
15827.9345703125
15356.0361328125
14873.2705078125
14406.994140625
13994.08203125
13596.876953125
13232.1025390625
12874.986328125
12538.86328125
12251.443359375
11948.345703125
11669.548828125
11393.1044921875
11143.2099609375
10939.7666015625
10748.708984375
10569.0478515625
10388.484375
10219.005859375
10049.357421875
9885.2978515625
9741.4296875
9594.5947265625
9461.4072265625
9323.8984375
9191.337890625
9056.1591796875
8911.7099609375
8777.8310546875
8647.091796875
8526.2783203125
8406.25390625
8290.3583984375
8187.5244140625
8076.89599609375
7973.14111328125
7869.2041015625
7771.63134765625
7673.42724609375
7577.6025390625
7487.919921875
7396.9375
7310.34521484375
7222.130859375
7135.69580078125
7059.4296875
6977.1923828125
6899.685546875
6821.689453125
6748.12744140625
6674.296875
6602.6845703125
6530.5126953125
6436.7158203125
6348.0634765625
6264.74951171875
6188.921875
6124.89501953125
6059.3310546875
5999.51708984375
5940.6259765625
5885.064453125
5829.20068359375
5759.55029296875
5705.1455078125
5650.7841796875
5596.53271484375
5540.8447265625
