20000.0
20000.0
20000.0
20000.0
20000.0
20000.0
20000.0
20000.0
20000.0
20000.0
20000.0
20000.0
20000.0
20000.0
20000.0
20000.0
20000.0
20000.0
20000.0
20000.0
20000.0
20000.0
20000.0
20000.0
20000.0
20000.0
20000.0
20000.0
20000.0
20000.0
20000.0
20000.0
20000.0
20000.0
20000.0
20000.0
20000.0
20000.0
20000.0
20000.0
20000.0
20000.0
20000.0
20000.0
20000.0
20000.0
20000.0
20000.0
20000.0
20000.0
20000.0
20000.0
20000.0
20000.0
20000.0
20000.0
20000.0
20000.0
20000.0
20000.0
20000.0
20000.0
19999.994140625
19999.990234375
19999.94921875
20000.0
19999.998046875
20000.0
20000.0
20000.0
20000.0
19999.939453125
20000.0
20000.0
20000.0
20000.0
19999.998046875
20000.0
20000.0
20000.013671875
20000.0
20000.0
20000.0
20000.0
20000.0
20000.0
20000.005859375
20000.0
20000.0
20000.0
20000.00390625
20000.0
20000.001953125
20000.0
20000.0
19923.3984375
19346.39453125
18768.0
18219.71484375
17697.193359375
17226.810546875
16791.634765625
16407.830078125
16073.9931640625
15721.1650390625
15396.15234375
15025.1552734375
14652.5185546875
14333.2607421875
14037.2626953125
13765.1474609375
13490.5302734375
13261.9482421875
13042.158203125
12820.5703125
12512.435546875
12198.8740234375
11945.3974609375
11727.720703125
11522.34765625
11312.177734375
11104.9609375
10903.552734375
10694.8681640625
10494.3193359375
10294.859375
