20000.0
20000.0
20000.0
20000.0
19999.998046875
20000.0
20000.0
20000.0
20000.0
20000.0
20000.0
20000.0
20000.0
20000.0
20000.0
20000.0
20000.0
20000.0
19999.59375
20000.0
20000.0
20000.0
20000.0
20000.0
20000.0
20000.0
19999.998046875
20000.0
19892.96875
19085.62109375
18290.830078125
17582.51171875
16790.095703125
16068.3671875
15465.7490234375
14928.1201171875
14444.998046875
14059.7724609375
13717.66796875
13253.6484375
12725.810546875
12355.2392578125
12022.4951171875
11735.9130859375
11430.2177734375
11129.341796875
10827.123046875
10548.0654296875
10290.0107421875
10027.4794921875
9793.216796875
9577.1416015625
9381.849609375
9224.0703125
9065.6806640625
8916.701171875
8764.56640625
8619.373046875
8473.5546875
8331.654296875
8199.7529296875
8076.1962890625
7971.5546875
7876.0810546875
7788.43310546875
7705.744140625
7609.1650390625
7516.34521484375
7423.93359375
7338.8876953125
7254.5810546875
7174.55029296875
7101.337890625
7029.59619140625
6963.47998046875
6898.42138671875
6836.26220703125
6783.810546875
6730.8212890625
6680.0859375
6628.53564453125
6579.7373046875
6530.83984375
6483.47509765625
6439.154296875
6394.96240234375
6353.67138671875
6312.5361328125
6272.6533203125
6237.32666015625
6199.34130859375
6164.02099609375
6129.03271484375
6096.38916015625
6063.869140625
6032.4619140625
6003.1162109375
5973.72412109375
5946.2490234375
5918.67529296875
5892.04638671875
5868.67041015625
5843.6787109375
5820.21337890625
5796.7255859375
5774.7216796875
5752.77099609375
5731.45166015625
5711.4697265625
5691.404296875
5672.677734375
5653.8125
5635.466796875
5619.42333984375
5602.208984375
5585.9453125
5569.705078125
5554.4775390625
5539.2314453125
5524.48681640625
5510.58203125
5496.55419921875
5483.4072265625
5470.1865234375
