20000.0
20000.0
20000.0
20000.0
20000.0
20000.0
20000.0
20000.0
20000.0
20000.0
20000.0
20000.0
20000.0
20000.0
20000.0
20000.0
20000.0
20000.0
20000.0
20000.0
20000.0
19999.9609375
20000.0
19999.96484375
20000.0
20000.0
20000.0
20000.0
20000.0
20000.0
20000.0
20000.0
20000.0
20000.0
20000.0
20000.0
20000.0
20000.0
20000.0
20000.0
20000.0
20000.0
20000.0
19999.9921875
19999.9609375
18976.47265625
17806.240234375
16915.3125
16280.9951171875
15752.5751953125
15325.1748046875
14920.1708984375
14542.50390625
14217.1015625
13882.005859375
13572.3779296875
13272.8671875
13008.884765625
12743.8173828125
12492.658203125
12264.0947265625
12043.1474609375
11841.568359375
11644.7744140625
11459.470703125
11300.3173828125
11134.0517578125
10981.453125
10832.1748046875
10696.6884765625
10562.052734375
10434.12890625
10316.392578125
10200.08984375
10092.421875
9986.197265625
9884.1552734375
9794.306640625
9699.388671875
9611.3046875
9523.9921875
9442.6025390625
9362.185546875
9283.712890625
9210.8505859375
9138.8935546875
9072.05859375
9006.0546875
8943.001953125
8888.4619140625
8830.548828125
8776.71875
8723.43359375
8673.775390625
8624.732421875
8577.7333984375
8534.1826171875
8491.146484375
8450.9150390625
8411.21875
8373.04296875
8339.5078125
8304.2998046875
8271.7177734375
8239.298828125
8207.8818359375
8176.48095703125
8146.2841796875
8117.99853515625
8089.87353515625
8063.39892578125
8036.82470703125
8010.93603515625
7988.2509765625
7963.7373046875
7940.595703125
7917.30029296875
7895.14404296875
7872.6005859375
7850.3505859375
7828.90087890625
7806.70751953125
7785.3515625
7763.28515625
