20000.0
20000.0
20000.0
20000.0
20000.0
20000.0
20000.0
20000.0
20000.0
20000.0
20000.0
20000.0
20000.0
20000.0
20000.0
20000.0
20000.0
20000.0
20000.0
19999.998046875
20000.0
20000.0
20000.0
20000.0
20000.0
20000.0
20000.0
20000.0
20000.0
20000.0
20000.0
20000.0
20000.0
20000.0
20000.0
19999.998046875
20000.0
20000.0
20000.0
19999.994140625
20000.0
19999.998046875
20000.0
20000.0
20000.0
20000.0
20000.0
20000.0
20000.0
20000.0
20000.0
20000.0
20000.0
20000.0
20000.0
20000.0
20000.0
19538.740234375
18602.365234375
17792.39453125
17055.837890625
16388.1484375
15807.7509765625
15279.763671875
14788.734375
14321.98828125
13900.787109375
13544.845703125
13179.1396484375
12848.755859375
12529.619140625
12240.4638671875
11925.36328125
11594.27734375
11316.068359375
11067.5986328125
10851.1748046875
10586.8037109375
10276.7529296875
10032.4130859375
9808.2783203125
9601.0478515625
9399.0908203125
9206.2392578125
9008.892578125
8812.76171875
8628.017578125
8449.015625
8286.7734375
8124.8369140625
7967.88525390625
7817.28564453125
7664.75390625
7530.21728515625
7400.5048828125
7281.35107421875
7163.09228515625
7049.494140625
6942.82080078125
6833.73095703125
6728.8349609375
6620.30908203125
6510.86328125
6412.90576171875
6306.458984375
6206.02001953125
6113.67236328125
6030.08203125
5943.4560546875
5856.50830078125
5772.74365234375
5687.5830078125
5608.55615234375
5532.35498046875
5461.357421875
5400.08056640625
5335.2080078125
5274.75830078125
5215.20751953125
5160.828125
5110.42919921875
5063.1435546875
5018.3798828125
4972.91455078125
4929.63134765625
4886.7900390625
