20000.0
19999.970703125
19329.626953125
18442.90234375
17857.56640625
17539.8515625
17273.404296875
17234.755859375
17373.12109375
17583.92578125
17977.8125
18546.5859375
19136.41796875
19709.59375
20000.0
20000.0
20000.0
20000.0
20000.0
20000.0
20000.0
20000.0
20000.0
20000.0
20000.0
20000.0
20000.0
20000.0
20000.0
20000.0
20000.0
20000.0
19999.982421875
20000.0
19129.0625
18161.392578125
17417.044921875
16616.49609375
15859.72265625
15171.896484375
14479.375
13835.6650390625
13249.3251953125
12719.0830078125
12257.166015625
11789.47265625
11386.84765625
11031.0927734375
10690.5849609375
10360.4228515625
10049.455078125
9765.9453125
9491.337890625
9239.5673828125
8992.59375
8777.984375
8621.025390625
8455.2421875
8300.5693359375
8146.00732421875
8000.97900390625
7855.43310546875
7713.818359375
7580.56494140625
7446.93115234375
7323.033203125
7210.9306640625
7089.06103515625
6979.60302734375
6863.349609375
6755.037109375
6646.78515625
6545.080078125
6443.3994140625
6344.841796875
6252.22509765625
6159.6142578125
6072.310546875
5984.099609375
5897.90673828125
5821.9658203125
5740.484375
5664.10498046875
5588.45654296875
5517.87255859375
5447.00341796875
5378.13720703125
5313.41015625
5247.5673828125
5184.29736328125
5120.4599609375
5058.63623046875
5004.67333984375
4947.2177734375
4893.5009765625
4839.5234375
4788.65625
4737.58837890625
4687.94970703125
4640.75244140625
4593.21630859375
4548.37109375
4503.20361328125
4459.14453125
4420.2568359375
4378.26953125
4338.6162109375
4296.1728515625
4253.2373046875
4211.5498046875
4172.26806640625
4135.94091796875
4099.79345703125
4065.927978515625
4031.96240234375
3998.981201171875
3969.972412109375
3939.76171875
3912.631103515625
3885.446044921875
3860.147705078125
3834.60986328125
3809.51123046875
3785.744140625
3761.692626953125
3737.95458984375
3713.21435546875
