20000.0
20000.0
19787.537109375
18370.111328125
17767.021484375
17378.486328125
17539.8984375
17901.560546875
18245.001953125
18702.646484375
19214.826171875
19708.158203125
20000.0
20000.0
20000.0
20000.0
20000.0
20000.0
20000.0
20000.0
20000.0
20000.0
20000.0
20000.0
20000.0
20000.0
20000.0
20000.0
20000.0
20000.0
20000.0
20000.0
20000.0
20000.0
19999.998046875
19999.9921875
19259.421875
18321.978515625
17601.4296875
16868.00390625
16186.46875
15587.076171875
14975.3740234375
14368.412109375
13802.4111328125
13309.9384765625
12846.234375
12403.099609375
11997.9697265625
11610.740234375
11275.8916015625
10975.0
10676.5537109375
10420.3916015625
10148.09765625
9896.869140625
9650.341796875
9424.9677734375
9204.302734375
8992.5380859375
8812.8896484375
8659.611328125
8518.4072265625
8377.904296875
8241.6962890625
8121.77734375
7992.70263671875
7870.91015625
7748.1708984375
7631.970703125
7514.72216796875
7400.63232421875
7292.92578125
7184.59814453125
7094.6240234375
6996.79296875
6894.27392578125
6804.28955078125
6708.44287109375
6618.54833984375
6528.18212890625
6443.017578125
6357.3681640625
6273.9130859375
6195.0771484375
6115.9052734375
6041.1474609375
5965.93896484375
5892.47900390625
5827.3408203125
5756.775390625
5690.060546875
5622.78173828125
5559.20166015625
5495.1787109375
5433.521484375
5375.578125
5317.0537109375
5261.74462890625
5205.9892578125
5151.673828125
5103.7587890625
5051.359375
5000.87890625
4949.521484375
4901.0546875
4852.51220703125
4805.50048828125
4761.40771484375
4717.1103515625
4675.12646484375
4632.78271484375
4591.10400390625
4553.88623046875
4513.5625
4475.43505859375
4436.99951171875
4400.62255859375
4363.8212890625
4327.76025390625
4293.55224609375
4258.919921875
4226.09912109375
4192.94091796875
