20000.0
20000.0
20000.0
20000.0
20000.0
20000.0
20000.0
20000.0
20000.0
20000.0
20000.0
20000.0
20000.0
20000.0
20000.0
20000.0
20000.0
20000.0
20000.0
20000.0
20000.0
20000.0
20000.0
20000.0
20000.0
20000.0
20000.0
20000.0
20000.0
20000.0
20000.0
20000.0
20000.0
20000.0
20000.0
20000.0
20000.0
20000.0
20000.0
20000.0
20000.0
20000.0
20000.0
20000.0
20000.0
20000.0
20000.0
20000.0
20000.0
20000.0
20000.0
20000.0
20000.0
20000.0
20000.0
20000.001953125
20000.0
20000.0
20000.0
20000.0
19999.986328125
20000.0
20000.0
19965.056640625
19170.408203125
18423.310546875
17745.033203125
17180.64453125
16594.998046875
16056.2373046875
15533.876953125
15061.7294921875
14608.9736328125
14201.0478515625
13834.3427734375
13479.5078125
13155.2451171875
12837.521484375
12534.0244140625
12290.8583984375
12056.02734375
11848.9912109375
11647.4287109375
11454.2431640625
11249.4169921875
11041.6806640625
10851.708984375
10664.068359375
10489.173828125
10315.462890625
10148.79296875
10003.7685546875
9849.009765625
9704.341796875
9559.8720703125
9423.9072265625
9287.087890625
9153.42578125
9028.0810546875
8901.6728515625
8781.138671875
8661.2587890625
8550.5439453125
8518.173828125
8455.486328125
8272.4501953125
8110.04736328125
7964.99609375
7844.28076171875
7732.5234375
7629.28125
7536.220703125
7444.55615234375
7355.54833984375
7257.86669921875
7162.91796875
7083.32421875
6993.859375
6901.86865234375
6806.947265625
6718.6884765625
6627.4609375
6538.16748046875
6455.62255859375
6377.130859375
6303.98974609375
6228.91796875
