20000.0
20000.0
19999.998046875
20000.0
20000.0
20000.0
20000.0
20000.0
19999.998046875
20000.0
20000.0
20000.0
20000.0
20000.0
20000.0
20000.0
20000.0
20000.0
20000.0
20000.0
20000.0
20000.0
20000.0
20000.0
20000.0
20000.0
19999.998046875
20000.0
20000.0
20000.0
20000.0
20000.0
20000.0
20000.0
20000.0
20000.0
20000.0
20000.0
20000.0
20000.0
20000.0
20000.0
20000.0
20000.0
20000.0
20000.0
20000.0
20000.0
20000.0
20000.0
20000.0
20000.0
20000.0
19999.998046875
19998.927734375
20000.0
20000.0
20000.0
19998.78125
19999.92578125
20000.0
20000.0
20000.0
20000.0
19999.970703125
20000.0
20000.0
19974.7734375
19194.2421875
18512.87890625
17878.626953125
17314.8203125
16765.3984375
16241.1162109375
15762.162109375
15295.5361328125
14872.759765625
14477.0302734375
14110.568359375
13798.9833984375
13474.3896484375
13176.953125
12884.5048828125
12612.2626953125
12342.6982421875
12138.693359375
11947.904296875
11752.1328125
11550.6787109375
11348.1484375
11157.76953125
10994.1181640625
10819.9716796875
10655.8388671875
10491.748046875
10338.298828125
10185.3671875
10037.7470703125
9899.1806640625
9759.8271484375
9628.298828125
9496.5146484375
9369.0654296875
9256.5595703125
9134.384765625
9018.4248046875
8901.8916015625
8792.4912109375
8684.072265625
8553.015625
8418.41796875
8288.974609375
8157.38037109375
8023.04541015625
7912.05419921875
7820.63671875
7726.81201171875
7641.63623046875
7557.7109375
7480.42236328125
7396.4404296875
7308.7666015625
7225.89306640625
7144.8125
7064.63427734375
6977.29638671875
