20000.0
20000.0
19350.837890625
17578.185546875
16691.4765625
16515.0390625
16663.005859375
16956.1953125
17268.18359375
17526.107421875
17790.419921875
18080.388671875
18403.083984375
18719.86328125
19041.236328125
19348.40625
19613.904296875
19895.07421875
20000.0
20000.0
20000.0
20000.0
20000.0
20000.0
20000.0
20000.0
20000.0
20000.0
20000.0
20000.001953125
20000.0
19110.966796875
17994.998046875
17025.814453125
16284.740234375
15724.1396484375
15220.08203125
14765.9638671875
14364.712890625
14015.6484375
13730.1953125
13425.833984375
13142.8349609375
12875.3330078125
12642.861328125
12428.8583984375
12236.984375
12067.6826171875
11902.8564453125
11750.6181640625
11602.9365234375
11459.1162109375
11327.0361328125
11195.4287109375
11080.9609375
10972.2158203125
10872.8466796875
10774.7890625
10680.5439453125
10592.76953125
10505.478515625
10424.009765625
10343.7236328125
10267.3310546875
10200.80859375
10125.078125
10052.158203125
9979.25
9911.482421875
9841.4638671875
9773.2060546875
9709.67578125
9646.865234375
9588.326171875
9529.8125
9473.078125
9422.970703125
9367.556640625
9314.0234375
9259.4541015625
9207.6728515625
9155.8291015625
9105.37890625
9058.0458984375
9010.580078125
8965.1328125
8921.0048828125
8878.357421875
8839.7099609375
8796.5498046875
8754.71875
8711.8466796875
8670.765625
8628.9423828125
8587.865234375
8549.095703125
8514.662109375
8484.68359375
8454.1162109375
8423.935546875
8397.0078125
8367.509765625
8339.4462890625
8312.60546875
8287.013671875
8260.6640625
8234.466796875
8209.234375
8183.34033203125
8158.44482421875
8132.939453125
8107.681640625
8085.1015625
8060.48388671875
8037.0966796875
8013.35205078125
7990.78173828125
7967.85302734375
7945.28076171875
7923.83203125
7902.08349609375
7881.46826171875
7860.60693359375
