20000.0
20000.0
20000.0
20000.0
20000.0
20000.0
20000.0
20000.0
19999.998046875
20000.0
20000.0
20000.0
20000.0
20000.0
20000.0
20000.0
20000.0
20000.0
20000.0
20000.0
20000.0
20000.0
20000.0
20000.0
20000.0
20000.0
20000.0
20000.0
20000.0
20000.0
20000.0
20000.0
20000.0
20000.0
20000.0
20000.0
20000.0
19999.998046875
19999.998046875
20000.0
19999.998046875
19053.0
18235.83984375
17318.740234375
16540.001953125
15818.0361328125
15174.6484375
14561.859375
14017.9482421875
13566.474609375
13103.91796875
12692.201171875
12295.765625
11921.390625
11600.9560546875
11264.0703125
10957.5078125
10657.708984375
10388.841796875
10131.0322265625
9914.9169921875
9733.962890625
9553.7412109375
9385.3720703125
9215.693359375
9050.7421875
8905.302734375
8764.48046875
8629.228515625
8478.92578125
8333.7314453125
8191.4443359375
8055.81787109375
7929.53515625
7803.5458984375
7685.5732421875
7567.4541015625
7452.9794921875
7352.4306640625
7243.94384765625
7141.5576171875
7038.04931640625
6940.40966796875
6843.67822265625
6750.859375
6662.8828125
6574.71337890625
6492.06787109375
6409.361328125
6328.6318359375
6255.9453125
6176.67724609375
6102.11962890625
6027.693359375
5958.22265625
5888.6572265625
5820.9345703125
5756.9443359375
5692.466796875
5631.69287109375
5570.65625
5511.40478515625
5459.34375
5403.81396484375
5351.5693359375
5298.87890625
5248.99072265625
5198.56103515625
5149.28564453125
5102.62939453125
5048.6337890625
4998.93603515625
4940.970703125
4881.22705078125
4832.86865234375
4786.1220703125
4745.97705078125
4708.40185546875
4674.51806640625
4638.173828125
4599.07958984375
4561.4375
4524.45263671875
4490.9873046875
4457.99951171875
