20000.0
20000.0
20000.0
20000.0
20000.0
20000.0
20000.0
20000.0
20000.0
20000.0
20000.0
20000.0
20000.0
20000.0
20000.0
20000.0
20000.0
20000.0
20000.0
20000.0
20000.0
20000.0
19999.97265625
20000.0
19999.796875
20000.0
20000.0
19999.912109375
20000.0
20000.0
20000.0
20000.0
20000.0
20000.0
20000.0
20000.0
20000.0
20000.0
20000.0
20000.0
20000.0
19999.998046875
19999.98828125
19999.982421875
20000.0
18979.083984375
17925.798828125
16909.837890625
16122.8134765625
15548.462890625
15058.9794921875
14663.982421875
14316.38671875
13995.4736328125
13708.64453125
13398.37890625
13110.287109375
12827.44140625
12570.4111328125
12320.740234375
12086.2568359375
11874.83203125
11674.703125
11488.6328125
11305.2314453125
11130.658203125
10980.3330078125
10821.8759765625
10676.841796875
10534.3642578125
10403.109375
10274.4052734375
10151.546875
10038.5732421875
9927.1640625
9823.482421875
9720.7490234375
9622.3154296875
9536.755859375
9445.7119140625
9362.5439453125
9280.78125
9203.298828125
9126.029296875
9051.7900390625
8981.62109375
8911.7666015625
8846.677734375
8781.7509765625
8719.1728515625
8664.1435546875
8605.7705078125
8551.0029296875
8496.56640625
8445.595703125
8394.736328125
8345.767578125
8299.986328125
8254.40234375
8211.9072265625
8169.533203125
8128.94580078125
8093.3017578125
8054.7705078125
8018.6708984375
7982.4130859375
7948.40087890625
7914.40380859375
7881.59326171875
7850.62890625
7819.30615234375
7789.71337890625
7759.77587890625
7730.63134765625
7704.68408203125
7676.60546875
7649.818359375
7622.37890625
7596.12548828125
7569.2646484375
7542.56982421875
7517.7294921875
7493.05810546875
7466.74609375
7439.31884765625
