20000.0
20000.0
20000.0
20000.0
20000.0
20000.0
20000.0
19778.927734375
19734.13671875
19921.25390625
20000.0
20000.0
20000.0
20000.0
20000.0
20000.0
20000.0
20000.0
20000.0
20000.0
20000.0
20000.0
20000.0
20000.0
20000.0
20000.0
20000.0
20000.0
20000.0
20000.0
20000.0
20000.0
20000.0
20000.0
20000.0
19999.92578125
20000.0
20000.0
19999.998046875
20000.0
20000.001953125
20000.0
19110.669921875
18332.681640625
17496.677734375
16708.306640625
15985.7509765625
15352.673828125
14745.3583984375
14182.7890625
13734.34765625
13277.068359375
12859.3046875
12466.4580078125
12099.365234375
11782.6708984375
11445.3359375
11136.1357421875
10835.2646484375
10561.697265625
10302.1201171875
10059.5078125
9839.7109375
9664.46875
9500.1171875
9335.462890625
9174.302734375
9038.37890625
8900.0263671875
8763.0546875
8607.94921875
8465.2666015625
8325.5126953125
8192.244140625
8067.74365234375
7943.5732421875
7826.86279296875
7709.21435546875
7594.44482421875
7493.0498046875
7383.52783203125
7280.197265625
7176.25537109375
7079.91796875
6984.193359375
6891.65283203125
6804.94140625
6717.841796875
6633.38427734375
6547.4775390625
6464.28076171875
6391.65673828125
6314.1875
6241.744140625
6169.181640625
6100.60595703125
6031.37646484375
5963.8935546875
5900.3857421875
5836.64013671875
5776.7880859375
5716.79443359375
5658.4873046875
5607.09765625
5551.5859375
5499.2001953125
5446.45751953125
5396.51513671875
5346.484375
5290.2001953125
5238.71826171875
5188.634765625
5142.54638671875
5096.9287109375
5053.00048828125
5014.5146484375
4972.62109375
4934.35888671875
4896.37353515625
4860.85107421875
4824.84423828125
4784.9296875
4739.9873046875
4697.52734375
4661.24658203125
4625.90185546875
