20000.0
20000.0
20000.0
20000.0
20000.0
20000.0
20000.0
20000.0
20000.0
20000.0
20000.0
20000.0
20000.0
20000.0
20000.0
20000.0
19999.865234375
19999.998046875
19999.921875
20000.0
19361.353515625
17923.162109375
16803.765625
15824.7958984375
15028.70703125
14404.4521484375
13843.7578125
13352.1201171875
12894.4677734375
12485.357421875
12153.9873046875
11802.8525390625
11479.8779296875
11167.8173828125
10894.5703125
10668.599609375
10452.3291015625
10248.9453125
10048.5537109375
9864.2705078125
9682.4169921875
9508.517578125
9355.7705078125
9191.072265625
9028.2529296875
8871.111328125
8728.0927734375
8587.55859375
8453.294921875
8328.5693359375
8204.8388671875
8089.6357421875
7945.13330078125
7834.87060546875
7745.13427734375
7653.16650390625
7566.9111328125
7481.44482421875
7360.46435546875
7208.89404296875
7083.85595703125
6995.33251953125
6924.30224609375
6866.33984375
6798.93017578125
6725.20556640625
6662.1259765625
6600.6875
6532.7666015625
6454.919921875
6388.6962890625
6328.02099609375
6269.14453125
6213.73876953125
6159.7783203125
6111.4853515625
6064.6259765625
6016.82861328125
5972.37646484375
5921.6513671875
5872.51220703125
5824.15087890625
5781.44580078125
5741.0771484375
5703.408203125
5668.26220703125
5632.32177734375
5597.51171875
5561.66064453125
5526.33251953125
5495.06787109375
5461.505859375
5431.64208984375
5402.87109375
5375.775390625
5347.9658203125
5320.20166015625
5293.490234375
5266.00390625
5239.5791015625
5212.60498046875
5186.35205078125
5163.2236328125
5138.2900390625
5114.67626953125
5090.763671875
5068.13818359375
5045.29736328125
5023.01123046875
5001.9130859375
4980.6396484375
4960.49072265625
4940.162109375
4920.296875
4902.748046875
4883.74658203125
4865.86328125
4847.8046875
4830.8388671875
4813.6513671875
4796.8974609375
4781.06201171875
4765.13330078125
4750.11376953125
4734.97119140625
