20000.0
19999.99609375
19999.998046875
20000.0
20000.0
20000.0
20000.0
19586.87890625
19371.337890625
19399.705078125
19601.494140625
20000.0
20000.0
20000.0
20000.0
20000.0
20000.0
20000.0
20000.0
20000.0
20000.0
20000.0
20000.0
20000.0
20000.0
20000.0
20000.0
20000.0
20000.0
20000.0
20000.0
20000.0
20000.0
20000.0
20000.0
20000.0
20000.0
20000.0
20000.0
19999.98046875
19999.994140625
19999.97265625
19468.337890625
18595.71875
17857.541015625
17072.310546875
16319.697265625
15630.44921875
15027.4873046875
14451.8974609375
13913.513671875
13465.302734375
13040.3251953125
12635.3515625
12253.3916015625
11897.81640625
11591.66796875
11268.0048828125
10968.1123046875
10676.8701171875
10407.32421875
10150.7197265625
9912.4814453125
9700.544921875
9529.6630859375
9369.2119140625
9207.8037109375
9051.626953125
8914.0390625
8769.83203125
8643.349609375
8510.7958984375
8368.052734375
8227.9169921875
8095.07958984375
7971.91357421875
7849.49072265625
7734.80908203125
7620.01123046875
7508.2451171875
7409.4736328125
7302.705078125
7201.63818359375
7099.71533203125
7003.42626953125
6907.05419921875
6815.15673828125
6729.1591796875
6643.03564453125
6562.2607421875
6480.85791015625
6400.19384765625
6327.755859375
6249.60546875
6176.55615234375
6103.76513671875
6035.67041015625
5967.4912109375
5900.8310546875
5837.8037109375
5774.27490234375
5714.48193359375
5654.45751953125
5596.21142578125
5545.04248046875
5489.9130859375
5437.91162109375
5385.494140625
5336.0185546875
5286.13427734375
5237.3427734375
5191.0517578125
5139.00341796875
5089.8017578125
5041.88671875
4996.4345703125
4957.02490234375
4915.0166015625
4875.66552734375
4836.23681640625
4799.09765625
4761.2978515625
4725.0869140625
4691.4013671875
4657.72265625
4625.9951171875
4593.3349609375
