20000.0
20000.0
19999.611328125
19299.798828125
18129.853515625
17764.279296875
17553.873046875
17553.0390625
17758.064453125
18037.486328125
18571.390625
19196.65234375
19830.439453125
20000.0
20000.0
20000.0
20000.0
20000.0
20000.0
20000.0
20000.0
20000.0
20000.0
20000.0
20000.0
20000.0
20000.0
20000.0
19998.35546875
20000.00390625
20000.0
19999.990234375
19999.994140625
19512.966796875
18647.06640625
17880.978515625
17145.779296875
16367.0634765625
15603.98828125
14923.578125
14218.55859375
13609.18359375
13053.7861328125
12539.736328125
12098.9755859375
11652.224609375
11271.9296875
10923.6904296875
10589.771484375
10258.419921875
9944.7138671875
9659.9033203125
9384.9931640625
9136.0068359375
8923.5498046875
8737.9951171875
8574.6962890625
8403.4169921875
8244.5625
8086.49267578125
7938.3642578125
7790.3466796875
7646.728515625
7511.833984375
7376.81982421875
7250.33447265625
7125.28662109375
7017.337890625
6915.07421875
6795.4560546875
6684.626953125
6575.18603515625
6473.3681640625
6371.5771484375
6272.96240234375
6180.5009765625
6087.69384765625
6000.5751953125
5913.2138671875
5828.439453125
5753.783203125
5673.30322265625
5597.50048828125
5521.3232421875
5449.67138671875
5378.64794921875
5309.49169921875
5244.32373046875
5178.8740234375
5117.4560546875
5055.98291015625
4996.12109375
4942.37939453125
4883.4453125
4827.828125
4772.263671875
4720.3740234375
4668.13720703125
4616.93310546875
4568.56396484375
4519.837890625
4474.015625
4428.0146484375
4383.3115234375
4343.8935546875
4301.33154296875
4261.1337890625
4220.607421875
4182.34521484375
4143.77294921875
4102.07958984375
4062.018798828125
4023.130859375
3987.519287109375
3954.94775390625
3923.758056640625
3896.935546875
3868.167236328125
3840.985107421875
3813.5400390625
3787.797119140625
3761.723876953125
3736.096923828125
3711.70703125
3686.927001953125
3663.32470703125
3639.336181640625
