20000.0
20000.0
20000.0
20000.0
20000.0
20000.0
20000.0
20000.0
20000.0
20000.0
20000.0
20000.0
20000.0
20000.0
20000.0
20000.0
20000.0
20000.0
20000.0
20000.0
20000.0
20000.0
20000.0
20000.00390625
20000.0
19999.99609375
20000.0
20000.0
20000.0
20000.0
20000.0
20000.001953125
20000.0
20000.0
20000.0
20000.0
20000.0
20000.0
20000.0
20000.0
19999.998046875
20000.0
20000.0
20000.0
20000.0
18928.6015625
17878.87109375
17021.955078125
16408.23046875
15940.7734375
15507.3232421875
15106.7080078125
14719.9873046875
14350.427734375
14033.080078125
13703.71484375
13404.9453125
13126.6640625
12870.6376953125
12620.6142578125
12386.71484375
12173.5
11965.9892578125
11776.3740234375
11591.279296875
11416.4296875
11266.5166015625
11109.2177734375
10964.591796875
10821.90234375
10691.7626953125
10563.5537109375
10441.291015625
10328.1806640625
10216.794921875
10112.7646484375
10008.92578125
9909.8212890625
9823.8330078125
9732.6181640625
9647.6435546875
9563.666015625
9485.228515625
9407.421875
9332.8955078125
9263.0927734375
9193.9189453125
9130.0078125
9067.3427734375
9007.1650390625
8955.0009765625
8899.5556640625
8847.8095703125
8796.333984375
8748.3525390625
8701.0166015625
8655.3447265625
8612.5322265625
8569.6572265625
8529.66796875
8489.1865234375
8450.4423828125
8416.380859375
8379.998046875
8342.8720703125
8304.75
8268.8642578125
8232.3388671875
8196.3076171875
8161.92333984375
8126.06396484375
8091.64599609375
8055.83447265625
8019.53466796875
7986.3544921875
7948.96728515625
7912.2275390625
7873.70166015625
7836.3388671875
7797.90234375
7760.57080078125
7723.62158203125
7684.2333984375
7644.2275390625
7601.85693359375
