20000.0
20000.0
20000.0
20000.0
20000.0
20000.0
20000.0
20000.0
20000.0
20000.0
20000.0
20000.0
20000.0
20000.0
20000.0
20000.0
20000.0
20000.0
20000.0
20000.0
20000.0
20000.0
20000.0
20000.0
20000.0
20000.0
20000.0
20000.0
20000.0
20000.0
20000.0
20000.0
20000.0
20000.0
20000.0
20000.0
20000.0
20000.0
20000.0
20000.0
20000.0
20000.0
20000.0
20000.0
20000.0
20000.0
20000.0
20000.0
20000.0
20000.0
20000.0
20000.0
19999.9921875
20000.0
20000.0
20000.0
20000.0
19999.998046875
20000.0
19999.955078125
20000.0
20000.0
20000.0
19903.86328125
19086.412109375
18309.880859375
17607.958984375
17068.94921875
16520.607421875
16024.958984375
15546.5244140625
15113.2578125
14688.3017578125
14284.4267578125
13910.853515625
13544.1494140625
13211.001953125
12881.9912109375
12579.4951171875
12326.7939453125
12061.99609375
11816.662109375
11572.814453125
11374.076171875
11186.4267578125
11004.826171875
10833.982421875
10662.4130859375
10500.8271484375
10344.3662109375
10201.7265625
10073.4501953125
9931.3642578125
9783.57421875
9634.4990234375
9497.396484375
9362.181640625
9232.0712890625
9109.48046875
8985.37109375
8868.6787109375
8751.7724609375
8638.248046875
8538.3505859375
8430.564453125
8329.150390625
8227.0107421875
8130.3603515625
8032.77685546875
7937.544921875
7847.2451171875
7755.61572265625
7668.54248046875
7580.4765625
7494.51123046875
7418.54833984375
7337.06689453125
7260.2626953125
7170.7490234375
7070.79345703125
6972.65185546875
6883.96142578125
6805.484375
6729.20361328125
6659.53955078125
6565.19482421875
