20000.0
20000.0
20000.0
20000.0
20000.0
20000.0
20000.0
20000.0
20000.0
20000.0
20000.0
20000.0
20000.0
20000.0
20000.0
20000.0
20000.0
20000.0
20000.0
20000.0
20000.0
20000.0
20000.0
20000.0
20000.0
20000.0
20000.0
20000.0
20000.0
20000.0
20000.0
20000.0
20000.0
20000.0
20000.0
20000.0
20000.0
20000.0
20000.0
20000.0
20000.0
20000.0
20000.0
20000.0
20000.0
20000.0
20000.0
20000.0
20000.0
19999.966796875
19999.998046875
19999.99609375
20000.0
19999.693359375
20000.0
19999.990234375
20000.0
20000.0
20000.0
20000.0
20000.0
19317.7265625
18593.8828125
17880.708984375
17222.40234375
16687.763671875
16194.80859375
15723.3994140625
15270.0126953125
14862.41015625
14467.0830078125
14090.05859375
13740.5146484375
13392.6318359375
13071.650390625
12759.9775390625
12459.416015625
12208.6533203125
11951.853515625
11718.1103515625
11486.830078125
11270.767578125
11070.5341796875
10899.251953125
10738.3515625
10576.462890625
10423.4619140625
10269.609375
10129.1025390625
10009.802734375
9877.4453125
9747.4736328125
9602.4091796875
9467.7470703125
9335.3662109375
9208.380859375
9089.6689453125
8970.6943359375
8858.6982421875
8746.0849609375
8636.2900390625
8538.533203125
8433.0537109375
8333.736328125
8234.0009765625
8139.90283203125
8044.78759765625
7951.42138671875
7862.974609375
7773.837890625
7689.29833984375
7603.8916015625
7520.50927734375
7446.8818359375
7367.29931640625
7292.13623046875
7216.2685546875
7144.52392578125
7072.111328125
7001.2490234375
6933.8369140625
6864.41015625
6797.875
6730.4462890625
