20000.0
20000.0
20000.0
20000.0
20000.0
20000.0
20000.0
20000.0
20000.0
20000.0
20000.0
20000.0
20000.0
20000.0
20000.0
20000.0
20000.0
20000.0
20000.0
20000.0
20000.0
20000.0
20000.0
20000.0
20000.0
20000.0
20000.0
20000.0
20000.0
20000.0
19999.943359375
20000.0
20000.0
20000.0
20000.005859375
20000.0
19999.998046875
20000.0
20000.0
20000.0
20000.0
20000.0
20000.0
20000.0
20000.0
20000.0
20000.0
20000.0
19613.263671875
18996.40234375
18484.548828125
17553.80859375
16827.7265625
16214.8984375
15555.6103515625
15021.078125
14542.07421875
14166.9404296875
13825.4443359375
13504.220703125
13218.744140625
12965.255859375
12734.28125
12506.5078125
12289.38671875
12101.6552734375
11904.0625
11718.0302734375
11513.7392578125
11325.5458984375
11145.9609375
10980.115234375
10826.345703125
10672.8203125
10527.681640625
10377.1044921875
10226.0859375
10088.994140625
9937.458984375
9792.71484375
9644.5009765625
9501.833984375
9355.1865234375
9208.65234375
9067.2060546875
8918.9765625
8771.140625
8607.697265625
8444.98046875
8301.0595703125
8145.2041015625
7996.4658203125
7844.1015625
7698.8408203125
7551.60986328125
7407.16943359375
7278.5224609375
7162.64404296875
7047.611328125
6926.4462890625
6805.30322265625
6698.89501953125
6583.59765625
6474.8271484375
6365.2861328125
6261.845703125
6157.71240234375
6056.49755859375
5961.70849609375
5866.49072265625
5777.0751953125
5689.76806640625
5604.04443359375
5527.41845703125
5444.59033203125
5366.6904296875
5288.43408203125
5214.83349609375
5141.29736328125
5074.05712890625
5011.78369140625
4948.51416015625
4890.17724609375
4832.49072265625
