20000.0
20000.0
20000.0
20000.0
20000.0
20000.0
20000.0
20000.0
20000.0
20000.0
20000.0
20000.0
20000.0
20000.0
20000.0
20000.0
20000.0
19999.998046875
20000.0
19999.4921875
20000.0
20000.0
20000.0
20000.0
20000.0
20000.0
20000.0
20000.0
20000.0
20000.0
20000.0
20000.0
20000.0
20000.0
20000.0
20000.0
19167.998046875
17836.16015625
16859.587890625
16124.080078125
15567.4951171875
15132.619140625
14699.8037109375
14310.0322265625
13946.544921875
13622.4404296875
13299.6162109375
12996.619140625
12724.8828125
12466.85546875
12236.044921875
12014.2861328125
11807.724609375
11632.197265625
11452.1435546875
11288.541015625
11129.6865234375
10985.1875
10844.849609375
10712.279296875
10590.865234375
10472.7373046875
10363.6279296875
10256.5556640625
10154.552734375
10066.576171875
9974.2001953125
9889.65234375
9806.578125
9729.8310546875
9654.6494140625
9583.1259765625
9517.2392578125
9451.7109375
9391.158203125
9331.607421875
9274.9638671875
9224.3916015625
9171.05859375
9122.158203125
9073.7978515625
9028.8310546875
8984.091796875
8941.09765625
8901.513671875
8861.830078125
8824.41015625
8786.494140625
8748.7890625
8715.234375
8678.625
8642.9189453125
8605.384765625
8568.3408203125
8528.962890625
8487.89453125
8447.2646484375
8404.431640625
8360.197265625
8310.556640625
8253.52734375
8195.68359375
8127.62109375
8059.30126953125
7987.06689453125
7918.18359375
7849.36669921875
7777.05810546875
7705.12890625
7623.3857421875
7540.15771484375
7452.98095703125
7356.23291015625
7171.7568359375
6977.609375
6796.42138671875
6602.43359375
6414.3388671875
6226.4697265625
6049.0654296875
5885.9248046875
5724.98876953125
5575.93212890625
5428.89453125
