20000.0
20000.0
20000.0
20000.0
20000.0
20000.0
20000.0
20000.0
20000.0
20000.0
20000.0
20000.0
20000.0
20000.0
20000.0
20000.0
20000.0078125
20000.0
20000.0
20000.0
20000.0
20000.0
20000.0
20000.0
20000.0
20000.0
20000.0
20000.0
20000.0
20000.0
20000.0
19999.998046875
20000.0
19999.998046875
19434.837890625
17918.7109375
16836.11328125
16131.7392578125
15531.126953125
15014.6669921875
14526.1259765625
14077.7119140625
13713.3017578125
13331.7685546875
12989.75390625
12668.2978515625
12382.8759765625
12111.4033203125
11860.42578125
11635.216796875
11420.09375
11227.119140625
11041.369140625
10867.1904296875
10719.5048828125
10566.5546875
10426.943359375
10290.6455078125
10165.3310546875
10042.416015625
9926.79296875
9821.7314453125
9719.072265625
9624.611328125
9532.2890625
9445.0546875
9371.04296875
9292.9306640625
9221.646484375
9151.8037109375
9087.6904296875
9025.1513671875
8966.056640625
8909.88671875
8854.576171875
8803.5283203125
8753.373046875
8705.3662109375
8663.755859375
8619.037109375
8577.3876953125
8534.9794921875
8494.0419921875
8452.2431640625
8410.0166015625
8368.63671875
8324.6806640625
8281.310546875
8235.9599609375
8189.92919921875
8147.17041015625
8096.46142578125
8043.63037109375
7977.60595703125
7909.845703125
7837.78125
7763.3798828125
7689.7314453125
7617.720703125
7549.0888671875
7476.62109375
7402.98486328125
7335.50244140625
7264.12158203125
7193.6552734375
7119.59375
7048.14892578125
6932.0478515625
6750.32568359375
6578.29443359375
6397.25634765625
6222.60546875
6045.15869140625
5874.94091796875
5726.6884765625
5568.72021484375
5421.70556640625
5275.9990234375
5142.189453125
5016.0830078125
4889.81591796875
4774.5751953125
4661.2490234375
4555.47216796875
4449.36376953125
