20000.0
20000.0
20000.0
20000.0
20000.0
20000.0
20000.0
20000.0
20000.0
20000.0
20000.0
20000.0
20000.0
20000.0
20000.0
20000.0
20000.0
20000.0
20000.0
20000.01171875
20000.0
20000.0
20000.0
20000.0
20000.0
20000.0
20000.0
20000.0
20000.0
20000.0
20000.0
20000.0
20000.0
20000.0
20000.0
20000.0
20000.0
20000.0
20000.0
20000.0
19983.244140625
18905.177734375
17870.8828125
17114.115234375
16513.080078125
16039.5390625
15601.8271484375
15201.9970703125
14833.8427734375
14472.8916015625
14158.6826171875
13850.275390625
13560.93359375
13317.1533203125
13067.021484375
12841.978515625
12624.5458984375
12426.6796875
12234.1259765625
12052.8994140625
11886.2958984375
11725.64453125
11578.6796875
11435.3232421875
11299.3291015625
11182.037109375
11058.8330078125
10945.7783203125
10834.50390625
10731.908203125
10629.6826171875
10532.12109375
10441.126953125
10351.796875
10269.345703125
10188.296875
10110.69140625
10043.333984375
9971.8310546875
9905.1494140625
9839.0126953125
9777.2353515625
9715.3935546875
9655.8173828125
9600.3505859375
9544.4521484375
9492.326171875
9437.279296875
9382.759765625
9334.177734375
9280.9462890625
9230.3916015625
9177.7197265625
9126.4287109375
9072.701171875
9017.7109375
8963.28515625
8905.2109375
8847.5400390625
8785.90234375
8723.775390625
8665.546875
8595.9697265625
8517.6484375
8433.5341796875
8350.9345703125
8265.3203125
8178.8447265625
8103.15234375
8026.71826171875
7951.45849609375
7870.65087890625
7792.4443359375
7721.74609375
7639.20556640625
7559.59765625
7478.1181640625
7328.9619140625
7147.203125
6973.0078125
6801.17041015625
6623.4580078125
6453.97998046875
6285.05029296875
