20000.0
20000.0
20000.0
20000.0
20000.0
20000.0
20000.0
20000.0
20000.0
20000.0
20000.0
20000.0
20000.0
20000.0
20000.0
20000.0
20000.0
19999.94921875
20000.0
20000.0
20000.0
20000.0
20000.0
20000.0
20000.0
20000.0
20000.0
20000.0
20000.0
19999.998046875
20000.0
20000.0
20000.0
20000.0
20000.0
19999.998046875
18756.044921875
17495.166015625
16542.703125
15814.3798828125
15291.994140625
14883.6787109375
14476.11328125
14108.171875
13754.55859375
13431.5400390625
13129.8720703125
12842.72265625
12580.8232421875
12329.6201171875
12105.2236328125
11890.390625
11690.1083984375
11520.326171875
11344.1787109375
11184.1865234375
11028.3134765625
10886.982421875
10749.50390625
10619.884765625
10501.330078125
10385.33203125
10278.10546875
10173.779296875
10074.8623046875
9989.361328125
9899.5927734375
9816.939453125
9734.4013671875
9657.8759765625
9582.142578125
9510.3642578125
9444.232421875
9379.1572265625
9318.5107421875
9258.8583984375
9201.537109375
9151.9228515625
9099.0234375
9049.77734375
9000.9404296875
8955.3046875
8909.6318359375
8865.3291015625
8823.77734375
8782.333984375
8742.6552734375
8700.763671875
8659.37890625
8622.125
8581.5869140625
8542.2958984375
8501.181640625
8460.7412109375
8417.625
8373.3173828125
8328.88671875
8280.8974609375
8232.841796875
8181.09130859375
8128.0625
8077.83984375
8014.3310546875
7944.7666015625
7869.9794921875
7796.3173828125
7719.2626953125
7644.4755859375
7578.29248046875
7507.033203125
7435.39990234375
7362.05859375
7284.89111328125
7213.57666015625
7134.125
7057.91796875
6894.44384765625
6724.79443359375
6556.244140625
6383.6123046875
6215.7685546875
6046.27197265625
5889.349609375
5735.22216796875
