20000.0
20000.0
20000.0
20000.0
20000.0
20000.0
20000.0
20000.0
20000.0
20000.0
20000.0
20000.0
20000.0
20000.0
20000.0
20000.0
20000.005859375
20000.0
20000.0
20000.0
20000.0
20000.0
19999.93359375
20000.0
20000.0
20000.0
20000.0
20000.0
20000.0
20000.0
20000.0
20000.0
20000.0
19002.513671875
17633.7890625
16385.056640625
15549.6474609375
14949.8125
14434.4541015625
13998.83203125
13593.841796875
13223.6240234375
12933.6875
12618.22265625
12329.2109375
12051.8095703125
11805.7275390625
11572.2060546875
11356.685546875
11163.0595703125
10977.1953125
10811.0185546875
10650.537109375
10500.7568359375
10373.0693359375
10240.85546875
10120.45703125
10003.1455078125
9895.345703125
9790.90625
9692.4013671875
9602.2998046875
9514.3447265625
9432.2958984375
9352.4873046875
9277.2392578125
9211.861328125
9143.5419921875
9080.638671875
9019.0654296875
8962.6826171875
8905.3642578125
8850.7978515625
8800.4091796875
8751.15625
8705.7802734375
8661.3046875
8619.0078125
8582.3515625
8543.4765625
8507.3720703125
8471.466796875
8438.34765625
8405.4169921875
8373.3857421875
8343.130859375
8312.2841796875
8283.02734375
8253.0380859375
8223.4375
8196.3603515625
8165.48876953125
8134.7939453125
8102.1875
8069.84912109375
8034.69140625
7996.37939453125
7955.3095703125
7905.150390625
7850.64892578125
7790.66015625
7728.15185546875
7670.115234375
7601.470703125
7536.3818359375
7467.412109375
7388.40380859375
7301.2373046875
7212.93310546875
7098.3359375
6886.83203125
6694.71240234375
6496.7294921875
6292.9169921875
6111.052734375
5919.86328125
5747.10595703125
5578.39208984375
5422.6181640625
5268.77685546875
5118.49365234375
4985.953125
4856.609375
4738.548828125
4622.0703125
