20000.0
20000.0
20000.0
20000.0
20000.0
20000.0
20000.0
20000.0
20000.0
20000.0
20000.0
20000.0
20000.0
20000.0
20000.0
20000.0
20000.0
20000.0
20000.0
20000.0
20000.0
20000.0
20000.0
20000.0
20000.0
20000.0
20000.0
20000.0
20000.0
20000.0
19999.998046875
20000.0
19999.998046875
18686.359375
17328.8984375
16293.4560546875
15581.416015625
15023.1533203125
14562.7978515625
14138.3046875
13745.78515625
13430.6572265625
13104.3388671875
12800.982421875
12507.9775390625
12246.251953125
11998.8720703125
11771.373046875
11567.15234375
11371.2412109375
11194.6923828125
11025.4208984375
10867.0771484375
10732.8525390625
10592.6474609375
10466.1328125
10342.5634765625
10229.7998046875
10119.5966796875
10015.3828125
9919.8369140625
9826.83984375
9741.2900390625
9657.021484375
9577.0654296875
9508.3388671875
9436.1806640625
9370.419921875
9305.228515625
9245.2890625
9186.263671875
9129.8076171875
9078.1875
9025.5673828125
8976.943359375
8928.9990234375
8883.1123046875
8843.2255859375
8800.890625
8761.9423828125
8722.9287109375
8686.0712890625
8648.8271484375
8611.8984375
8576.72265625
8540.8154296875
8505.6865234375
8468.5322265625
8430.1337890625
8394.35546875
8352.380859375
8310.9306640625
8265.890625
8218.2587890625
8163.1455078125
8097.49462890625
8029.5126953125
7956.5400390625
7884.8759765625
7807.23291015625
7731.2470703125
7661.86572265625
7572.2841796875
7480.69970703125
7385.2802734375
7258.39013671875
7036.4384765625
6832.150390625
6629.43408203125
6415.87060546875
6214.716796875
6018.80712890625
5835.64990234375
5678.47216796875
5512.52734375
5359.0751953125
5202.41796875
5063.5224609375
4931.4208984375
4807.0146484375
4691.7158203125
4576.1943359375
4467.578125
4357.60498046875
