20000.0
20000.0
20000.0
20000.0
20000.0
20000.0
20000.0
20000.0
20000.0
20000.0
20000.0
20000.0
20000.0
20000.0
20000.0
20000.0
20000.017578125
20000.0
19997.578125
20000.0
20000.0
20000.0
20000.0
19999.998046875
20000.0
20000.0
20000.0
20000.0
20000.0
20000.0
20000.0
20000.0
19999.98046875
19999.98828125
19172.185546875
17816.7265625
16865.71484375
16171.3583984375
15622.416015625
15121.1220703125
14660.7451171875
14291.5830078125
13901.1962890625
13547.1767578125
13210.798828125
12913.8095703125
12632.7939453125
12373.859375
12140.478515625
11919.5732421875
11720.119140625
11528.2626953125
11349.798828125
11197.794921875
11040.37890625
10897.0703125
10757.2744140625
10629.974609375
10504.3330078125
10386.8349609375
10279.84375
10175.509765625
10079.896484375
9986.380859375
9898.75390625
9822.25
9742.341796875
9668.2021484375
9594.36328125
9526.7880859375
9461.0625
9398.98046875
9341.6181640625
9285.046875
9232.4619140625
9181.1669921875
9131.87109375
9088.7958984375
9041.869140625
8997.0849609375
8951.978515625
8908.57421875
8863.330078125
8817.19921875
8771.74609375
8723.9658203125
8676.544921875
8624.91796875
8568.373046875
8509.384765625
8435.9375
8360.7421875
8279.4775390625
8198.8095703125
8121.02001953125
8039.2802734375
7957.0810546875
7867.17138671875
7771.64990234375
7671.11376953125
7543.349609375
7333.63037109375
7118.67578125
6904.400390625
6679.00341796875
6467.04345703125
6260.0341796875
6064.0966796875
5883.8203125
5706.44873046875
5542.88134765625
5376.04248046875
5217.71533203125
5092.14990234375
4959.857421875
4837.9375
4716.43359375
4602.2158203125
4486.03955078125
4371.63134765625
4263.388671875
4155.0732421875
4054.53125
3955.91357421875
