20000.0
20000.0
20000.0
20000.0
20000.0
20000.0
20000.0
20000.0
20000.0
20000.0
20000.0
20000.0
20000.0
20000.0
20000.0
20000.0
20000.0
20000.0
20000.0
20000.0
20000.0
20000.0
20000.0
20000.0
20000.0
20000.0
20000.0
20000.0
20000.0
20000.0
20000.0
20000.0
20000.0
20000.0
18935.90234375
17615.06640625
16694.419921875
16011.1796875
15471.2587890625
14981.9931640625
14545.8173828125
14183.287109375
13808.32421875
13467.8876953125
13142.1943359375
12854.400390625
12581.8427734375
12328.7021484375
12104.876953125
11890.884765625
11697.44921875
11511.4970703125
11337.8916015625
11189.9765625
11036.5361328125
10897.486328125
10763.3076171875
10641.302734375
10521.06640625
10407.7861328125
10304.7470703125
10204.4658203125
10110.6337890625
10018.806640625
9932.4541015625
9858.54296875
9781.130859375
9709.9482421875
9640.0107421875
9576.2509765625
9513.4990234375
9454.177734375
9399.474609375
9345.556640625
9295.9345703125
9247.0029296875
9200.5703125
9160.00390625
9116.7119140625
9075.7900390625
9034.39453125
8995.45703125
8955.470703125
8915.6865234375
8877.02734375
8836.068359375
8794.22265625
8748.447265625
8697.03515625
8642.921875
8578.3515625
8511.6298828125
8439.8115234375
8364.88671875
8285.9765625
8205.6015625
8114.142578125
8010.22705078125
7906.74755859375
7725.5537109375
7477.1806640625
7260.1591796875
7010.39306640625
6770.26416015625
6532.63720703125
6318.40771484375
6110.26806640625
5913.1884765625
5731.17822265625
5543.876953125
5374.021484375
5214.05712890625
5070.2685546875
4945.88330078125
4814.044921875
4690.0205078125
4563.59521484375
4443.724609375
4324.10400390625
4209.7724609375
4105.1650390625
4001.787109375
3905.24755859375
3808.78271484375
