20000.0
20000.0
20000.0
20000.0
20000.0
20000.0
20000.0
20000.0
20000.0
20000.0
20000.0
20000.0
20000.0
20000.0
20000.0
20000.0
20000.0
20000.0
19999.8125
20000.001953125
19999.517578125
20000.0
20000.0
20000.0
19999.96875
20000.0
20000.0
20000.0
20000.0
19999.990234375
20000.0
20000.0
20000.0
20000.0
20000.0
20000.0
19999.994140625
20000.0
19262.978515625
17958.591796875
16906.251953125
16244.8134765625
15672.021484375
15195.49609375
14759.7685546875
14374.4833984375
14013.3037109375
13684.560546875
13382.208984375
13084.9716796875
12813.0517578125
12553.0732421875
12312.1328125
12108.6181640625
11897.359375
11706.30078125
11523.55078125
11357.044921875
11195.712890625
11043.62109375
10904.9921875
10769.140625
10643.9609375
10522.2412109375
10407.642578125
10309.076171875
10205.6240234375
10109.330078125
10014.619140625
9927.392578125
9841.6484375
9760.1689453125
9684.796875
9609.4169921875
9539.759765625
9470.9931640625
9405.4755859375
9348.828125
9289.1962890625
9233.9990234375
9179.8203125
9129.6015625
9080.2529296875
9032.955078125
8989.263671875
8946.228515625
8906.3916015625
8867.0
8829.0908203125
8796.0888671875
8761.0576171875
8728.3681640625
8696.1201171875
8666.0595703125
8635.908203125
8606.6181640625
8578.837890625
8550.693359375
8523.8623046875
8497.5
8471.576171875
8448.2373046875
8422.005859375
8396.0966796875
8368.66796875
8340.693359375
8310.212890625
8278.375
8241.9189453125
8200.0830078125
8156.611328125
8108.90087890625
8058.67333984375
8011.58642578125
7957.36572265625
7904.130859375
7847.20849609375
7789.85498046875
7726.66015625
7652.48486328125
7577.68408203125
7498.5986328125
7383.927734375
7189.14501953125
