20000.0
20000.0
20000.0
20000.0
20000.0
20000.0
20000.0
20000.0
20000.0
20000.0
20000.0
20000.0
20000.0
20000.0
20000.0
20000.0
20000.0078125
19999.755859375
20000.0
20000.0
20000.0
20000.0
20000.0
20000.0
20000.0
20000.0
20000.0
20000.0
20000.0
20000.0
20000.0
19999.951171875
20000.0
19164.0625
17744.59375
16631.283203125
15833.078125
15259.9140625
14790.03125
14355.390625
13953.7919921875
13614.765625
13269.9287109375
12960.5048828125
12660.4599609375
12390.314453125
12135.39453125
11900.69140625
11690.001953125
11487.9658203125
11305.427734375
11129.46875
10964.8212890625
10825.623046875
10680.7275390625
10549.0537109375
10420.8642578125
10303.42578125
10189.0791015625
10081.3369140625
9982.4208984375
9886.001953125
9797.0927734375
9709.1953125
9624.6640625
9552.2412109375
9476.4921875
9406.9609375
9337.9833984375
9274.955078125
9212.4775390625
9152.931640625
9097.5751953125
9043.0009765625
8992.1025390625
8941.4580078125
8892.51953125
8849.609375
8803.97265625
8760.6171875
8714.796875
8671.1416015625
8626.18359375
8582.0400390625
8539.13671875
8494.078125
8449.3896484375
8401.6572265625
8352.259765625
8305.59375
8252.017578125
8197.7060546875
8140.07275390625
8081.02197265625
8008.9853515625
7929.59423828125
7850.16015625
7766.7421875
7685.09765625
7610.15869140625
7533.03271484375
7459.98974609375
7379.87255859375
7296.82666015625
7209.0341796875
7124.75
7002.72021484375
6808.20263671875
6630.978515625
6441.693359375
6257.2529296875
6070.90771484375
5893.81884765625
5741.4765625
5580.4658203125
5431.23876953125
5283.60546875
5146.8779296875
5016.46240234375
4889.353515625
4773.49609375
4659.51806640625
4553.025390625
4446.263671875
