20000.0
20000.0
19826.677734375
18022.953125
17103.642578125
16911.76171875
17045.3203125
17328.63671875
17636.373046875
17907.060546875
18150.84765625
18418.626953125
18722.8046875
19025.609375
19338.1484375
19639.783203125
19899.9375
20000.0
20000.0
20000.0
20000.0
20000.0
20000.0
20000.0
20000.0
20000.0
19999.990234375
19999.92578125
19999.994140625
19999.796875
20000.0
20000.0
20000.0
19074.24609375
17956.1484375
17113.7421875
16463.859375
15955.146484375
15450.625
15020.150390625
14679.9658203125
14347.103515625
14043.71875
13737.9169921875
13463.5302734375
13209.4365234375
12983.0673828125
12786.244140625
12602.0458984375
12437.4443359375
12277.3134765625
12125.0654296875
11993.2529296875
11840.9892578125
11701.8603515625
11574.23828125
11461.9609375
11354.138671875
11251.611328125
11156.22265625
11061.2158203125
10972.556640625
10884.296875
10800.5166015625
10728.134765625
10651.1591796875
10576.8828125
10498.6337890625
10423.9638671875
10349.625
10278.37890625
10212.3203125
10146.3017578125
10084.5087890625
10022.4033203125
9961.8798828125
9908.453125
9850.6962890625
9795.4677734375
9738.3525390625
9683.259765625
9627.1337890625
9570.451171875
9515.9033203125
9460.43359375
9407.9365234375
9355.814453125
9308.388671875
9267.7666015625
9222.787109375
9178.9384765625
9133.572265625
9089.96875
9045.4345703125
9001.98828125
8960.763671875
8918.931640625
8879.1181640625
8838.6787109375
8798.830078125
8763.4521484375
8724.921875
8688.1884765625
8650.900390625
8616.181640625
8582.9697265625
8555.7138671875
8529.763671875
8503.341796875
8477.9736328125
8451.970703125
8426.0703125
8402.8720703125
8377.4619140625
8353.181640625
8329.8076171875
8307.515625
8284.4443359375
8261.458984375
8239.5185546875
8217.1298828125
8195.896484375
8174.3564453125
