20000.0
20000.0
20000.0
20000.0
20000.0
20000.0
20000.0
20000.0
20000.0
20000.0
20000.0
20000.0
20000.0
19999.9375
20000.0
20000.0
20000.0
20000.0
20000.0
20000.0
20000.0
20000.0
19999.998046875
20000.0
20000.0
20000.0
20000.0
20000.0
20000.0
20000.0
19999.986328125
20000.0
19907.84375
18413.994140625
17043.560546875
16083.1826171875
15430.583984375
14884.0625
14423.7021484375
13995.77734375
13601.01953125
13291.9482421875
12957.1533203125
12651.3427734375
12358.869140625
12100.0849609375
11854.71484375
11628.0693359375
11424.572265625
11229.2431640625
11054.427734375
10886.08984375
10728.4326171875
10594.6484375
10455.9248046875
10329.36328125
10206.5263671875
10093.861328125
9983.9775390625
9880.4990234375
9785.39453125
9691.759765625
9606.2900390625
9522.9228515625
9443.796875
9375.6611328125
9304.2666015625
9238.611328125
9174.17578125
9114.33203125
9055.5849609375
8998.4853515625
8945.8837890625
8894.388671875
8847.1982421875
8800.9501953125
8756.6748046875
8718.1650390625
8677.1240234375
8639.34375
8601.8642578125
8566.609375
8531.1572265625
8496.080078125
8462.52734375
8428.59765625
8395.7314453125
8361.1611328125
8325.712890625
8292.884765625
8254.896484375
8217.61328125
8177.5869140625
8135.25390625
8087.3779296875
8029.75341796875
7968.50048828125
7901.859375
7834.84326171875
7764.07958984375
7694.01123046875
7629.05029296875
7554.87109375
7473.06103515625
7383.28369140625
7295.6943359375
7171.71044921875
6958.1728515625
6767.1533203125
6565.23974609375
6365.11572265625
6163.0224609375
5971.9677734375
5809.0712890625
5638.14892578125
5480.2998046875
5324.55419921875
5177.23388671875
5037.2578125
4906.97705078125
4788.09619140625
4670.50830078125
4560.31005859375
4449.78515625
