20000.0
20000.0
20000.0
20000.0
20000.0
20000.0
20000.0
20000.0
20000.0
20000.0
20000.0
20000.0
20000.0
20000.0
20000.0
20000.0
20000.0
20000.0
20000.0
20000.001953125
19996.80859375
19999.990234375
20000.0
19999.998046875
20000.0
20000.0
20000.0
20000.0
20000.0
20000.0
20000.0
20000.0
20000.0
20000.0
20000.0
20000.0
20000.0
20000.0
20000.0
19999.998046875
19870.431640625
18623.21875
17669.0234375
16822.626953125
16188.7822265625
15683.9619140625
15265.453125
14876.986328125
14518.41796875
14207.5244140625
13899.9658203125
13614.7041015625
13334.919921875
13073.6513671875
12853.703125
12628.166015625
12424.88671875
12227.146484375
12048.421875
11876.2294921875
11714.439453125
11565.9814453125
11421.845703125
11289.828125
11160.7705078125
11038.1884765625
10932.474609375
10821.28515625
10719.5546875
10619.486328125
10527.892578125
10437.794921875
10351.5830078125
10271.083984375
10192.017578125
10118.9853515625
10047.1904296875
9978.763671875
9919.09765625
9854.6123046875
9795.0341796875
9736.3603515625
9682.1630859375
9628.44140625
9577.0908203125
9529.2705078125
9481.7841796875
9437.5078125
9393.5341796875
9351.1201171875
9314.3818359375
9274.9560546875
9237.7314453125
9200.359375
9164.80078125
9128.5927734375
9093.1201171875
9059.0439453125
9023.408203125
8988.2431640625
8951.39453125
8913.1953125
8877.7265625
8837.4423828125
8795.7177734375
8748.2529296875
8695.7724609375
8635.0341796875
8570.966796875
8507.189453125
8437.1943359375
8363.6689453125
8291.154296875
8216.4091796875
8137.2568359375
8043.2998046875
7951.4013671875
7829.3955078125
7615.4453125
7401.630859375
7191.46337890625
6983.02001953125
6769.509765625
6570.5751953125
6377.515625
