20000.0
20000.0
20000.0
20000.0
20000.0
20000.0
20000.0
20000.0
20000.0
20000.0
20000.0
20000.0
20000.0
20000.0
20000.0
20000.0
20000.0
20000.0
20000.0
20000.005859375
20000.0
19999.73828125
20000.0
20000.0
20000.0
20000.0
20000.0
20000.0
20000.0
20000.0
20000.0
19999.998046875
20000.0
20000.0
20000.0
20000.0
20000.0
20000.0
19999.9921875
19542.908203125
18275.970703125
17171.05859375
16416.033203125
15799.90625
15309.5087890625
14874.609375
14494.6552734375
14134.1142578125
13803.1728515625
13513.251953125
13222.3857421875
12952.755859375
12691.28125
12448.7431640625
12244.705078125
12034.67578125
11844.2392578125
11658.828125
11492.4541015625
11331.3408203125
11179.197265625
11040.41015625
10904.7021484375
10780.7568359375
10659.8154296875
10544.578125
10444.798828125
10340.4287109375
10244.712890625
10150.6474609375
10064.0087890625
9977.7841796875
9895.42578125
9820.0146484375
9745.4677734375
9676.607421875
9608.376953125
9543.4306640625
9487.275390625
9427.537109375
9370.990234375
9314.8935546875
9263.2490234375
9211.9931640625
9163.0908203125
9117.8603515625
9073.357421875
9031.923828125
8991.0498046875
8951.6162109375
8917.208984375
8880.486328125
8846.251953125
8812.4921875
8780.7509765625
8748.78515625
8717.6572265625
8687.90625
8657.5537109375
8629.025390625
8599.5859375
8570.1318359375
8543.17578125
8512.6875
8482.498046875
8451.13671875
8419.6181640625
8385.8251953125
8349.3623046875
8311.1474609375
8265.623046875
8216.0458984375
8161.24072265625
8104.1826171875
8051.44140625
7991.24609375
7928.85400390625
7866.3994140625
7804.3984375
7732.01708984375
7651.9765625
7572.841796875
7489.74755859375
7343.50341796875
7147.21728515625
