20000.0
20000.0
20000.0
20000.0
20000.0
20000.0
20000.0
20000.0
20000.0
20000.0
20000.0
20000.0
20000.0
20000.0
20000.0
20000.0
20000.0
20000.0
20000.0
20000.001953125
20000.0
19999.595703125
20000.0
20000.0
20000.0
20000.0
20000.0
20000.0
20000.0
20000.0
20000.0
20000.0
20000.0
20000.0
20000.0
20000.0
20000.0
20000.0
20000.0
18938.955078125
17720.25390625
16703.837890625
16008.150390625
15437.0673828125
14983.912109375
14571.7353515625
14210.5087890625
13864.7685546875
13541.8701171875
13264.232421875
12983.0283203125
12722.68359375
12469.267578125
12233.6279296875
12035.3564453125
11831.357421875
11646.6474609375
11467.5341796875
11304.748046875
11146.4951171875
10999.1142578125
10863.73828125
10731.796875
10610.7470703125
10492.4892578125
10380.6162109375
10283.974609375
10182.3271484375
10088.9580078125
9996.826171875
9911.2900390625
9827.201171875
9747.0810546875
9672.2216796875
9598.673828125
9530.845703125
9463.7314453125
9399.546875
9343.9619140625
9285.2724609375
9230.8232421875
9176.8935546875
9126.556640625
9076.712890625
9028.771484375
8984.4189453125
8940.4814453125
8898.5625
8856.9306640625
8817.1318359375
8782.44140625
8745.4716796875
8710.857421875
8676.2490234375
8644.2333984375
8612.240234375
8580.9775390625
8551.310546875
8521.134765625
8492.08203125
8462.3984375
8433.2490234375
8406.7353515625
8377.1064453125
8347.6650390625
8316.5859375
8285.5986328125
8252.123046875
8217.0478515625
8183.53857421875
8146.67724609375
8108.04345703125
8064.87255859375
8014.50146484375
7964.21240234375
7905.70166015625
7847.068359375
7785.86767578125
7725.63037109375
7665.0419921875
7602.6103515625
7540.98828125
7472.7099609375
7399.646484375
7322.66064453125
