20000.0
20000.0
20000.0
20000.0
20000.0
20000.0
20000.0
20000.0
20000.0
20000.0
20000.0
20000.0
20000.0
20000.0
20000.0
20000.0
20000.0
20000.0
20000.0
20000.0
19999.310546875
20000.0
20000.0
20000.0
20000.0
20000.0
20000.0
20000.0
20000.0
20000.0
20000.0
20000.0
20000.0
20000.0
20000.0
19999.9609375
20000.0
19558.01953125
18315.939453125
17132.091796875
16198.470703125
15602.4873046875
15080.79296875
14651.1708984375
14255.361328125
13905.3681640625
13570.66796875
13262.087890625
12993.744140625
12720.8955078125
12467.931640625
12222.7314453125
11995.3212890625
11803.7216796875
11606.173828125
11427.009765625
11253.2255859375
11094.9248046875
10942.85546875
10799.4169921875
10668.63671875
10540.5
10423.2109375
10308.689453125
10199.8916015625
10106.2099609375
10007.8642578125
9916.6513671875
9826.9404296875
9744.162109375
9662.9091796875
9585.2158203125
9512.4931640625
9441.24609375
9375.3486328125
9310.556640625
9248.3486328125
9194.23046875
9137.1845703125
9084.390625
9032.048828125
8983.3115234375
8934.96875
8888.3466796875
8844.287109375
8800.5908203125
8760.3466796875
8720.4052734375
8682.345703125
8649.36328125
8614.224609375
8581.2919921875
8548.5556640625
8517.8251953125
8487.263671875
8458.02734375
8430.37109375
8402.46484375
8375.966796875
8348.9755859375
8322.1669921875
8298.271484375
8272.1630859375
8246.8125
8220.142578125
8193.8291015625
8165.810546875
8136.83251953125
8108.23828125
8077.900390625
8047.62109375
8013.87646484375
7977.02294921875
7940.37451171875
7892.91845703125
7843.09423828125
7789.4443359375
7735.6572265625
7679.4521484375
7621.33154296875
7566.07861328125
7506.9892578125
7448.71923828125
7380.75732421875
