20000.0
20000.0
20000.0
20000.0
20000.0
20000.0
20000.0
20000.0
20000.0
20000.0
20000.0
20000.0
20000.0
20000.0
20000.0
20000.0
20000.005859375
19999.94921875
20000.0
20000.0
20000.0
20000.0
20000.0
20000.0
20000.0
20000.0
20000.0
20000.0
20000.0
20000.0
19999.998046875
20000.0
19999.998046875
19179.517578125
17745.109375
16629.298828125
15849.2197265625
15283.4296875
14811.79296875
14366.568359375
13962.2216796875
13616.2421875
13261.9462890625
12950.2197265625
12647.04296875
12374.8232421875
12117.2158203125
11879.9677734375
11666.755859375
11462.08203125
11277.578125
11099.314453125
10932.5087890625
10791.38671875
10644.818359375
10511.498046875
10381.40234375
10262.427734375
10146.904296875
10037.337890625
9937.12109375
9839.4189453125
9748.7724609375
9659.0419921875
9574.291015625
9500.9365234375
9424.0849609375
9352.63671875
9282.9228515625
9218.26953125
9154.5576171875
9093.533203125
9037.2958984375
8981.384765625
8929.3173828125
8877.3203125
8827.267578125
8783.3017578125
8736.4462890625
8692.107421875
8644.767578125
8599.0
8551.6533203125
8505.2373046875
8459.630859375
8411.77734375
8364.1865234375
8313.6767578125
8261.2060546875
8212.0771484375
8155.70166015625
8099.9169921875
8040.1826171875
7979.25634765625
7903.48095703125
7822.53125
7742.919921875
7660.06494140625
7578.26416015625
7502.89892578125
7428.11376953125
7358.12744140625
7278.7646484375
7206.177734375
7127.3486328125
7050.5419921875
6972.7177734375
6854.74853515625
6678.208984375
6503.61279296875
6330.8037109375
6151.935546875
5976.33837890625
5823.6650390625
5662.80419921875
5513.443359375
5365.00390625
5227.1494140625
5092.9404296875
4969.9169921875
4850.3056640625
4733.2451171875
4625.30126953125
4517.9853515625
