20000.0
20000.0
20000.0
20000.0
20000.0
20000.0
20000.0
20000.0
20000.0
20000.0
20000.0
20000.0
20000.0
20000.0
20000.0
20000.0
20000.001953125
20000.0
20000.0
20000.0
20000.0
20000.0
20000.0
20000.0
20000.0
20000.0
20000.0
20000.0
20000.0
20000.0
20000.0
20000.0
20000.0
19999.951171875
19420.146484375
18057.587890625
17047.564453125
16307.2802734375
15752.3798828125
15250.701171875
14790.65625
14407.0927734375
14022.1064453125
13668.3857421875
13328.9296875
13028.4384765625
12744.4833984375
12483.5625
12249.794921875
12025.689453125
11822.7255859375
11628.796875
11448.2138671875
11294.9453125
11136.0703125
10991.158203125
10850.779296875
10722.5712890625
10597.3603515625
10478.1474609375
10368.5400390625
10262.0400390625
10164.65234375
10069.7177734375
9980.365234375
9903.048828125
9821.8583984375
9747.0263671875
9673.2294921875
9605.2412109375
9538.494140625
9475.4833984375
9414.6357421875
9354.3427734375
9298.4091796875
9243.6201171875
9190.66015625
9144.228515625
9093.32421875
9044.7587890625
8995.0224609375
8946.802734375
8896.0673828125
8843.9912109375
8792.1357421875
8735.814453125
8680.7060546875
8621.2607421875
8557.7333984375
8492.474609375
8410.228515625
8326.58984375
8237.8828125
8150.2255859375
8068.11279296875
7982.7255859375
7896.72119140625
7806.56298828125
7710.2861328125
7610.15576171875
7500.4990234375
7297.16455078125
7085.359375
6878.7900390625
6661.5439453125
6454.77001953125
6251.52587890625
6059.56298828125
5882.66552734375
5708.68603515625
5548.07080078125
5388.44970703125
5229.49853515625
5103.705078125
4971.97998046875
4851.16357421875
4731.02685546875
4618.10302734375
4504.30859375
4391.92919921875
4284.8896484375
4177.0283203125
4076.18212890625
3976.260498046875
