20000.0
20000.0
20000.0
20000.0
20000.0
20000.0
20000.0
20000.0
20000.0
20000.0
20000.0
20000.0
20000.0
20000.0
20000.0
20000.0
20000.0
20000.0078125
20000.0
20000.0
20000.0
20000.0
20000.0
20000.0
20000.0
20000.0
19999.998046875
20000.0
20000.0
20000.0
20000.0
19999.998046875
19999.9765625
19999.978515625
19937.154296875
18337.642578125
17163.38671875
16389.60546875
15761.955078125
15234.888671875
14738.361328125
14292.2431640625
13926.96875
13540.43359375
13192.8759765625
12866.7041015625
12577.6640625
12303.0322265625
12049.24609375
11821.4755859375
11605.234375
11410.3369140625
11222.755859375
11047.5263671875
10898.5380859375
10744.5205078125
10604.2939453125
10466.48828125
10339.48828125
10216.5068359375
10101.1142578125
9995.908203125
9893.328125
9798.888671875
9706.716796875
9619.455078125
9544.5146484375
9466.615234375
9394.58984375
9323.75390625
9257.86328125
9193.6279296875
9132.96875
9077.4580078125
9022.853515625
8972.3505859375
8922.3603515625
8874.7958984375
8833.3427734375
8789.015625
8747.07421875
8704.5146484375
8664.341796875
8622.724609375
8580.73046875
8539.3369140625
8495.48046875
8453.2392578125
8407.9091796875
8360.841796875
8315.3486328125
8259.4765625
8196.2138671875
8125.9736328125
8055.36279296875
7979.07958984375
7900.42724609375
7831.00390625
7759.77001953125
7684.18212890625
7604.62158203125
7524.5166015625
7446.6484375
7358.623046875
7262.72705078125
7058.5830078125
6870.71240234375
6671.09375
6469.39404296875
6277.64990234375
6088.88916015625
5914.7158203125
5742.5029296875
5577.97119140625
5435.61572265625
5285.52734375
5143.591796875
5009.6806640625
4887.6943359375
4768.1875
4652.89794921875
4544.4375
4435.29150390625
4331.20556640625
4225.0166015625
