20000.0
20000.0
20000.0
20000.0
20000.0
20000.0
20000.0
20000.0
20000.0
20000.0
20000.0
20000.0
20000.0
20000.0
20000.0
20000.0
19999.84765625
19999.396484375
19999.96484375
20000.0
20000.0
20000.0
20000.0
20000.0
20000.0
20000.0
19999.998046875
20000.0
20000.0
20000.0
20000.0
20000.0
20000.0
19478.279296875
17958.408203125
16667.283203125
15809.685546875
15205.5634765625
14686.875
14229.2255859375
13792.3798828125
13386.521484375
13050.0751953125
12709.3857421875
12399.9853515625
12106.1845703125
11844.9111328125
11596.3544921875
11366.591796875
11159.3505859375
10960.771484375
10782.009765625
10610.79296875
10450.5517578125
10313.7001953125
10171.4580078125
10042.3427734375
9916.505859375
9801.5869140625
9689.658203125
9582.259765625
9483.9111328125
9387.921875
9300.3212890625
9213.615234375
9130.99609375
9059.8095703125
8985.2412109375
8917.111328125
8850.3583984375
8789.0849609375
8728.90234375
8671.7646484375
8618.8896484375
8567.05859375
8519.310546875
8472.0634765625
8426.6201171875
8387.0263671875
8344.900390625
8304.5771484375
8263.173828125
8224.1826171875
8184.82275390625
8145.86669921875
8108.29443359375
8069.9248046875
8032.27197265625
7993.0380859375
7952.8935546875
7915.560546875
7872.92236328125
7829.80810546875
7784.7314453125
7741.0576171875
7693.3896484375
7642.27978515625
7585.85107421875
7519.408203125
7453.30224609375
7383.71728515625
7313.75146484375
7249.71240234375
7185.6015625
7122.5966796875
7055.61181640625
6990.3837890625
6924.21533203125
6860.453125
6803.3896484375
6742.0654296875
6682.78515625
6618.5205078125
6506.30126953125
6361.61279296875
6205.10986328125
6051.11474609375
5892.630859375
5741.42822265625
5590.24853515625
5444.88232421875
5308.89501953125
5173.220703125
5049.099609375
4931.70166015625
