20000.0
20000.0
20000.0
20000.0
20000.0
20000.0
20000.0
20000.0
20000.0
20000.0
20000.0
20000.0
20000.0
20000.0
20000.0
20000.0
19999.998046875
20000.0
20000.001953125
20000.0
20000.0
20000.0
19999.91015625
20000.0
20000.0
20000.0
20000.0
20000.0
20000.0
20000.0
20000.0
20000.0
19999.998046875
19999.966796875
20000.0
18674.83984375
17420.58984375
16355.4013671875
15620.1220703125
15052.58984375
14594.1337890625
14214.548828125
13824.708984375
13478.689453125
13140.7861328125
12842.962890625
12552.3681640625
12279.130859375
12031.9482421875
11796.4892578125
11585.33984375
11382.2548828125
11192.54296875
11031.4443359375
10864.7236328125
10713.1484375
10567.0126953125
10433.4091796875
10303.2509765625
10180.5166015625
10067.7587890625
9957.60546875
9856.6943359375
9757.732421875
9663.6220703125
9582.7275390625
9497.513671875
9417.4990234375
9339.5166015625
9267.08984375
9195.3486328125
9126.921875
9064.123046875
9002.302734375
8945.013671875
8888.2333984375
8834.0517578125
8786.908203125
8736.9921875
8690.8916015625
8645.2578125
8602.9794921875
8560.97265625
8520.5234375
8482.669921875
8444.8505859375
8409.3681640625
8374.2900390625
8338.240234375
8306.0771484375
8271.400390625
8238.4091796875
8204.275390625
8171.56494140625
8137.85791015625
8103.521484375
8069.6708984375
8033.73974609375
7997.79736328125
7959.60107421875
7919.56640625
7882.19482421875
7840.27783203125
7798.27880859375
7752.21875
7705.3046875
7647.8837890625
7585.2431640625
7522.75390625
7456.48486328125
7391.0673828125
7324.46240234375
7263.07763671875
7208.10009765625
7143.78955078125
7079.70263671875
7016.13232421875
6953.7421875
6886.130859375
6819.083984375
6755.05078125
6624.501953125
6470.26708984375
6318.24462890625
