20000.0
20000.0
20000.0
20000.0
20000.0
20000.0
20000.0
20000.0
20000.0
20000.0
20000.0
20000.0
20000.0
20000.0
20000.0
20000.0
20000.0
20000.0
20000.0
20000.0
20000.0
20000.0
20000.0
20000.0
20000.0
20000.0
20000.0
20000.0
20000.0
20000.0
20000.0
20000.0
20000.0
20000.0
20000.0
20000.0
20000.0
20000.0
20000.0
20000.0
20000.0
20000.0
20000.0
20000.0
20000.0
20000.0
20000.0
20000.0
20000.0
20000.0
20000.0
20000.0
20000.0
20000.0
20000.0
20000.0
20000.0
20000.0
19999.99609375
20000.0
20000.0
20000.0
20000.0
20000.0
20000.0
19999.99609375
19999.955078125
20000.005859375
20000.0
20000.0
20000.0
20000.0
20000.0
20000.0
20000.0
20000.0
20000.0
20000.0
20000.015625
20000.0
20000.0
20000.0
20000.0
20000.0
20000.0
20000.001953125
20000.001953125
20000.0
20000.0
19434.76953125
18884.494140625
18341.623046875
17851.318359375
17351.580078125
16855.55859375
16422.244140625
16035.1064453125
15678.8505859375
15328.5546875
15006.150390625
14690.58203125
14279.013671875
13979.05859375
13680.6533203125
13407.12109375
13137.7294921875
12890.6982421875
12662.330078125
12456.46484375
12197.521484375
11886.3408203125
11619.44921875
11390.609375
11182.1259765625
10999.763671875
10800.3193359375
10603.6953125
10392.779296875
10192.271484375
9990.66015625
9800.8662109375
9628.3916015625
9455.73046875
9296.5537109375
9141.2138671875
