20000.0
20000.0
20000.0
20000.0
20000.0
20000.0
20000.0
20000.0
20000.0
20000.0
20000.0
20000.0
20000.0
20000.0
20000.0
20000.0
20000.0
20000.0
19999.994140625
19999.6171875
19999.974609375
20000.0
20000.0
20000.0
20000.0
20000.0
20000.0
20000.0
20000.0
20000.0
20000.0
20000.0
20000.0
20000.0
20000.0
20000.0
20000.0
20000.0
20000.0
19369.451171875
18113.30859375
17231.0703125
16492.447265625
15957.923828125
15485.3662109375
15073.8134765625
14676.173828125
14312.642578125
13992.3740234375
13671.736328125
13377.6279296875
13093.0537109375
12831.455078125
12611.3154296875
12384.2529296875
12178.6103515625
11979.6650390625
11798.2880859375
11623.916015625
11459.9765625
11309.88671875
11164.037109375
11030.4609375
10899.5634765625
10775.6435546875
10669.3603515625
10557.193359375
10453.240234375
10350.1142578125
10255.05078125
10162.12890625
10073.7275390625
9992.263671875
9911.81640625
9837.828125
9764.5771484375
9694.732421875
9634.01171875
9569.50390625
9510.01171875
9451.2041015625
9396.6162109375
9341.3125
9288.5361328125
9239.86328125
9191.7412109375
9146.9599609375
9102.400390625
9059.328125
9022.0234375
8982.3876953125
8944.9375
8907.302734375
8871.228515625
8834.12109375
8797.953125
8762.93359375
8726.5439453125
8691.1865234375
8653.490234375
8615.0078125
8579.482421875
8539.26953125
8500.09375
8457.150390625
8412.439453125
8361.8017578125
8302.4052734375
8241.1875
8175.3603515625
8109.4453125
8039.9462890625
7973.38037109375
7916.3515625
7848.423828125
7780.23388671875
7710.357421875
7633.54345703125
7552.703125
7471.67919921875
7367.041015625
7178.6943359375
7006.1845703125
6830.45556640625
