20000.0
20000.0
20000.0
20000.0
20000.0
20000.0
20000.0
20000.0
20000.0
20000.0
20000.0
20000.0
20000.0
20000.0
20000.0
20000.0
20000.0
20000.0
20000.005859375
20000.001953125
19999.416015625
20000.0
20000.0
20000.0
20000.0
20000.0
20000.0
20000.0
20000.0
20000.0
20000.0
20000.0
20000.0
20000.0
20000.0
19999.998046875
20000.0
20000.0
19032.86328125
17785.19140625
16774.78125
16069.4267578125
15501.7392578125
15062.486328125
14648.3330078125
14276.67578125
13921.5791015625
13585.0478515625
13276.865234375
12990.349609375
12725.62109375
12466.45703125
12225.3955078125
12022.3427734375
11813.1005859375
11623.162109375
11439.0166015625
11271.3154296875
11108.6845703125
10955.53515625
10815.3251953125
10679.466796875
10554.654296875
10432.578125
10316.42578125
10216.427734375
10111.5341796875
10014.4453125
9919.0888671875
9831.169921875
9744.5419921875
9660.55078125
9583.1767578125
9506.85546875
9436.021484375
9365.228515625
9297.8896484375
9239.697265625
9178.296875
9121.0283203125
9064.0830078125
9011.33203125
8958.98046875
8908.9296875
8862.3623046875
8816.173828125
8773.3154296875
8730.5390625
8689.20703125
8652.912109375
8614.150390625
8577.771484375
8541.13671875
8506.4951171875
8469.7431640625
8433.6083984375
8399.4404296875
8364.1201171875
8330.29296875
8295.603515625
8260.3857421875
8228.2705078125
8191.83837890625
8155.6513671875
8117.36767578125
8079.0693359375
8037.759765625
7995.50537109375
7954.5419921875
7910.7421875
7866.39599609375
7818.29052734375
7760.56689453125
7704.40869140625
7640.91357421875
7578.462890625
7513.17138671875
7448.61474609375
7387.837890625
7328.0205078125
7270.177734375
7209.2021484375
7148.80029296875
7088.41943359375
