20000.0
20000.0
20000.0
20000.0
20000.0
20000.0
20000.0
20000.0
20000.0
20000.0
20000.0
20000.0
20000.0
20000.0
20000.0
20000.0
20000.0
20000.0
20000.0
20000.0
20000.0
20000.0
20000.0
20000.0
20000.0
20000.0
20000.0
20000.0
20000.0
20000.0
20000.0
20000.0
20000.0
20000.0
20000.0
20000.0
20000.0
20000.0
19999.853515625
20000.001953125
19999.146484375
19465.392578125
18391.578125
17439.6640625
16715.435546875
16148.5869140625
15702.302734375
15293.4775390625
14916.9404296875
14587.2099609375
14264.154296875
13964.322265625
13670.748046875
13396.095703125
13165.654296875
12928.94921875
12715.9296875
12509.2314453125
12321.2802734375
12141.4453125
11971.7236328125
11816.6630859375
11666.12109375
11528.0576171875
11393.283203125
11265.3115234375
11154.73828125
11038.689453125
10932.2578125
10828.3154296875
10733.009765625
10638.6826171875
10547.806640625
10464.2421875
10382.0390625
10306.232421875
10231.5341796875
10160.6865234375
10097.7021484375
10030.791015625
9968.8369140625
9907.953125
9851.494140625
9795.9384765625
9742.205078125
9692.1064453125
9642.564453125
9596.30859375
9550.5625
9506.44921875
9467.642578125
9425.9169921875
9386.203125
9345.7861328125
9307.6806640625
9268.55078125
9229.1064453125
9190.40625
9149.630859375
9108.87890625
9065.2978515625
9021.1240234375
8978.3720703125
8926.8916015625
8869.7734375
8803.771484375
8736.6357421875
8665.5107421875
8590.2626953125
8512.130859375
8436.119140625
8358.033203125
8263.7060546875
8165.34521484375
8075.62744140625
7921.53857421875
7700.365234375
7482.39208984375
7268.361328125
7044.55810546875
6825.2578125
6622.97216796875
6428.13427734375
6250.17138671875
6075.1796875
