20000.0
20000.0
20000.0
20000.0
20000.0
20000.0
20000.0
20000.0
20000.0
20000.0
20000.0
20000.0
20000.0
20000.0
20000.0
20000.0
20000.0
20000.0
20000.0
19999.978515625
20000.0
20000.0
20000.0
20000.0
20000.0
20000.0
20000.0
20000.0
20000.0
20000.0
20000.0
20000.0
19999.998046875
20000.0
20000.0
20000.0
20000.0
20000.0
20000.0
19999.998046875
19999.9921875
19035.287109375
18023.20703125
17124.986328125
16490.63671875
15978.78515625
15541.5634765625
15124.7470703125
14734.7587890625
14378.240234375
14037.9365234375
13732.5166015625
13434.8076171875
13157.119140625
12924.923828125
12685.2666015625
12468.416015625
12258.8310546875
12068.1416015625
11883.08203125
11708.4345703125
11548.3974609375
11393.7041015625
11252.5205078125
11114.099609375
10982.8818359375
10869.474609375
10751.19140625
10641.8779296875
10534.43359375
10434.5087890625
10335.6884765625
10241.4697265625
10153.5439453125
10067.1796875
9987.9677734375
9909.78125
9834.9453125
9769.923828125
9700.6826171875
9636.3681640625
9572.546875
9513.63671875
9454.9228515625
9398.5078125
9345.7138671875
9293.1767578125
9243.8623046875
9194.828125
9144.4189453125
9099.693359375
9051.4345703125
9005.349609375
8958.357421875
8913.2900390625
8866.28515625
8818.93359375
8772.126953125
8722.7734375
8673.7822265625
8621.525390625
8568.025390625
8519.4736328125
8464.849609375
8409.2353515625
8347.53515625
8276.80859375
8200.68359375
8123.40380859375
8048.177734375
7969.34326171875
7897.044921875
7825.93798828125
7754.650390625
7690.330078125
7616.18505859375
7546.962890625
7478.61474609375
7408.1015625
7335.8291015625
7264.56396484375
7156.0771484375
6985.92529296875
6829.73779296875
6664.68115234375
