20000.0
20000.0
20000.0
20000.0
20000.0
20000.0
20000.0
20000.0
20000.0
20000.0
20000.0
20000.0
20000.0
20000.0
20000.0
20000.0
20000.0
20000.0
20000.00390625
20000.0
19999.44140625
20000.0
20000.0
20000.0
20000.0
20000.0
20000.0
20000.0
20000.0
20000.0
20000.0
20000.0
20000.0
20000.0
20000.0
19999.998046875
20000.0
18863.486328125
17584.693359375
16622.0234375
15889.4931640625
15359.01171875
14943.25390625
14529.1640625
14155.4541015625
13797.0087890625
13473.05859375
13166.4619140625
12874.52734375
12609.0869140625
12355.8017578125
12129.373046875
11912.4970703125
11710.35546875
11538.869140625
11361.2216796875
11199.705078125
11042.818359375
10900.6279296875
10762.0341796875
10631.6455078125
10512.0458984375
10394.908203125
10287.4609375
10182.5439453125
10082.8525390625
9996.783203125
9906.623046875
9822.6943359375
9738.8720703125
9661.6650390625
9585.9970703125
9514.3154296875
9448.1669921875
9382.90625
9322.26953125
9262.3515625
9205.0986328125
9155.1552734375
9102.365234375
9053.2177734375
9004.5673828125
8959.1279296875
8913.677734375
8869.78515625
8829.029296875
8786.2900390625
8745.611328125
8704.6572265625
8664.1904296875
8627.7841796875
8588.1005859375
8549.560546875
8509.1689453125
8469.3583984375
8426.87109375
8383.2080078125
8339.2939453125
8291.94140625
8244.1162109375
8194.2060546875
8141.4140625
8091.2001953125
8024.3583984375
7954.7041015625
7880.40869140625
7807.6015625
7731.12158203125
7659.81494140625
7594.41064453125
7521.10498046875
7448.71142578125
7376.09130859375
7295.0712890625
7222.46728515625
7142.06982421875
7027.99951171875
6846.0546875
6680.87744140625
6506.25634765625
6329.6416015625
6160.46484375
5992.11669921875
5837.52099609375
5685.0625
