20000.0
20000.0
20000.0
20000.0
20000.0
20000.0
20000.0
20000.0
20000.0
20000.0
20000.0
20000.0
20000.0
20000.0
20000.0
20000.0
20000.0
20000.0
20000.001953125
19999.99609375
19999.392578125
20000.0
20000.0
20000.0
20000.0
19999.998046875
20000.0
20000.0
19999.994140625
19999.994140625
20000.0
20000.0
20000.0
20000.0
20000.0
20000.0
19999.99609375
20000.0
18977.505859375
17669.419921875
16700.25390625
16062.294921875
15518.7099609375
15067.896484375
14642.326171875
14256.6162109375
13889.068359375
13541.662109375
13238.294921875
12937.8583984375
12662.9775390625
12400.439453125
12156.740234375
11951.1083984375
11738.3623046875
11545.080078125
11358.2373046875
11187.966796875
11023.8671875
10869.5283203125
10728.6494140625
10590.703125
10463.9873046875
10340.3955078125
10223.4345703125
10122.4169921875
10016.3291015625
9918.208984375
9820.4052734375
9730.5419921875
9641.8662109375
9556.7724609375
9478.7822265625
9401.8525390625
9330.4091796875
9259.6748046875
9192.1513671875
9134.455078125
9072.9208984375
9016.150390625
8960.2392578125
8908.4716796875
8857.232421875
8808.2119140625
8762.8154296875
8718.0859375
8676.546875
8635.37890625
8595.6064453125
8559.6240234375
8521.1806640625
8485.2724609375
8449.521484375
8416.0908203125
8382.263671875
8349.1181640625
8317.72265625
8284.955078125
8253.9921875
8222.29296875
8190.09814453125
8160.89306640625
8127.4287109375
8094.2578125
8059.1552734375
8024.0537109375
7987.07373046875
7950.41943359375
7913.36767578125
7872.73974609375
7830.83251953125
7782.009765625
7726.58447265625
7674.56103515625
7615.572265625
7557.0888671875
7495.6435546875
7435.9599609375
7379.0341796875
7321.6953125
7265.01708984375
7206.87841796875
7148.408203125
7090.1767578125
