20000.0
20000.0
20000.0
20000.0
20000.0
20000.0
20000.0
20000.0
20000.0
20000.0
20000.0
20000.0
20000.0
20000.0
20000.0
20000.0
20000.0
20000.0
20000.0
20000.0
19999.53515625
19999.978515625
20000.0
20000.0
20000.0
20000.0
20000.0
20000.0
20000.0
20000.0
20000.0
20000.0
20000.0
20000.0
20000.0
20000.0
20000.0
19999.884765625
20000.0
20000.0
19029.89453125
17835.744140625
16967.890625
16228.5205078125
15712.9140625
15264.49609375
14873.7685546875
14497.5146484375
14148.3603515625
13827.2041015625
13521.6572265625
13243.73828125
12971.3349609375
12715.8271484375
12501.28125
12280.5439453125
12080.8857421875
11887.642578125
11711.765625
11541.0615234375
11380.2373046875
11232.7255859375
11089.90234375
10958.916015625
10831.03125
10709.798828125
10605.27734375
10494.8671875
10393.6396484375
10294.2294921875
10202.1513671875
10111.6572265625
10025.240234375
9944.248046875
9863.8115234375
9789.4033203125
9715.9814453125
9646.359375
9586.0478515625
9522.08203125
9462.544921875
9403.4462890625
9348.45703125
9294.0361328125
9241.62890625
9192.71875
9144.294921875
9098.89453125
9053.490234375
9009.666015625
8970.998046875
8929.994140625
8889.6845703125
8848.00390625
8808.9892578125
8768.91796875
8729.04296875
8691.1923828125
8651.83203125
8613.1455078125
8572.5732421875
8530.8369140625
8492.2490234375
8448.197265625
8403.740234375
8356.5732421875
8309.4111328125
8259.5947265625
8207.2373046875
8152.09716796875
8084.88427734375
8017.19970703125
7945.76171875
7873.33447265625
7806.5986328125
7737.5400390625
7674.5625
7607.11279296875
7539.052734375
7469.13134765625
7398.74072265625
7326.44873046875
7251.51953125
7179.4921875
7063.7607421875
