20000.0
20000.0
20000.0
20000.0
20000.0
20000.0
20000.0
20000.0
20000.0
20000.0
20000.0
20000.0
20000.0
20000.0
20000.0
20000.0
20000.0
20000.0
20000.0
20000.0
19996.505859375
20000.0
19998.1953125
19995.064453125
20000.0
20000.0
20000.0
20000.0
20000.0
20000.0
20000.0
20000.0
20000.0
20000.0
20000.0
20000.0
20000.0
19999.998046875
20000.0
19999.99609375
20000.0
19393.794921875
18346.248046875
17377.486328125
16673.326171875
16125.7822265625
15685.05078125
15271.232421875
14894.6083984375
14546.2734375
14206.8349609375
13906.5966796875
13611.5546875
13334.482421875
13100.416015625
12860.6162109375
12644.6298828125
12436.1201171875
12246.5380859375
12061.890625
11888.208984375
11728.349609375
11574.2431640625
11433.333984375
11295.21875
11164.8798828125
11052.3232421875
10934.2373046875
10824.490234375
10717.8740234375
10619.4384765625
10522.216796875
10428.8359375
10341.27734375
10255.0244140625
10175.6865234375
10097.5302734375
10023.021484375
9958.3330078125
9889.697265625
9826.25390625
9762.720703125
9703.951171875
9644.9912109375
9588.6904296875
9535.36328125
9482.4990234375
9432.5654296875
9383.0751953125
9333.212890625
9288.19140625
9239.3701171875
9192.4150390625
9144.7900390625
9098.94140625
9051.1064453125
9002.8212890625
8955.2578125
8904.6103515625
8854.65234375
8800.7041015625
8745.265625
8692.9267578125
8634.5361328125
8575.466796875
8507.14453125
8431.810546875
8351.25
8269.76953125
8190.0732421875
8107.5869140625
8036.4892578125
7962.02294921875
7883.625
7812.90087890625
7733.9775390625
7652.447265625
7568.19384765625
7487.0009765625
7344.65771484375
7158.7919921875
6989.2958984375
6809.56103515625
6634.576171875
6456.02685546875
