20000.0
20000.0
20000.0
20000.0
20000.0
20000.0
20000.0
20000.0
20000.0
20000.0
20000.0
20000.0
20000.0
20000.0
20000.0
20000.0
20000.0
20000.0
20000.0
20000.0
20000.0
20000.0
20000.0
20000.0
20000.0
20000.0
20000.0
20000.0
20000.0
20000.0
20000.0
20000.0
20000.0
20000.0
20000.0
20000.0
20000.0
20000.0
20000.0
20000.0
20000.0
20000.0
20000.0
19999.998046875
19999.99609375
20000.0
19999.998046875
20000.0
20000.0
20000.0
20000.0
20000.0
20000.0
20000.0
19246.81640625
18494.1171875
17730.44140625
17028.974609375
16382.240234375
15812.833984375
15266.099609375
14752.849609375
14285.150390625
13834.0595703125
13429.6923828125
13049.1357421875
12694.9755859375
12392.6162109375
12113.544921875
11865.1279296875
11619.4404296875
11410.2080078125
11195.787109375
10984.1845703125
10783.533203125
10568.548828125
10367.9130859375
10171.224609375
9985.2001953125
9825.0947265625
9656.4091796875
9500.0517578125
9344.8701171875
9199.8642578125
9055.65625
8915.294921875
8782.5654296875
8648.9267578125
8523.16796875
8393.5732421875
8278.6162109375
8181.283203125
8068.189453125
7947.31884765625
7784.01416015625
7629.51806640625
7490.572265625
7370.65234375
7268.41796875
7171.0126953125
7075.74462890625
6977.15380859375
6884.3056640625
6801.8740234375
6705.1572265625
6612.0703125
6520.19140625
6430.6796875
6341.875
6257.6103515625
6181.6962890625
6105.8203125
6021.97900390625
5936.61328125
5856.69873046875
5788.95458984375
5719.5185546875
5656.0302734375
5593.04541015625
5533.931640625
5474.8291015625
5416.90087890625
5361.8779296875
5306.818359375
5255.33251953125
5203.48876953125
