20000.0
20000.0
20000.0
20000.0
20000.0
20000.0
20000.0
20000.0
20000.0
20000.0
20000.0
20000.0
20000.0
20000.0
20000.0
20000.0
20000.0
20000.0
20000.0
20000.0
20000.0
19999.830078125
19999.603515625
20000.0
20000.0
20000.0
20000.0
20000.0
20000.0
20000.0
20000.0
20000.0
20000.0
19732.4453125
18963.36328125
18235.27734375
17580.71484375
16970.515625
16429.140625
15884.3310546875
15227.5380859375
14771.98046875
14314.50390625
13903.90625
13562.1484375
13308.568359375
13042.0146484375
12627.2392578125
12257.61328125
11972.677734375
11745.3046875
11516.029296875
11290.541015625
11096.5380859375
10898.869140625
10720.013671875
10548.15625
10397.4482421875
10247.8212890625
10104.4560546875
9979.8408203125
9859.859375
9743.6904296875
9623.0791015625
9507.626953125
9406.8212890625
9299.568359375
9200.435546875
9102.568359375
9012.0205078125
8922.8095703125
8837.2060546875
8758.296875
8680.056640625
8607.83984375
8536.7568359375
8468.9296875
8403.623046875
8325.884765625
8253.6884765625
8183.8115234375
8117.4853515625
8045.44482421875
7969.2294921875
7892.6533203125
7807.30908203125
7717.55615234375
7618.447265625
7514.6728515625
7419.45361328125
7309.5205078125
7198.67626953125
7080.33935546875
6962.69482421875
6832.57421875
6703.75927734375
6582.81640625
6461.62890625
6346.7822265625
6229.4267578125
6114.0654296875
6012.279296875
5903.60400390625
5800.68359375
5697.30029296875
5600.0703125
5505.88720703125
5426.73828125
5347.7587890625
5264.13671875
5183.23779296875
5100.958984375
5020.458984375
4949.544921875
4872.8232421875
4800.21044921875
4729.28515625
4665.7802734375
4601.966796875
4540.44775390625
4482.240234375
4423.87548828125
4368.818359375
4314.79638671875
