20000.0
20000.0
20000.0
20000.0
20000.0
20000.0
20000.0
20000.0
20000.0
20000.0
20000.0
20000.0
20000.0
20000.0
20000.0
20000.0
20000.0
20000.0
20000.0
20000.0
20000.0
20000.0
20000.0
20000.0
20000.0
20000.0
20000.0
20000.0
20000.0
20000.0
20000.0
19999.998046875
20000.0
20000.0
20000.0
20000.0
20000.0
19999.951171875
20000.0
20000.0
20000.0
20000.0
20000.0
20000.0
19999.994140625
20000.0
20000.0
20000.0
19999.998046875
20000.0
20000.0
20000.0
20000.0
20000.0
20000.0
20000.0
19796.59765625
18932.376953125
18154.576171875
17403.798828125
16729.3828125
16103.5283203125
15527.494140625
15012.484375
14521.5947265625
14077.4462890625
13646.2353515625
13237.05859375
12924.1298828125
12619.9765625
12341.5556640625
12067.0146484375
11812.6123046875
11577.1513671875
11346.9033203125
11129.09765625
10911.919921875
10710.044921875
10509.380859375
10313.2802734375
10131.6982421875
9943.412109375
9747.302734375
9541.0673828125
9366.3056640625
9210.603515625
9067.6181640625
8937.46484375
8761.2451171875
8568.234375
8392.048828125
8240.455078125
8119.017578125
7990.09521484375
7866.58447265625
7742.40625
7623.30859375
7495.64697265625
7367.66455078125
7247.59130859375
7125.8251953125
7011.02734375
6899.275390625
6791.7978515625
6696.615234375
6595.3720703125
6501.68017578125
6410.29736328125
6325.45263671875
6240.10693359375
6157.20849609375
6072.1689453125
5979.91943359375
5894.8818359375
5812.1416015625
5733.6572265625
5664.9677734375
5590.63037109375
5519.77783203125
5448.60986328125
5382.40771484375
5315.69140625
5251.30419921875
5189.5546875
5124.5078125
5061.7119140625
4997.73046875
