20000.0
20000.0
20000.0
20000.0
20000.0
20000.0
19999.998046875
20000.0
20000.0
20000.0
20000.0
20000.0
20000.0
20000.0
20000.0
20000.0
20000.0
20000.0
20000.0
20000.0
20000.0
20000.0
20000.0
20000.0
20000.0
20000.0
20000.0
20000.0
20000.0
20000.0
20000.0
20000.0
20000.0
20000.0
20000.0
20000.0
20000.0
20000.0
20000.0
20000.0
20000.0
20000.0
20000.0
20000.0
20000.0
20000.0
20000.0
20000.0
20000.0
20000.0
20000.0
20000.0
20000.0
20000.0
20000.0
20000.0
20000.0
20000.0
20000.0
19999.994140625
20000.0
20000.0
19999.99609375
20000.0
20000.0
20000.0
20000.0
19999.74609375
20000.0
19999.998046875
19999.9375
19999.998046875
20000.0
20000.0
19999.98828125
20000.0
20000.0
20000.0
20000.0
20000.017578125
20000.01171875
20000.0
20000.001953125
20000.0
20000.0
19497.005859375
18874.5703125
18291.486328125
17758.04296875
17312.435546875
16854.01953125
16435.275390625
16026.6015625
15652.166015625
15282.81640625
14940.2841796875
14648.822265625
14379.259765625
14124.4169921875
13853.52734375
13587.396484375
13357.759765625
13117.2109375
12895.951171875
12678.7431640625
12477.6259765625
12278.6201171875
12087.1123046875
11844.361328125
11630.82421875
11443.7607421875
11260.91796875
11080.4482421875
10936.88671875
10786.6083984375
10649.423828125
10513.923828125
10298.82421875
10082.974609375
9898.103515625
9745.5263671875
9607.1728515625
9479.7900390625
9348.0029296875
