25400.0
25400.0
25060.755859375
24601.943359375
24565.78125
24284.826171875
24196.24609375
24174.07421875
24170.38671875
24172.33984375
24176.328125
24180.68359375
24185.171875
24189.595703125
24195.201171875
24201.931640625
24209.3046875
24219.0
24230.5
24243.919921875
24264.7890625
24294.90625
24332.697265625
24388.59765625
24483.49609375
24606.849609375
24836.294921875
25102.435546875
25209.294921875
25248.8671875
25266.123046875
25275.10546875
25283.525390625
25290.318359375
25295.490234375
25300.28515625
25304.3828125
25304.798828125
25332.546875
25588.302734375
26119.60546875
27848.40625
31108.09375
35113.9609375
40248.7265625
44705.1796875
48415.01171875
52496.12109375
58097.5546875
64389.79296875
71124.1953125
77984.84375
85518.5078125
94173.234375
101795.375
108986.4921875
117255.171875
125901.3828125
133988.265625
141446.046875
148581.34375
156030.171875
162755.46875
169011.171875
174460.96875
178280.9375
174785.84375
172074.5625
168979.59375
165938.046875
163067.859375
160559.78125
157925.375
155372.40625
153105.25
150544.21875
148357.046875
145934.28125
143265.015625
142547.015625
141153.28125
139293.21875
137677.515625
136184.796875
135008.859375
134170.953125
133338.59375
132600.0625
132173.5
132049.1875
131868.640625
131680.796875
131490.8125
131271.125
131046.9296875
130860.9296875
130691.984375
130622.4453125
130586.984375
130524.9609375
130415.859375
130215.7421875
129773.359375
129402.1171875
129021.578125
128655.046875
128250.5
127796.09375
127236.328125
126640.4296875
126048.796875
125416.765625
124783.6015625
124116.2734375
123389.59375
122737.0546875
122033.09375
121373.6796875
120698.5703125
120040.3125
119381.359375
118740.671875
118133.0078125
117522.1953125
116947.71875
116370.4375
