25400.0
25400.0
25400.0
25400.0
25400.0
25400.0
25400.0
25400.0
25400.0
25400.0
25400.0
25400.0
25400.0
25400.0
25400.0
25400.0
25400.0
25400.0
25400.0
25400.0
25400.0
25400.0
25400.0
25760.58203125
36333.26171875
48826.15625
65475.66015625
80076.796875
91836.125
101773.3203125
110731.09375
117353.7734375
122897.5234375
127423.65625
131279.75
134511.109375
137307.515625
139521.109375
141338.171875
142981.09375
144363.203125
145594.53125
146702.34375
147652.59375
148475.125
149259.5625
150743.484375
154178.953125
153789.234375
153948.046875
159862.421875
170610.671875
167404.203125
164212.8125
161550.984375
159756.328125
157973.828125
156130.9375
154213.421875
152445.40625
150675.609375
148985.578125
147424.328125
145886.140625
144470.875
143113.640625
142036.171875
141131.28125
140183.71875
139340.171875
138525.234375
137696.03125
136732.140625
135910.15625
135190.296875
134516.375
133887.5625
133178.109375
132438.1875
131743.359375
130928.1171875
130156.375
129401.4765625
128667.8671875
127907.4765625
127169.3359375
126481.84375
125788.46875
125245.671875
124712.421875
124134.5390625
123597.65625
122994.125
122408.3984375
121803.265625
121233.6328125
120654.4375
120081.8671875
119534.7421875
118974.921875
118459.8671875
117908.6171875
117367.8828125
116938.6875
116572.890625
116359.4453125
116225.5390625
116024.03125
115759.7265625
115451.53125
115123.0546875
114756.3984375
114376.4609375
113952.7578125
113513.9140625
113112.2265625
112651.4296875
112166.28125
111683.5546875
111241.0859375
110808.5078125
110398.4140625
110019.90625
109646.96875
109304.3671875
108969.625
