25400.0
25400.0
24620.51171875
24761.419921875
24427.7578125
24015.3125
23627.080078125
23522.55078125
23505.91015625
23519.935546875
23547.76171875
23598.076171875
23704.4453125
23909.068359375
24337.142578125
24854.2109375
25031.3828125
25109.44921875
25137.767578125
25153.58984375
25167.15234375
25178.93359375
25189.671875
25199.8046875
25214.8671875
25229.94140625
25244.736328125
25256.9609375
25266.994140625
25271.529296875
25410.060546875
25893.876953125
27583.861328125
31447.419921875
36991.8515625
42890.61328125
48551.14453125
53563.10546875
57584.9921875
61585.61328125
64806.78515625
70632.21875
77043.5078125
83895.0390625
92018.40625
100397.3125
110452.109375
119450.1796875
128390.453125
137011.640625
145923.546875
147578.921875
147142.46875
146583.65625
145719.015625
144875.390625
143591.421875
142155.34375
140575.546875
138984.78125
137363.359375
136273.8125
135199.1875
134448.3125
133493.453125
132424.71875
131357.421875
130443.765625
129504.8828125
128630.640625
127760.578125
126938.296875
126164.53125
124984.3828125
123803.6796875
123019.6015625
122908.0078125
122399.265625
121625.046875
120876.890625
120172.390625
119400.3203125
118922.03125
118510.21875
118204.1484375
117873.5078125
117523.390625
117235.609375
117030.1796875
116902.109375
117014.5625
117064.8671875
117072.3203125
117059.640625
117047.890625
117047.1875
117046.9296875
117018.6328125
116987.109375
116951.3125
116991.578125
117028.71875
117049.1484375
117047.5234375
117021.1875
116969.9375
116830.1796875
116645.828125
116471.640625
116308.4296875
116151.71875
115991.328125
115827.3671875
115601.8203125
115327.9609375
115059.5546875
114744.65625
114428.8828125
114125.15625
113823.6796875
113504.671875
113174.171875
112837.765625
112500.625
112186.6875
111873.09375
