25400.0
25400.0
24716.91796875
24643.8359375
24179.25390625
23762.865234375
23715.64453125
23716.47265625
23728.431640625
23746.1171875
23774.640625
23823.408203125
23906.978515625
24050.951171875
24301.833984375
24849.580078125
25068.939453125
25131.388671875
25154.71875
25167.529296875
25178.169921875
25187.76171875
25198.375
25211.93359375
25226.728515625
25241.2578125
25253.458984375
25263.677734375
25272.708984375
25275.6640625
25336.765625
25730.755859375
26883.234375
29684.94921875
34846.98046875
40264.5625
45829.15234375
50802.1796875
54984.35546875
58708.17578125
62126.4921875
66505.9453125
72566.765625
78887.6640625
86323.7421875
93999.3359375
102877.7890625
112266.6875
120697.0859375
129232.7890625
137054.015625
145686.8125
147503.046875
147190.75
146686.28125
146041.75
145164.6875
144151.96875
142859.828125
141426.25
139982.453125
138461.9375
137250.5
136186.921875
135131.828125
134338.140625
133533.578125
132627.21875
131648.6875
130718.171875
129806.3203125
128941.3125
128142.6796875
127306.8359375
126623.78125
125736.2109375
124619.546875
123585.2421875
122554.5546875
122627.34375
122282.015625
121680.6875
120864.234375
120212.4921875
119611.5859375
118971.1796875
118574.15625
118210.4140625
117941.8203125
117691.484375
117369.0078125
117094.9140625
116894.84375
116750.3359375
116642.96875
116788.140625
116878.4375
116920.2890625
116937.015625
116948.65625
116964.5390625
116985.3828125
116997.0546875
116982.7421875
116960.515625
116942.296875
116983.2421875
117014.5703125
117029.234375
117023.3359375
116997.1328125
116948.078125
116859.34375
116690.6640625
116515.8359375
116360.7109375
116206.4296875
116058.546875
115904.5703125
115742.609375
115537.5859375
115284.1171875
115065.6640625
114831.4296875
