25400.0
25400.0
25400.0
24937.193359375
24623.265625
24681.458984375
24719.65625
24725.3203125
24727.30078125
24729.27734375
24731.54296875
24733.822265625
24736.0
24738.158203125
24740.087890625
24741.921875
24744.89453125
24746.9296875
24746.0859375
24750.349609375
26285.17578125
37483.75390625
51972.57421875
67037.5078125
80938.4453125
94115.546875
106411.8828125
117403.9375
123011.140625
124958.421875
126210.125
126698.984375
126716.9921875
126411.9765625
125933.1953125
125227.3984375
124403.46875
123453.828125
122471.7265625
121383.921875
120347.9921875
119478.9765625
118553.0859375
117681.9609375
116811.796875
116006.84375
115289.1875
114874.609375
114564.5
114238.921875
113907.6328125
113749.1015625
113374.6328125
112961.84375
112494.84375
112047.921875
111611.765625
111350.921875
110769.3125
110120.2265625
109548.796875
109021.984375
108561.5703125
108664.5703125
109198.359375
109354.734375
109057.6796875
108561.453125
108013.96875
107718.40625
107485.0
107220.3515625
107227.953125
107314.8203125
107338.1015625
107387.1875
107398.2421875
107333.0625
107198.28125
107098.6328125
107091.5390625
107157.7578125
107240.5078125
107307.6015625
107301.921875
107272.7109375
107270.6484375
107305.2890625
107373.984375
107457.890625
107571.234375
107696.8203125
107841.0234375
107993.203125
108163.75
108314.453125
108457.1640625
108611.703125
108770.2109375
108934.6484375
109090.4453125
109216.3515625
109318.0859375
109350.328125
109330.3203125
109294.234375
109246.6328125
109188.734375
109122.7265625
109040.0078125
108947.9296875
108845.1015625
108734.1953125
108629.7421875
108508.765625
108387.359375
108258.0390625
108129.9375
107994.9296875
107857.421875
107722.1484375
107587.5703125
107479.9921875
107380.5234375
