25400.0
25400.0
25400.0
25208.955078125
25085.744140625
25085.744140625
25085.744140625
25085.744140625
25085.744140625
25085.744140625
25085.744140625
25085.744140625
25085.744140625
25085.744140625
25085.744140625
25085.744140625
25115.5078125
25123.912109375
25125.896484375
25124.048828125
25123.85546875
25139.978515625
37447.609375
54108.328125
70717.28125
85404.2265625
98680.8359375
109907.6484375
120840.96875
129368.1875
135682.03125
141460.140625
146099.171875
149676.984375
152052.1875
148250.359375
144804.390625
141658.09375
138478.609375
135678.671875
132709.84375
130088.625
127987.171875
125904.828125
123989.765625
121931.6640625
120114.6328125
119351.875
118817.671875
118288.109375
117538.3671875
116832.390625
116554.796875
116467.484375
116613.7734375
116572.234375
116698.34375
117072.546875
117477.28125
117893.21875
118238.2734375
118576.03125
118868.4765625
119078.703125
119381.1484375
119762.078125
120153.90625
120596.6484375
120972.6171875
121317.734375
121534.5625
121558.0625
121373.8828125
121023.7265625
120607.6875
120181.2890625
119716.2109375
119321.828125
118987.640625
118611.1015625
118233.234375
117829.9296875
117430.8125
117012.7421875
116590.171875
116169.21875
115735.2109375
115318.71875
114894.1484375
114476.03125
114104.1640625
113700.3828125
113317.21875
112930.9921875
112566.7734375
112200.3828125
111842.453125
111503.8046875
111162.6640625
110840.1171875
110514.6015625
110197.84375
109917.6171875
109615.3203125
109329.46875
109041.5859375
108754.109375
108452.46875
108166.3671875
107902.203125
107640.921875
107397.3828125
107153.6640625
106917.3359375
106709.1484375
106484.515625
106272.65625
106059.7421875
105859.1875
105659.1875
105467.921875
105287.453125
105104.71875
104932.0390625
104757.5703125
