25400.0
25400.0
24775.646484375
24679.509765625
24233.908203125
23815.1796875
23652.533203125
23618.515625
23623.5625
23638.353515625
23660.453125
23698.0859375
23769.224609375
23877.921875
24100.869140625
24446.880859375
24885.4296875
25072.548828125
25130.34375
25153.0703125
25166.505859375
25180.201171875
25196.046875
25214.423828125
25232.560546875
25246.6328125
25261.02734375
25270.92578125
25280.01171875
25288.2578125
25291.052734375
25293.048828125
25291.931640625
25360.212890625
25723.7109375
26779.34765625
29366.17578125
33876.6796875
38833.2734375
44000.1328125
48692.50390625
52594.9296875
55600.83984375
59514.64453125
65108.68359375
71284.46875
77741.8203125
85024.3359375
93252.7265625
102006.421875
110382.34375
118115.3828125
126565.4609375
135559.4375
142842.890625
150445.421875
157151.203125
156241.609375
155247.890625
153840.09375
152144.171875
150210.953125
148214.625
146551.859375
144827.671875
143391.625
142272.15625
140900.859375
139554.578125
138172.34375
136899.171875
135649.671875
134445.328125
133346.234375
132278.1875
130904.2421875
129364.890625
128598.3203125
128217.40625
127320.296875
126196.203125
125226.9296875
124281.4140625
123481.6328125
122833.9921875
122374.3515625
121918.4296875
121454.140625
121157.5703125
121084.8515625
120976.046875
120815.4765625
120658.8515625
120514.1953125
120389.3671875
120253.546875
120140.8828125
120061.0546875
120000.7890625
120047.078125
120101.265625
120139.0625
120151.7890625
120133.765625
120071.078125
119854.1796875
119668.65625
119501.0078125
119338.8671875
119176.90625
118995.125
118761.4921875
118442.375
118097.1328125
117774.4921875
117405.0390625
117029.59375
116629.8984375
116231.015625
115767.484375
115310.6796875
114883.4375
114456.7421875
114053.1953125
113631.4453125
