25400.0
25400.0
25278.15625
24623.427734375
24717.37109375
24496.29296875
24441.36328125
24430.935546875
24431.123046875
24434.13671875
24437.990234375
24442.017578125
24445.876953125
24450.19140625
24456.603515625
24464.96484375
24482.94140625
25964.001953125
34618.46875
47598.24609375
62620.52734375
79193.234375
93477.6796875
103956.7734375
108627.453125
112207.640625
114565.1328125
116476.375
117544.3828125
117994.2265625
118118.2421875
118008.8984375
117816.3125
117479.7734375
116987.984375
116381.1875
115773.7734375
115124.9375
114506.8203125
113982.5703125
113756.40625
113499.8671875
113187.8984375
112874.5703125
112565.40625
112277.375
111978.8671875
111694.7265625
111452.28125
111190.5234375
110925.2421875
110660.6796875
110391.75
110124.6875
110013.9296875
109726.015625
109465.671875
109157.453125
108781.8046875
108169.78125
107642.8125
107171.65625
106760.640625
106378.453125
106329.34375
106779.9296875
107033.5703125
106884.5703125
106519.2578125
106067.8828125
105689.5234375
105486.53125
105313.8203125
105067.71875
105012.6640625
105057.0078125
105045.28125
105036.3984375
105048.2578125
105042.5
104975.59375
104863.09375
104781.6171875
104760.859375
104788.9765625
104837.96875
104823.875
104796.78125
104780.453125
104781.3671875
104805.1640625
104848.984375
104913.515625
104989.578125
105080.0859375
105178.5703125
105280.5234375
105392.953125
105493.09375
105588.359375
105685.3984375
105777.765625
105887.7890625
105996.421875
106107.0859375
106209.65625
106303.515625
106377.03125
106391.40625
106378.40625
106357.046875
106330.3046875
106298.9296875
106266.078125
106222.859375
106171.265625
106108.6484375
106041.765625
105968.046875
105888.0703125
105807.21875
105719.7265625
105632.2421875
105539.3125
