25400.0
25400.0
25400.0
25394.09765625
25283.984375
25283.984375
25283.984375
25283.984375
25283.984375
25283.984375
25283.984375
25283.984375
25283.984375
25283.984375
25283.984375
25283.984375
25283.984375
25283.984375
25283.984375
25283.984375
25283.984375
33154.11328125
51689.02734375
69354.890625
84631.3125
98032.78125
109323.9140625
120197.7734375
128786.6015625
135208.328125
141092.1875
145811.46875
149497.4375
151983.953125
153812.953125
151839.46875
147778.09375
143975.71875
140223.9375
136681.296875
133612.421875
131164.34375
128609.71875
126066.8125
123849.7890625
123231.2890625
122078.9921875
120701.1640625
119823.9375
119519.9296875
119473.5390625
119593.015625
119606.890625
119784.1953125
120320.4921875
120909.671875
121498.3203125
121970.9453125
122478.4765625
122886.015625
123245.7265625
123717.25
124247.234375
124808.0078125
125283.6953125
125619.5859375
125772.0078125
125633.265625
125240.3671875
124733.0625
124166.046875
123595.046875
123115.734375
122633.3359375
122155.1953125
121644.0
121119.375
120624.7421875
120073.8515625
119543.3671875
119000.2890625
118481.0
117952.28125
117433.546875
116943.3046875
116449.4140625
115983.09375
115513.3046875
115055.140625
114651.046875
114214.6015625
113802.3984375
113387.1875
112993.9375
112590.0234375
112195.5625
111794.171875
111397.2109375
111035.6171875
110679.8515625
110337.875
110038.5390625
109716.7421875
109413.65625
109109.2265625
108827.65625
108547.5234375
108274.7890625
108015.46875
107753.0625
107503.9609375
107252.65625
107007.1640625
106789.515625
106554.375
106331.4375
106106.9296875
105895.1796875
105681.640625
105473.9140625
105278.0078125
105081.515625
104896.5625
104710.21875
