25400.0
24953.4765625
24165.14453125
22781.74609375
21004.001953125
19900.654296875
18997.587890625
18819.0625
19041.36328125
19943.388671875
21300.28515625
22321.244140625
23174.78125
23966.5234375
24670.615234375
25144.521484375
25081.375
25073.876953125
25095.376953125
25121.37109375
25144.419921875
25166.798828125
25184.908203125
25200.4921875
25211.1015625
25219.248046875
25228.091796875
25300.86328125
25651.9453125
27024.935546875
30551.49609375
36048.92578125
41690.15625
46835.78125
49624.890625
52402.58984375
56146.52734375
59653.88671875
63320.81640625
66660.828125
69877.6171875
72689.265625
75790.0546875
78544.859375
80700.6171875
82849.578125
84819.2578125
86595.8125
88147.1953125
89890.625
91433.40625
92827.3828125
94161.46875
95346.765625
96509.1796875
97558.9765625
98490.765625
99420.5859375
100703.8359375
101847.3359375
102835.4609375
103748.8984375
104565.203125
105279.4765625
105948.0
106390.7890625
106909.84375
107526.5703125
107976.8671875
108368.4375
108661.65625
108912.546875
109113.2109375
109284.9296875
109428.8671875
109535.046875
109603.8671875
109661.953125
109691.1875
109677.0859375
109630.515625
109540.0078125
109429.5703125
109333.234375
109255.4609375
109154.5859375
109026.1875
108881.359375
108717.0234375
108561.734375
108403.6328125
108242.765625
108094.2890625
107926.375
107760.40625
107592.78125
107438.1015625
107283.5078125
107133.0
106991.234375
106852.9140625
106724.46875
106577.5078125
106521.4609375
106447.828125
106335.2265625
106209.203125
106069.140625
105929.1484375
105782.28125
105636.53125
105497.7421875
105358.109375
105226.359375
105094.25
104966.78125
104855.890625
104737.921875
104627.609375
104511.375
104416.3984375
104319.1328125
104220.3515625
104121.5625
104017.6796875
103917.2578125
103812.59375
