25400.0
23709.013671875
21244.21484375
20682.7890625
19147.919921875
18413.69140625
17624.423828125
17311.1796875
17622.40625
18336.0390625
19623.951171875
20735.109375
21558.01953125
22223.546875
22778.228515625
23274.38671875
23719.388671875
24139.1875
24509.572265625
24812.326171875
25111.287109375
25220.857421875
25203.064453125
25204.18359375
25213.09765625
25221.390625
25227.60546875
25234.078125
25284.71875
25557.87109375
26406.169921875
28881.048828125
33764.3046875
37532.46875
40983.640625
43851.24609375
46332.1796875
49602.3046875
52883.61328125
55921.0234375
59008.04296875
62029.07421875
64830.3125
67083.4453125
69477.1015625
71871.9140625
74052.3046875
75910.9453125
77639.6875
79335.7890625
80878.71875
82317.6796875
83589.609375
84688.5078125
85912.4921875
86989.6875
88135.3671875
89181.265625
90191.671875
91105.0859375
91986.703125
93244.09375
94551.5703125
95867.3359375
97147.875
98329.2421875
99387.46875
100260.6953125
101136.0546875
101907.4609375
102638.90625
103285.140625
103886.6171875
104429.4921875
104909.9921875
105350.0625
105725.53125
106068.578125
106326.9453125
106644.6796875
106943.25
107184.328125
107392.734375
107560.984375
107704.6484375
107822.5234375
107910.453125
107975.2421875
108014.9609375
108029.3515625
108024.65625
108016.0625
108014.09375
108000.4375
107978.0
107946.1015625
107900.453125
107840.890625
107770.96875
107688.1875
107597.8125
107490.7109375
107372.90625
107264.0546875
107139.171875
107015.21875
106893.984375
106798.8359375
106708.546875
106613.8671875
106513.03125
106400.7421875
106285.765625
106165.6328125
106045.890625
105937.4453125
105817.515625
105702.703125
105584.984375
105472.84375
105357.734375
105247.5703125
105144.375
105042.546875
104947.90625
104852.9609375
