25400.0
25400.0
24750.798828125
24709.228515625
24219.166015625
23775.6796875
23596.662109375
23558.794921875
23565.115234375
23582.52734375
23610.443359375
23662.068359375
23756.666015625
23925.7890625
24225.5
24756.09765625
24993.083984375
25093.978515625
25133.865234375
25153.439453125
25169.923828125
25188.923828125
25207.83203125
25226.841796875
25243.638671875
25254.310546875
25263.083984375
25271.08203125
25278.892578125
25286.37109375
25290.7578125
25295.6328125
25296.455078125
25293.798828125
25536.154296875
26158.9296875
28161.302734375
32016.115234375
36686.84765625
42135.4765625
47003.046875
50957.875
54269.18359375
59947.890625
66172.078125
73265.3828125
80331.78125
88105.0703125
97461.15625
105969.2265625
114363.25
122464.21875
131428.25
140061.921875
147196.4375
152185.28125
151589.015625
151068.90625
150147.234375
148834.546875
147308.1875
145620.203125
143850.703125
142308.609375
140909.34375
139998.984375
138995.78125
137796.84375
136635.21875
135458.859375
134358.90625
133275.140625
132231.65625
131195.25
130344.4921875
129263.09375
127958.75
126612.6796875
126592.2734375
126079.3203125
125206.640625
124081.5703125
123284.921875
122421.9921875
121757.2890625
121223.6953125
120817.5078125
120439.9609375
120014.671875
119662.75
119593.15625
119588.015625
119520.3359375
119416.78125
119312.65625
119219.4375
119147.7109375
119063.671875
118984.8125
118928.0546875
118898.0703125
118955.15625
119004.7265625
119042.9140625
119058.046875
119049.03125
119012.6015625
118860.2265625
118680.6484375
118524.96875
118373.6640625
118225.3046875
118070.2890625
117897.609375
117673.7109375
117378.3125
117063.140625
116726.09375
116383.1328125
116014.53125
115636.5078125
115257.2578125
114818.3046875
114401.65625
113986.5234375
