25400.0
25400.0
25400.0
25206.927734375
24982.392578125
24982.390625
24982.390625
24982.390625
24982.390625
24982.390625
24984.3203125
25025.078125
25034.056640625
25036.951171875
25038.400390625
25040.42578125
25042.328125
25043.17578125
25043.958984375
25042.419921875
25041.318359375
25049.19140625
32237.533203125
48001.91796875
63089.34765625
77905.9609375
90850.046875
102864.3671875
113400.953125
122403.8984375
130826.046875
137168.3125
142507.3125
146828.421875
148858.671875
146248.625
143760.828125
141144.9375
138676.609375
136219.375
133847.484375
131880.75
129762.4765625
127696.390625
125738.703125
124041.28125
122524.75
121151.828125
119713.140625
118239.796875
116944.2890625
116162.234375
116512.9921875
116673.6015625
116138.5546875
115505.828125
114963.40625
114627.75
114571.140625
114700.7734375
114838.03125
114794.515625
114841.7265625
115121.234375
115468.8828125
115781.1796875
116113.84375
116401.0
116698.453125
116999.4296875
117189.3359375
117392.5390625
117649.2421875
117967.125
118313.4609375
118700.125
119034.46875
119314.8359375
119590.5859375
119777.40625
119834.65625
119753.046875
119488.15625
119167.4375
118832.2578125
118470.4453125
118105.1171875
117754.2109375
117444.71875
117173.4609375
116866.984375
116561.6796875
116238.03125
115918.9609375
115584.3359375
115246.6015625
114918.6171875
114579.1953125
114249.453125
113902.2265625
113556.5546875
113248.0625
112911.1875
112589.859375
112263.6328125
111952.875
111637.7421875
111327.609375
111034.0390625
110737.3515625
110457.328125
110174.203125
109897.765625
109653.15625
109388.2890625
109137.1953125
108884.015625
108643.8046875
108401.4609375
108164.4609375
107926.171875
107681.953125
107455.7734375
107233.84375
