25400.0
25301.86328125
24736.796875
24861.716796875
23907.3046875
22913.806640625
21471.935546875
21081.751953125
21093.912109375
21874.220703125
23213.517578125
24195.41015625
24929.244140625
24853.439453125
24835.13671875
24857.767578125
24894.0625
24933.271484375
24975.66796875
25015.345703125
25048.927734375
25081.224609375
25109.642578125
25134.265625
25155.05078125
25173.646484375
25188.1328125
25201.1875
25211.25
25218.7734375
25224.955078125
25254.197265625
25331.2265625
25635.32421875
26830.51953125
29536.673828125
33632.2578125
38652.859375
44367.125
49619.6015625
55015.6640625
61761.57421875
65886.765625
70006.078125
73263.5390625
76582.7421875
79831.4375
82986.125
85613.546875
87942.1484375
90153.8671875
92107.34375
93761.09375
95471.4453125
97121.078125
98528.140625
99682.8515625
100829.0390625
101872.125
102824.75
103648.1015625
104440.375
105077.8046875
105588.4453125
106136.671875
106982.84375
107734.4296875
108395.453125
108924.2265625
109433.0390625
109759.0703125
110069.71875
110535.6328125
110993.8515625
111335.53125
111576.3515625
111754.9921875
111884.8828125
111981.8828125
112047.4921875
112086.90625
112103.859375
112096.375
112061.6328125
112041.296875
111985.3828125
111886.984375
111762.71875
111614.8046875
111461.046875
111339.140625
111221.109375
111103.8359375
110957.5234375
110808.7578125
110635.9140625
110460.2890625
110289.34375
110126.8984375
109971.1015625
109806.3203125
109642.5625
109468.1328125
109291.84375
109131.5390625
108954.296875
108782.90625
108606.15625
108435.6875
108265.0234375
108097.4609375
107939.1328125
107871.3046875
107770.1484375
107635.6640625
107483.2890625
107336.5390625
107168.3515625
107000.21875
106830.5703125
106670.2109375
106509.0546875
106352.8203125
106206.5625
106060.625
105924.015625
105788.046875
