25400.0
25400.0
25400.0
25342.193359375
25183.298828125
25183.298828125
25183.298828125
25183.298828125
25183.298828125
25183.298828125
25183.298828125
25183.298828125
25183.298828125
25183.298828125
25183.298828125
25183.298828125
25183.298828125
25183.298828125
25183.298828125
25183.298828125
25183.298828125
25183.298828125
25183.298828125
28661.611328125
44365.94921875
60447.0859375
76433.765625
89513.6328125
101206.9453125
112124.6875
120909.03125
128511.2109375
134753.984375
140429.578125
144691.375
148029.8125
150548.671875
152357.609375
153677.875
152539.34375
148271.1875
144329.953125
140901.046875
137480.75
134555.125
131888.671875
129174.8671875
126597.2890625
125354.1953125
124403.328125
123044.953125
121734.6015625
120454.1875
120211.5
120347.8359375
120407.0546875
120349.234375
120618.1875
121047.46875
121546.625
121997.9765625
122393.65625
122795.328125
123035.1796875
123368.4140625
123790.6171875
124227.6953125
124693.109375
125073.28125
125370.6328125
125482.21875
125349.1328125
125006.9453125
124522.578125
123974.6875
123453.3515625
122974.90625
122507.25
122076.625
121583.7890625
121083.1953125
120558.5546875
120050.4453125
119528.3203125
119010.8671875
118515.8828125
118012.7890625
117535.90625
117054.4296875
116584.1640625
116169.1328125
115719.8828125
115294.84375
114866.2109375
114460.890625
114051.7109375
113652.5703125
113266.1953125
112851.1328125
112462.53125
112080.296875
111715.3828125
111397.9765625
111057.5546875
110737.734375
110416.8828125
110123.1328125
109828.3203125
109539.84375
109266.046875
108988.984375
108726.0
108460.390625
108200.3203125
107968.9609375
107718.078125
107479.765625
107239.4140625
107011.8515625
106782.3203125
106557.6953125
106345.71875
106132.0234375
105930.5078125
105727.2578125
