25400.0
24798.96484375
23238.51953125
22248.53515625
20735.7421875
19154.75390625
18181.01953125
18369.865234375
19118.931640625
20553.072265625
21580.0859375
22379.708984375
23057.1875
23635.853515625
24190.41015625
24654.4140625
25079.80078125
25114.6953125
25108.19140625
25124.681640625
25146.267578125
25167.306640625
25184.8203125
25199.759765625
25210.3203125
25218.1171875
25225.580078125
25279.890625
25552.921875
26415.4921875
28845.611328125
33635.1796875
39215.83203125
42974.4296875
45983.9453125
48651.55859375
52594.0390625
55989.484375
59457.6171875
62634.47265625
65734.8515625
68491.1328125
70858.3125
73570.1171875
75873.765625
77954.3203125
79769.515625
81602.890625
83287.859375
84769.8515625
86093.0859375
87314.6953125
88620.09375
89881.2421875
90962.515625
92073.4765625
93065.9140625
94016.84375
94885.6953125
96192.015625
97555.0546875
98829.3046875
100001.5859375
101014.9140625
101953.3203125
102795.3515625
103486.8828125
104182.0390625
104791.3671875
105352.484375
105844.765625
106298.28125
106692.8125
107026.234375
107215.65625
107570.2265625
107876.53125
108123.203125
108306.3125
108469.4296875
108594.1484375
108690.09375
108753.5546875
108793.703125
108810.6015625
108805.5625
108784.6796875
108761.5859375
108741.140625
108707.765625
108668.5703125
108612.5078125
108544.2734375
108459.546875
108366.5546875
108256.609375
108128.0703125
107998.1328125
107861.578125
107725.5390625
107580.1875
107452.4296875
107359.5625
107257.828125
107152.0
107033.0234375
106910.6953125
106778.671875
106649.8203125
106526.5703125
106400.7265625
106281.8515625
106163.1953125
106049.40625
105948.5859375
105841.53125
105739.5078125
105637.2109375
105538.953125
105438.421875
105339.8359375
105245.9765625
105151.2734375
105119.9140625
105086.78125
