25400.0
25142.6328125
24791.947265625
23842.10546875
21672.974609375
20658.728515625
19620.158203125
19369.625
19426.748046875
19820.27734375
21448.228515625
22620.048828125
23505.720703125
24305.234375
25020.048828125
25001.375
24985.06640625
25007.546875
25042.4375
25076.80078125
25106.28515625
25134.671875
25157.74609375
25178.40234375
25193.919921875
25207.396484375
25217.34375
25224.837890625
25228.76953125
25266.853515625
25498.73046875
26281.283203125
28448.57421875
32734.373046875
37949.09375
44311.93359375
49877.5859375
52637.71484375
56889.48046875
60654.09375
64714.4453125
68155.03125
71397.140625
74378.3359375
77262.484375
79997.4453125
82289.9375
84424.21875
86380.578125
88223.4765625
89730.3125
91266.6953125
92800.109375
94162.6484375
95479.7109375
96665.6875
97623.0703125
98621.265625
99513.046875
100364.625
101350.4453125
102552.7109375
103590.9140625
104477.4921875
105289.9453125
105991.6640625
106636.7734375
107212.59375
107688.7890625
108152.859375
108409.59375
108731.9140625
109161.671875
109504.9453125
109768.2578125
109966.5859375
110119.8359375
110224.609375
110291.828125
110336.3828125
110355.546875
110357.4921875
110341.296875
110328.5703125
110306.0234375
110252.703125
110172.6015625
110071.828125
109938.125
109795.03125
109639.515625
109475.1640625
109350.6171875
109228.875
109104.9921875
108962.7734375
108820.9296875
108670.984375
108527.203125
108393.5625
108257.03125
108125.046875
107987.25
107847.453125
107719.4296875
107561.546875
107408.1171875
107253.609375
107107.796875
106959.1328125
106812.5
106673.7734375
106532.7890625
106454.2421875
106388.15625
106294.8125
106192.6328125
106067.625
105940.890625
105805.8671875
105672.21875
105533.6796875
105396.0234375
105264.0703125
105129.9921875
105003.8203125
104877.2109375
