25400.0
25400.0
25400.0
25208.884765625
25033.01171875
25033.01171875
25033.01171875
25033.01171875
25033.01171875
25033.01171875
25033.01171875
25033.01171875
25062.505859375
25075.501953125
25079.8359375
25081.775390625
25082.662109375
25083.341796875
25081.197265625
25080.994140625
25107.5859375
37835.51171875
54168.76171875
70520.890625
85097.59375
98307.53125
109488.875
120333.734375
128858.0546875
135191.03125
141019.125
145691.625
149316.078125
149866.125
146438.25
143190.734375
140228.9375
137267.265625
134626.59375
131928.53125
129422.9375
127381.8125
125357.7890625
123603.453125
121727.9140625
119944.8828125
118273.9765625
117949.359375
117977.71875
117265.578125
116492.3203125
115756.9140625
115549.5703125
115477.734375
115625.4453125
115621.3359375
115760.78125
116057.4609375
116401.0703125
116709.0625
116983.9140625
117271.0546875
117442.375
117626.03125
117897.828125
118202.5625
118598.8046875
118995.078125
119360.90625
119693.9453125
119949.546875
120042.7734375
119950.46875
119663.109375
119329.625
118953.1640625
118552.859375
118182.7265625
117840.34375
117526.4609375
117194.1796875
116859.46875
116500.1875
116131.3515625
115767.875
115388.46875
115019.265625
114632.453125
114240.3359375
113888.4921875
113504.65625
113138.6015625
112766.7265625
112413.2890625
112054.53125
111703.8125
111372.3671875
111038.7109375
110723.6484375
110406.3671875
110096.65625
109823.1484375
109527.6328125
109248.640625
108967.1953125
108701.1875
108433.0
108170.8984375
107923.3515625
107673.3359375
107436.8671875
107198.5234375
106961.5859375
106734.625
106490.6484375
106266.5859375
106048.171875
105846.1640625
105643.9765625
105447.84375
105263.1328125
105077.578125
104902.1953125
104725.859375
