25400.0
25077.5625
24814.720703125
24406.484375
22135.94140625
20987.34765625
20069.857421875
19897.61328125
20167.0
21129.46484375
22597.74609375
23687.09765625
24587.693359375
24974.23046875
24934.8203125
24946.794921875
24985.619140625
25027.6171875
25067.53125
25103.611328125
25132.29296875
25157.626953125
25179.095703125
25195.537109375
25208.099609375
25218.591796875
25224.802734375
25271.396484375
25523.7265625
26398.482421875
29233.98828125
34182.71484375
39599.06640625
46266.453125
52527.2734375
56590.484375
61124.9140625
65789.6015625
69790.6171875
73294.5234375
76777.1328125
80081.921875
82972.7890625
85473.03125
87611.2734375
89734.84375
91383.25
93252.34375
94890.59375
96430.28125
97799.125
98952.234375
100053.625
101004.2578125
101922.109375
102821.328125
103961.484375
105024.8046875
105919.5390625
106726.390625
107409.6875
108031.953125
108587.3828125
108956.90625
109232.5859375
109730.375
110126.1640625
110415.1875
110611.3125
110762.3203125
110852.5234375
110906.09375
110931.4296875
110930.1875
110907.5625
110882.9609375
110843.125
110771.0390625
110661.1328125
110511.421875
110361.8515625
110183.1171875
110005.296875
109860.1640625
109724.234375
109570.75
109404.3359375
109248.5703125
109095.3359375
108950.671875
108799.5
108623.8515625
108460.0703125
108276.84375
108098.375
107915.1796875
107738.5234375
107560.5
107385.5078125
107219.2421875
107050.6875
106892.578125
106826.3984375
106722.09375
106603.2734375
106456.1015625
106305.3828125
106142.828125
105983.546875
105818.96875
105656.421875
105502.25
105347.96875
105199.1171875
105052.3359375
104912.84375
104792.03125
104664.3671875
104556.59375
104465.2265625
104364.8359375
104267.0390625
104194.2890625
104135.984375
104093.9921875
104040.546875
103978.078125
