25400.0
25400.0
25400.0
25340.041015625
25228.6171875
25228.6171875
25228.6171875
25228.6171875
25228.6171875
25228.6171875
25228.6171875
25228.6171875
25228.6171875
25228.6171875
25228.6171875
25228.6171875
25228.6171875
25228.6171875
25228.6171875
25228.6171875
25228.6171875
25228.6171875
32028.779296875
49732.62109375
66852.671875
82151.5859375
95666.390625
107080.2421875
118173.2265625
127231.640625
133770.03125
139676.90625
144312.171875
148094.625
150854.765625
152906.140625
154284.84375
151887.890625
147522.359375
143277.4375
139361.796875
135960.359375
133292.40625
130254.625
127489.3671875
126171.359375
125065.09375
123338.28125
121948.65625
121104.46875
120960.4921875
121192.4375
121246.515625
121453.375
121856.34375
122510.953125
123171.7421875
123774.828125
124320.9765625
124833.9453125
125227.890625
125692.6328125
126249.1328125
126783.765625
127221.4921875
127505.0
127551.2890625
127305.375
126850.8125
126209.5390625
125560.359375
124969.6015625
124394.140625
123823.1953125
123208.1015625
122605.421875
121982.359375
121364.421875
120812.328125
120209.5234375
119637.7578125
119061.1015625
118516.453125
117967.796875
117432.8359375
116928.40625
116398.15625
115885.515625
115384.828125
114904.515625
114479.1328125
114022.484375
113595.7734375
113170.0703125
112772.9375
112383.8046875
112006.515625
111650.03125
111289.8984375
110948.9296875
110605.25
110269.03125
109971.296875
109648.34375
109342.5546875
109034.5
108744.3828125
108451.5
108166.5390625
107896.6875
107625.75
107370.1015625
107112.9140625
106862.171875
106641.1015625
106402.8125
106177.5703125
105950.8671875
105737.2890625
105523.890625
105316.03125
105119.8203125
104923.4765625
104738.0625
104551.6015625
