25400.0
25400.0
25400.0
25355.7578125
25213.01953125
25213.01953125
25213.01953125
25213.01953125
25213.01953125
25213.01953125
25213.01953125
25213.01953125
25213.01953125
25213.01953125
25213.01953125
25213.01953125
25213.01953125
25213.01953125
25213.01953125
25213.01953125
25213.01953125
25213.01953125
30941.3515625
48490.390625
65683.625
81302.5859375
94936.015625
106428.3125
117577.5234375
126468.6875
133088.421875
139245.375
144252.484375
148173.40625
150804.140625
152836.390625
153261.546875
149068.28125
145130.84375
141465.4375
137844.84375
134647.71875
132083.78125
129563.9453125
126956.5234375
124511.5078125
123487.5546875
122533.90625
121179.296875
120077.421875
119341.7890625
119166.1640625
119347.1328125
119304.2578125
119327.0
119760.4453125
120291.390625
120846.328125
121280.0703125
121719.8359375
122079.25
122364.3359375
122760.921875
123224.3359375
123762.25
124212.3671875
124566.265625
124801.6015625
124791.1171875
124533.28125
124081.375
123552.4765625
122996.1015625
122510.5859375
122046.796875
121594.8125
121111.5078125
120614.9375
120149.078125
119622.9453125
119113.5078125
118590.09375
118089.1015625
117578.875
117076.2890625
116600.2578125
116120.5390625
115668.1640625
115212.0390625
114767.234375
114374.046875
113950.5078125
113549.9140625
113145.7265625
112763.859375
112378.96875
111999.3359375
111622.7734375
111229.1015625
110869.8125
110519.078125
110183.1484375
109889.4140625
109574.46875
109278.3984375
108980.6015625
108703.671875
108430.2109375
108163.4140625
107910.984375
107656.0859375
107414.0078125
107168.5546875
106928.359375
106714.703125
106484.1015625
106266.390625
106046.3359375
105838.7421875
105629.25
105424.625
105233.296875
105040.703125
104858.6171875
104675.609375
