25400.0
25400.0
25400.0
25400.0
25400.0
25400.0
25400.0
25400.0
25400.0
25400.0
25400.0
25400.0
25400.0
25400.0
25400.0
25400.0
25400.0
25400.0
25400.0
25400.0
25400.0
25400.0
25400.0
29992.14453125
50414.37109375
68212.734375
82095.5859375
93941.3125
103539.3125
111615.140625
118944.2109375
124513.9921875
129124.0078125
132889.953125
136091.703125
138882.0
141195.875
143014.46875
144481.875
145818.078125
146982.609375
147876.078125
148709.546875
149722.859375
150701.125
152648.4375
155714.28125
155090.765625
155175.3125
161353.75
156745.21875
154029.78125
152317.5
151100.140625
150062.0625
148974.9375
147689.0625
146451.921875
145303.734375
144055.875
142815.03125
141573.671875
140447.78125
139333.875
138266.78125
137344.609375
136372.234375
135479.15625
134607.140625
133825.171875
133163.15625
132676.953125
132237.3125
131801.75
131419.5
131045.6328125
130681.6875
130256.3359375
129686.2578125
129203.2890625
128755.78125
128360.2890625
127967.0078125
127551.3828125
127127.359375
126666.3984375
126204.78125
125676.09375
125151.90625
124721.2734375
124237.2109375
123735.03125
123202.3125
122694.109375
122182.03125
121679.265625
121195.796875
120779.875
120403.109375
119993.03125
119566.53125
119174.15625
118731.7734375
118296.0
117855.1796875
117490.0625
117142.5859375
116811.6015625
116579.2578125
116318.6796875
116057.265625
115782.8125
115511.9375
115273.375
114995.3046875
114695.1796875
114386.09375
114094.046875
113917.2109375
113803.8125
113671.5625
113501.25
113307.53125
113082.6171875
