25400.0
25400.0
25400.0
25137.724609375
25033.83203125
25033.83203125
25033.83203125
25033.83203125
25033.83203125
25033.83203125
25048.140625
25089.306640625
25098.21875
25101.1640625
25104.1796875
25106.232421875
25107.4296875
25107.9453125
25105.716796875
25110.8515625
30322.009765625
46696.28125
63323.12890625
79767.359375
94009.2734375
106053.3359375
117926.0
126838.4609375
134089.359375
140156.734375
144454.3125
147941.0
150413.75
152156.140625
153306.859375
148096.328125
143226.296875
139117.28125
135486.15625
132046.84375
128712.2421875
127437.5
126007.1171875
124090.9609375
122480.15625
121561.671875
121656.171875
121546.109375
121649.1640625
122080.5546875
122789.9765625
123520.5078125
124178.21875
124805.484375
125125.0390625
125586.2578125
126114.0078125
126637.3359375
126982.4765625
127147.0546875
127040.4765625
126670.0
126080.859375
125369.2109375
124644.9375
123923.6171875
123263.8125
122531.3203125
121826.1640625
121106.90625
120423.7109375
119721.2890625
119004.1171875
118351.296875
117713.828125
117123.4609375
116538.21875
115978.2890625
115498.078125
114983.40625
114487.3984375
113986.7421875
113517.265625
113047.1875
112593.3984375
112166.6796875
111739.375
111337.7734375
110934.0625
110541.9453125
110197.7890625
109829.0703125
109481.34375
109132.125
108803.8828125
108474.8203125
108156.0390625
107856.4140625
107555.28125
107271.734375
106988.984375
106714.8203125
106474.3359375
106217.53125
105974.9140625
105732.0390625
105503.78125
105274.640625
105052.453125
104843.8125
104634.8046875
104438.4765625
104241.984375
104050.5625
103881.4375
103701.109375
103532.859375
103363.953125
103205.625
103047.59375
102894.5234375
102750.7890625
102606.6640625
102471.1875
102335.171875
