25400.0
25400.0
25400.0
25038.625
24894.076171875
24894.076171875
24894.076171875
24896.38671875
24967.271484375
24980.798828125
24984.916015625
24987.58984375
24989.912109375
24991.978515625
24994.623046875
24997.3046875
24998.91015625
25000.220703125
24997.892578125
25005.08203125
29322.197265625
44901.51953125
60704.58203125
77199.546875
91587.453125
103780.9375
115805.3125
125051.078125
132489.234375
138638.390625
143130.65625
146821.203125
149465.65625
151378.671875
148873.796875
144544.671875
140602.546875
136893.28125
133504.625
130639.8515625
127782.9140625
125049.2265625
123741.0546875
122758.140625
121367.03125
119921.859375
118701.953125
118545.8515625
118660.9140625
118556.2578125
118655.9296875
118983.734375
119393.9453125
119781.140625
120142.8203125
120424.703125
120658.7578125
121003.8984375
121398.2734375
121821.25
122157.578125
122402.9296875
122478.9921875
122335.8671875
121992.8046875
121446.4453125
120911.8984375
120394.2578125
119910.359375
119400.5703125
118884.5625
118335.8671875
117787.90625
117261.5390625
116725.0546875
116214.4453125
115698.5546875
115196.40625
114754.34375
114277.1796875
113820.71875
113333.375
112888.453125
112452.6484375
112035.2734375
111646.4140625
111257.15625
110892.78125
110532.4453125
110184.6484375
109873.1796875
109535.859375
109217.84375
108899.4296875
108600.1328125
108299.59375
108007.2265625
107730.6953125
107452.875
107191.546875
106928.09375
106671.6953125
106445.953125
106202.96875
105974.4296875
105745.2578125
105529.546875
105311.8359375
105099.9140625
104900.4921875
104698.75
104509.1953125
104318.890625
104133.84375
103971.296875
103796.59375
103632.796875
103468.9375
103313.8671875
103158.6640625
103008.1328125
102866.2421875
102724.21875
102589.6875
102455.4296875
