25400.0
25400.0
25400.0
25148.544921875
24979.470703125
24979.470703125
24979.470703125
24979.470703125
25002.419921875
25044.9296875
25054.625
25058.0625
25060.142578125
25062.013671875
25065.13671875
25066.73828125
25067.923828125
25068.03125
25065.962890625
25074.919921875
31479.982421875
46744.140625
62994.94921875
78673.703125
92000.671875
104032.3984375
115149.828125
124601.2265625
131912.921875
137577.359375
142606.125
146342.125
149211.578125
151225.609375
152665.28125
150677.5625
146206.4375
141814.515625
138093.09375
134755.171875
131551.8125
128722.0390625
126937.71875
125724.9140625
124009.109375
122594.953125
121252.125
120800.3125
121003.1328125
120935.6640625
121028.3203125
121472.8046875
122090.9375
122678.9140625
123251.1328125
123786.7109375
124151.4296875
124511.1640625
124979.6875
125485.4296875
125877.296875
126154.9609375
126244.5390625
126100.4296875
125717.453125
125241.0703125
124554.34375
123928.40625
123285.09375
122653.6875
121996.78125
121339.734375
120709.203125
120066.046875
119455.8671875
118834.015625
118187.6640625
117635.59375
117057.1953125
116522.625
115992.171875
115495.5078125
115003.734375
114535.5390625
114095.6171875
113641.4375
113212.0546875
112780.1484375
112361.4765625
111993.7734375
111598.515625
111226.8515625
110853.3359375
110501.1953125
110147.171875
109802.5546875
109477.921875
109153.03125
108847.109375
108538.5625
108238.71875
107973.8515625
107689.0234375
107421.6328125
107151.9921875
106898.6015625
106643.796875
106396.4921875
106164.25
105931.890625
105713.03125
105493.6640625
105279.2265625
105091.140625
104888.75
104697.1171875
104505.0625
104324.25
104143.078125
103967.3671875
103802.1640625
103637.4140625
103482.1328125
103326.0703125
