25400.0
25400.0
25400.0
25160.3828125
24994.8046875
24994.8046875
24994.8046875
24994.8046875
24996.814453125
25053.4375
25065.671875
25069.55078125
25071.6953125
25073.56640625
25076.626953125
25078.177734375
25079.33203125
25079.4375
25077.337890625
25084.90625
31084.880859375
46379.2734375
62650.30859375
78375.5859375
91726.8984375
103776.6171875
114907.375
124369.3359375
131718.453125
137413.421875
142470.796875
146231.65625
149115.46875
151145.34375
152601.546875
151575.09375
146950.9375
142458.765625
138656.703125
135251.875
131969.09375
129083.453125
127360.9453125
126093.578125
124282.4140625
122863.6171875
121591.2890625
121077.9765625
121289.765625
121287.8203125
121440.0703125
121923.8828125
122550.984375
123139.6328125
123707.4296875
124247.328125
124579.1640625
124966.0
125457.671875
125972.2734375
126336.234375
126580.5859375
126613.4140625
126401.5703125
125955.171875
125421.2421875
124736.7734375
124098.84375
123437.359375
122789.8671875
122117.5859375
121448.0078125
120806.9296875
120155.21875
119537.3515625
118881.078125
118240.0859375
117691.5859375
117113.703125
116576.6015625
116043.953125
115546.25
115059.8125
114588.0
114136.1640625
113676.15625
113243.453125
112809.90625
112388.0703125
112018.046875
111620.90625
111246.921875
110870.90625
110516.1171875
110158.9453125
109813.40625
109486.9765625
109159.8515625
108851.4765625
108540.875
108238.4140625
107972.921875
107687.4609375
107417.6796875
107147.65625
106892.5546875
106637.1875
106389.3515625
106157.390625
105924.59375
105704.546875
105483.5625
105269.1171875
105080.25
104876.421875
104684.8125
104492.1171875
104311.109375
104129.8671875
103954.3984375
103789.5390625
103623.171875
103465.828125
103308.328125
