25400.0
25400.0
25400.0
25134.640625
24960.3046875
24960.3046875
24960.3046875
24960.3046875
25005.876953125
25030.4375
25036.53125
25039.251953125
25041.185546875
25042.89453125
25046.044921875
25047.65625
25048.818359375
25049.779296875
25047.337890625
25050.427734375
27890.708984375
41939.0625
57795.4609375
73734.078125
87585.140625
99903.0546875
111246.453125
121109.671875
128858.25
134741.125
140173.328125
144299.421875
147450.15625
149726.375
151435.40625
152647.75
148156.578125
143832.375
139887.4375
136296.90625
133188.0
130353.3671875
127427.3984375
126032.203125
124903.765625
123313.03125
121828.453125
120525.7421875
120018.296875
120171.8359375
120060.6015625
120235.8203125
120642.1484375
121055.6328125
121487.2265625
121896.4609375
122196.09375
122440.4765625
122795.21875
123211.265625
123622.8046875
123953.5390625
124186.0234375
124244.6640625
124076.71875
123743.1484375
123203.65625
122612.4140625
122065.25
121554.0703125
121005.453125
120438.25
119882.625
119308.421875
118757.2265625
118195.15625
117643.015625
117155.15625
116628.9453125
116133.28125
115633.9765625
115130.9453125
114628.7421875
114154.3046875
113715.125
113278.46875
112869.8125
112461.3984375
112077.046875
111730.5
111356.28125
111001.109375
110645.8984375
110310.84375
109973.9609375
109646.1953125
109337.109375
109026.25
108733.2578125
108437.5078125
108149.0234375
107894.375
107620.140625
107362.171875
107102.5234375
106857.4765625
106610.5703125
106369.9453125
106143.2421875
105915.515625
105701.4765625
105485.9453125
105275.2265625
105089.75
104889.8828125
104701.1640625
104511.5234375
104333.734375
104156.265625
103983.71875
103821.2578125
103657.8515625
103503.9296875
103349.4765625
