25400.0
25400.0
25400.0
25160.2421875
24993.689453125
24993.689453125
24993.689453125
24993.689453125
24993.689453125
25041.396484375
25055.98046875
25059.978515625
25061.982421875
25063.689453125
25066.548828125
25068.001953125
25069.005859375
25069.875
25067.736328125
25068.4453125
26176.59375
39602.64453125
55640.12109375
71465.828125
85759.8125
98228.21875
109668.8125
119662.359375
127535.9140625
133633.34375
139190.328125
143441.328125
146734.328125
149109.5625
150939.875
152311.078125
149563.21875
145196.21875
141079.90625
137341.875
134110.921875
131371.921875
128334.1171875
126232.7265625
125298.6640625
123929.5625
122288.0
120703.0390625
119957.1171875
120002.1015625
119961.8125
119999.625
120287.046875
120620.609375
120984.7578125
121349.5234375
121598.515625
121814.4921875
122131.8515625
122522.9921875
122925.53125
123263.1328125
123524.7578125
123628.21875
123506.9296875
123226.375
122710.1953125
122152.0
121625.8671875
121150.8125
120655.359375
120135.015625
119614.03125
119069.65625
118543.5234375
118004.546875
117472.734375
116999.859375
116488.84375
116006.4921875
115521.0546875
115061.8046875
114600.1875
114149.890625
113724.9375
113267.953125
112839.5625
112422.2421875
112023.9609375
111676.7734375
111302.1640625
110943.953125
110593.46875
110264.8515625
109936.4765625
109617.046875
109314.6875
109010.9765625
108723.546875
108433.4765625
108150.453125
107899.8515625
107629.5078125
107373.2578125
107116.421875
106873.6171875
106629.6015625
106392.25
106167.625
105941.5390625
105727.109375
105511.859375
105302.0546875
105117.140625
104917.4453125
104729.0625
104540.4140625
104362.078125
104183.890625
104011.203125
103848.5859375
103685.515625
103531.984375
103377.84375
