25400.0
25400.0
25400.0
25197.63671875
25070.158203125
25070.158203125
25070.158203125
25070.158203125
25070.158203125
25070.158203125
25070.158203125
25070.158203125
25072.251953125
25110.16015625
25118.49609375
25122.1328125
25123.517578125
25124.37890625
25124.796875
25122.529296875
25123.826171875
27863.044921875
42791.6875
59161.15625
75735.1796875
89563.2109375
101939.671875
113366.6171875
123031.03125
130609.78125
136437.0
141677.453125
145652.859375
148671.34375
150814.328125
152402.140625
151688.5625
147287.421875
142932.015625
139072.0
135572.03125
132545.828125
129719.0625
126846.859375
125637.9375
124508.65625
122876.9609375
121410.8203125
120324.6015625
120028.8515625
120167.203125
120131.4375
120426.078125
120861.4921875
121295.1875
121717.84375
122136.8671875
122428.7265625
122709.8125
123101.75
123563.0859375
123998.4453125
124363.3515625
124605.1953125
124644.4921875
124418.6953125
124039.2890625
123458.1640625
122871.625
122342.828125
121840.0390625
121306.9921875
120744.8125
120191.7421875
119618.8203125
119067.5859375
118504.640625
117950.1015625
117458.4765625
116927.921875
116427.6953125
115923.8359375
115449.375
114971.296875
114505.9140625
114035.3828125
113567.34375
113138.453125
112716.0234375
112308.4765625
111943.390625
111550.6484375
111187.5
110831.0859375
110495.6484375
110158.2109375
109829.125
109518.09375
109205.3828125
108909.6015625
108611.171875
108319.6640625
108061.515625
107783.4296875
107521.0078125
107256.125
107005.875
106753.28125
106507.9453125
106277.3125
106045.3125
105826.15625
105606.7265625
105392.2578125
105202.703125
104998.984375
104806.9453125
104614.015625
104432.2265625
104249.9453125
104072.546875
103905.796875
103739.0078125
103581.546875
103423.109375
