25400.0
25400.0
25400.0
25182.27734375
25098.517578125
25098.517578125
25098.517578125
25098.517578125
25098.517578125
25098.517578125
25098.517578125
25098.517578125
25100.689453125
25139.4765625
25148.625
25150.947265625
25152.0625
25149.876953125
25150.626953125
28323.59765625
44253.72265625
62085.5859375
79133.2421875
94071.234375
107157.1328125
118904.390625
128034.6484375
135097.65625
141033.984375
145511.703125
148515.0
150835.921875
152434.53125
151658.71875
146202.296875
141363.828125
137218.03125
133461.8125
129774.421875
128230.6953125
126366.5390625
124457.125
122808.0703125
121848.4921875
122084.3203125
122073.25
122358.1015625
122981.0703125
123704.890625
124318.9921875
124925.3203125
125302.1015625
125825.7421875
126416.9609375
126866.1875
127198.8984375
127258.4609375
126983.6328125
126441.609375
125672.1328125
124931.546875
124214.4140625
123455.4453125
122714.609375
121950.1796875
121194.734375
120523.7578125
119800.4609375
119121.03125
118394.4609375
117725.25
117073.984375
116454.3828125
115878.765625
115312.109375
114785.078125
114251.3125
113733.4375
113280.890625
112796.5078125
112341.4765625
111886.703125
111458.09375
111028.6796875
110611.765625
110221.0703125
109830.28125
109462.3125
109093.6171875
108735.921875
108422.03125
108085.75
107769.03125
107451.78125
107155.578125
106859.3359375
106573.5625
106304.359375
106035.7265625
105783.5390625
105530.71875
105285.5078125
105070.828125
104840.3046875
104624.609375
104409.46875
104207.25
104005.921875
103812.5625
103630.5703125
103448.40625
103277.90625
103107.296875
102939.8125
102792.984375
102636.25
102490.7109375
102345.8515625
102209.8515625
102074.6796875
101944.3515625
101822.1328125
101700.96875
101587.0234375
101473.5703125
