25400.0
25400.0
25400.0
25158.65625
25044.46875
25044.46875
25044.46875
25044.46875
25044.46875
25044.46875
25044.46875
25079.353515625
25099.54296875
25104.408203125
25107.6953125
25109.68359375
25110.78515625
25111.005859375
25108.96484375
25114.666015625
31222.294921875
48030.65234375
64755.61328125
81191.5859375
95431.921875
107440.046875
119292.5703125
128155.078125
135168.4375
141031.46875
145203.015625
148607.53125
150995.875
152661.203125
150910.796875
146089.9375
141493.421875
137598.328125
134156.390625
130919.0390625
127738.984375
126353.703125
125093.6640625
123226.859375
121758.3203125
120891.8671875
120869.4375
120871.78125
120884.71875
121219.734375
121867.8125
122566.171875
123210.515625
123829.1015625
124204.8125
124632.25
125138.6484375
125697.5234375
126110.0625
126392.21875
126423.8203125
126180.71875
125678.203125
125007.75
124315.8125
123658.2890625
123044.28125
122355.0859375
121686.0390625
120998.234375
120340.6875
119674.8046875
119024.4921875
118412.1484375
117747.4765625
117142.2734375
116551.921875
115988.828125
115498.53125
114974.6953125
114487.15625
114005.4140625
113545.2890625
113081.75
112633.84375
112213.7578125
111791.9375
111396.125
110998.140625
110611.375
110270.90625
109904.109375
109559.15625
109214.0078125
108888.1171875
108561.7109375
108243.3515625
107944.6640625
107644.984375
107362.4296875
107079.6015625
106804.40625
106562.625
106303.8828125
106060.734375
105818.1171875
105588.765625
105359.4296875
105136.8203125
104927.1328125
104716.5
104518.9296875
104320.359375
104127.828125
103959.0546875
103778.0390625
103607.8671875
103438.5546875
103279.4375
103120.28125
102965.4765625
102819.65625
102674.125
102537.6015625
102398.1640625
