25400.0
25400.0
24597.310546875
24753.4296875
24092.9140625
23679.802734375
23637.580078125
23644.80078125
23663.9921875
23696.478515625
23757.818359375
23871.474609375
24079.85546875
24552.87890625
24934.80078125
25083.11328125
25134.26171875
25154.701171875
25168.572265625
25179.990234375
25190.802734375
25203.08203125
25219.857421875
25235.05859375
25249.0
25260.734375
25270.337890625
25273.69140625
25430.736328125
25939.103515625
27732.716796875
31710.732421875
37255.69921875
43183.06640625
48767.140625
53752.6484375
57719.41015625
61687.41796875
65144.08203125
71107.8671875
77612.265625
84527.5234375
92714.546875
101296.4765625
111302.1484375
120256.828125
129222.59375
137832.578125
145776.59375
145690.890625
145369.171875
144857.484375
144043.453125
143249.75
142043.125
140686.734375
139191.671875
137700.71875
136234.25
135200.421875
134184.328125
133432.703125
132576.1875
131588.5
130576.3046875
129705.203125
128801.40625
127973.1875
127145.2109375
126329.6875
125591.8125
124557.40625
123431.390625
122268.359375
122208.0390625
121901.078125
121285.765625
120526.0078125
119814.9375
119141.703125
118488.5703125
118070.65625
117710.2734375
117420.890625
117097.9453125
116765.421875
116520.0625
116334.15625
116303.828125
116394.4453125
116437.6640625
116441.046875
116430.703125
116422.265625
116425.6796875
116424.3359375
116399.3203125
116371.125
116346.8046875
116393.625
116432.6953125
116454.0234375
116456.6875
116437.0703125
116391.90625
116277.1484375
116098.6484375
115935.5703125
115788.5390625
115638.5390625
115495.1484375
115340.265625
115141.5078125
114915.65625
114637.4453125
114355.421875
114094.7578125
113823.671875
113529.0390625
113275.7421875
112975.75
112634.859375
112313.84375
111995.4140625
