25400.0
25400.0
25400.0
25148.185546875
25030.763671875
25030.763671875
25030.763671875
25030.763671875
25030.763671875
25030.763671875
25047.466796875
25083.83203125
25091.458984375
25094.05859375
25096.794921875
25098.79296875
25099.98046875
25100.9609375
25099.32421875
25098.92578125
25376.525390625
39308.4609375
55591.28125
72064.2109375
87210.8828125
99705.46875
111936.7734375
121583.671875
129298.4609375
135985.109375
140855.140625
144927.0625
147819.703125
150007.875
151576.1875
152869.671875
147738.328125
143071.078125
138886.453125
135401.359375
131908.8125
128614.703125
127410.5625
126071.1953125
124202.390625
122398.6171875
121286.9765625
120997.65625
120905.1953125
120985.3359375
121380.4140625
121856.1640625
122309.6796875
122778.7265625
122977.703125
123299.2734375
123701.6640625
124174.5234375
124541.6875
124826.21875
124913.359375
124750.1484375
124344.4609375
123748.6796875
123102.421875
122519.1796875
121990.3125
121377.734375
120774.1015625
120145.34375
119540.5625
118922.3359375
118315.5859375
117742.8203125
117167.3828125
116625.2265625
116080.796875
115536.734375
115035.3671875
114513.6015625
114033.75
113559.0859375
113116.5859375
112682.3203125
112257.4140625
111856.125
111453.875
111075.65625
110696.140625
110327.3671875
110002.609375
109654.3671875
109325.1484375
108993.4375
108680.6328125
108365.953125
108060.6640625
107773.2890625
107484.671875
107212.484375
106938.9375
106672.875
106439.3984375
106188.8125
105951.8671875
105714.140625
105489.984375
105264.7578125
105046.484375
104841.7734375
104636.5234375
104444.59375
104252.109375
104065.34375
103900.9453125
103724.046875
103557.6484375
103390.2734375
103232.796875
103075.6171875
102923.4921875
102780.7109375
102638.328125
102504.640625
102371.484375
