25400.0
25400.0
25400.0
25161.79296875
24997.904296875
24997.8984375
24997.8984375
24997.8984375
24997.8984375
25016.296875
25050.06640625
25057.30078125
25059.83984375
25061.701171875
25064.39453125
25065.705078125
25066.71484375
25066.08984375
25064.576171875
25075.095703125
33750.82421875
49797.5859375
66266.734375
82014.1640625
95364.25
107333.6640625
118455.0390625
127491.1484375
134527.8125
139995.671875
144623.140625
148076.28125
150750.71875
152305.9375
147995.296875
144047.15625
140591.140625
136919.078125
133785.546875
130946.0546875
128449.46875
126034.421875
123619.203125
122530.6796875
121611.296875
120389.390625
119243.375
118410.5625
118295.890625
118437.4140625
118426.71875
118381.203125
118737.4453125
119155.1875
119656.3515625
120072.2734375
120502.40625
120812.0
121092.1875
121464.5859375
121891.7734375
122367.7734375
122745.5859375
123067.25
123223.25
123168.453125
122898.140625
122422.078125
121870.4921875
121341.8203125
120857.8125
120384.2578125
119916.5390625
119420.765625
118919.296875
118395.453125
117873.5703125
117406.25
116895.71875
116409.34375
115916.2734375
115450.59375
114981.9453125
114525.3046875
114094.265625
113660.6171875
113251.5078125
112829.984375
112397.7890625
112026.4453125
111636.859375
111274.5
110913.578125
110570.6640625
110223.390625
109884.0546875
109566.3515625
109251.875
108961.5390625
108670.0703125
108386.125
108135.796875
107865.28125
107609.3828125
107350.5390625
107105.7734375
106858.34375
106616.375
106388.484375
106159.7578125
105942.1796875
105723.0546875
105509.6328125
105321.3046875
105118.890625
104928.3671875
104736.40625
104555.0625
104372.90625
104195.328125
104027.265625
103858.515625
103699.4453125
103540.2421875
