25400.0
25400.0
25400.0
25106.966796875
24924.552734375
24924.55078125
24924.55078125
24937.4765625
24989.216796875
24999.3828125
25002.873046875
25005.125
25006.98046875
25008.6796875
25011.771484375
25013.400390625
25014.62890625
25015.0546875
25012.921875
25020.53515625
30478.69921875
45885.9140625
61661.3046875
77572.4765625
91094.4609375
103271.3046875
114555.140625
124037.8671875
131456.484375
137210.140625
142233.96875
146046.03125
148985.46875
151063.90625
150296.84375
146141.796875
142500.125
138886.734375
135543.421875
132472.921875
129784.8125
127472.8828125
124915.8359375
122988.09375
122281.28125
121360.7421875
119880.8046875
118703.9453125
118218.671875
117947.8046875
118091.6640625
118044.3046875
118263.953125
118597.2421875
118993.1953125
119323.828125
119672.140625
119913.4453125
120117.28125
120409.0
120762.5390625
121182.515625
121532.1875
121843.3515625
122049.3984375
122087.1484375
121902.9765625
121554.3046875
121060.046875
120547.8125
120080.7890625
119638.296875
119206.5546875
118746.546875
118285.1953125
117791.9453125
117297.109375
116852.515625
116366.4453125
115901.9765625
115429.8984375
114982.78125
114532.4296875
114093.8984375
113679.4609375
113262.140625
112868.1484375
112471.21875
112072.75
111704.640625
111319.2421875
110965.3828125
110614.8671875
110286.9609375
109958.125
109635.578125
109326.703125
109016.6484375
108732.765625
108449.953125
108175.1796875
107932.6484375
107670.546875
107422.1171875
107171.4375
106934.3828125
106695.46875
106461.9921875
106240.84375
106018.8125
105808.0546875
105596.4453125
105390.4296875
105209.359375
105013.8125
104828.1640625
104640.84375
104463.796875
104285.453125
104111.6953125
103947.8984375
103783.8125
103628.921875
103473.1328125
