25400.0
25400.0
25400.0
25174.03125
25043.833984375
25043.83203125
25043.83203125
25043.83203125
25043.83203125
25043.83203125
25082.81640625
25101.51953125
25106.1875
25109.59375
25111.5546875
25112.69140625
25112.5859375
25110.779296875
25119.73828125
32898.01171875
49671.64453125
66410.578125
82543.9140625
96593.1796875
108452.5546875
120144.203125
128780.3828125
135766.59375
141539.828125
145565.59375
148872.875
151203.671875
152821.046875
151236.671875
146200.171875
141570.9375
137639.234375
134206.375
130775.2734375
127886.1171875
126701.8984375
125187.7109375
123344.3828125
121806.0
121334.625
121619.8671875
121609.1015625
121803.4609375
122271.0546875
123007.0390625
123757.5
124443.453125
125117.5703125
125475.21875
125985.359375
126553.2734375
127096.515625
127453.671875
127606.046875
127466.4296875
127055.921875
126442.4375
125693.6640625
124959.8359375
124222.1875
123549.3984375
122803.78125
122087.0
121356.9609375
120664.4375
119947.265625
119223.6484375
118564.15625
117918.8515625
117322.2265625
116729.3359375
116158.3125
115671.03125
115143.9453125
114641.9140625
114136.4921875
113662.9765625
113188.453125
112729.171875
112297.7109375
111865.5546875
111458.7265625
111050.421875
110653.9765625
110306.421875
109931.9296875
109579.4921875
109224.90625
108893.0625
108561.40625
108238.0078125
107934.6875
107630.1875
107344.484375
107058.8125
106781.703125
106538.1796875
106276.8046875
106031.1796875
105785.4375
105554.6015625
105322.6328125
105098.7265625
104888.640625
104678.15625
104480.21875
104281.90625
104088.1171875
103915.859375
103732.203125
103561.25
103390.984375
103231.328125
103072.078125
102917.921875
102773.3671875
102628.2421875
102491.828125
102355.171875
