25400.0
25400.0
25400.0
25113.349609375
24966.38671875
24966.38671875
24966.38671875
24966.38671875
24966.38671875
24988.611328125
25026.546875
25034.9453125
25037.9765625
25039.896484375
25041.55859375
25044.5859375
25046.052734375
25047.173828125
25046.89453125
25045.14453125
25056.748046875
33119.984375
48964.72265625
65188.44921875
80935.75
94347.7265625
106394.0390625
117565.9296875
126802.6875
134023.171875
139389.28125
144153.28125
147693.25
150422.53125
152297.359375
148707.15625
144660.453125
141138.75
137403.875
134212.21875
131319.5625
128769.09375
126309.9609375
123867.6015625
122853.2109375
121883.84375
120613.234375
119436.6171875
118565.9453125
118443.828125
118575.1015625
118558.1875
118500.515625
118851.1640625
119266.4140625
119766.5859375
120190.46875
120623.2890625
120930.65625
121210.40625
121576.5234375
121991.9765625
122452.65625
122810.34375
123108.2109375
123242.03125
123177.875
122884.046875
122424.4765625
121860.5703125
121332.6484375
120837.9921875
120349.1875
119866.0546875
119347.3984375
118832.9921875
118300.6796875
117773.03125
117301.2578125
116787.046875
116298.203125
115804.765625
115339.1953125
114870.828125
114414.6796875
113982.7421875
113514.078125
113082.9765625
112661.9765625
112258.765625
111906.171875
111528.75
111174.1171875
110816.890625
110473.5859375
110133.625
109807.1015625
109501.5859375
109193.375
108902.6796875
108609.78125
108324.28125
108072.6171875
107801.75
107544.234375
107285.21875
107040.2421875
106793.5859375
106552.7734375
106325.9140625
106097.546875
105881.3828125
105663.8359375
105452.3671875
105265.5546875
105064.703125
104875.2734375
104685.1953125
104505.234375
104324.09375
104147.7890625
103981.0703125
103813.8359375
103656.09375
103497.9765625
