25400.0
25400.0
25400.0
25134.451171875
25039.0703125
25039.068359375
25039.068359375
25039.068359375
25039.068359375
25039.068359375
25063.3828125
25094.84765625
25101.60546875
25104.376953125
25107.458984375
25108.892578125
25110.01953125
25108.005859375
25108.677734375
27584.552734375
42691.5390625
60074.91015625
77115.8203125
92111.484375
105210.203125
117151.3671875
126468.5078125
133716.46875
139847.46875
144502.015625
147629.8125
150075.390625
151793.4375
151978.90625
146682.453125
141798.953125
137583.765625
133946.9375
130233.4609375
128078.375
126468.4375
124574.0546875
122951.9375
121712.78125
121476.703125
121319.1640625
121431.328125
121997.3046875
122673.0390625
123261.578125
123841.3359375
124159.0546875
124581.125
125104.34375
125573.8515625
125945.3671875
126127.3125
126028.3984375
125638.7734375
125017.8125
124281.796875
123607.375
122897.15625
122199.8125
121473.921875
120751.5625
120106.09375
119406.4453125
118747.828125
118088.0625
117423.4140625
116773.3515625
116160.8515625
115595.4765625
115035.0390625
114518.6875
114011.984375
113509.8359375
113066.8125
112592.609375
112148.1796875
111703.40625
111285.3984375
110866.7265625
110461.1328125
110079.3125
109697.9375
109338.9765625
108980.0546875
108632.125
108325.265625
107995.1796875
107685.4140625
107376.03125
107085.7265625
106795.1484375
106513.8359375
106249.1484375
105985.3125
105737.84375
105490.25
105249.828125
105038.7890625
104812.1953125
104599.46875
104386.9765625
104188.5
103990.1328125
103798.546875
103618.5703125
103439.1328125
103270.7578125
103101.625
102937.9921875
102794.171875
102641.4765625
102496.265625
102350.4609375
102215.0390625
102080.21875
101950.1328125
101828.796875
101708.0390625
101594.9609375
101482.4140625
