25400.0
25400.0
25400.0
25143.681640625
25021.421875
25021.421875
25021.421875
25021.421875
25021.421875
25021.421875
25028.716796875
25072.306640625
25081.404296875
25084.28515625
25086.14453125
25088.97265625
25090.359375
25091.3359375
25092.03125
25089.65625
25090.951171875
27652.9140625
42068.828125
58254.71484375
74500.6875
88394.96875
100770.7890625
112177.796875
121990.5703125
129691.328125
135519.453125
140888.828125
144957.53125
148048.859375
150263.515625
151914.484375
152576.8125
148037.875
143639.140625
139702.25
136129.1875
133040.171875
130170.9453125
127252.71875
126008.8359375
124851.390625
123178.96875
121730.8046875
120564.9375
120130.9453125
120284.7734375
120244.875
120511.1953125
120933.8671875
121357.71875
121784.6328125
122199.4296875
122483.3515625
122754.59375
123133.078125
123574.1015625
123991.28125
124331.6796875
124553.2890625
124582.0234375
124362.875
124004.34375
123411.84375
122821.9921875
122279.390625
121762.1328125
121207.3359375
120634.0390625
120072.828125
119493.6171875
118937.7578125
118371.0078125
117814.28125
117322.390625
116791.984375
116292.1640625
115789.109375
115315.21875
114797.2265625
114308.3359375
113859.890625
113415.8984375
113002.1328125
112588.3046875
112184.46875
111833.546875
111455.5703125
111100.546875
110744.296875
110407.625
110069.2421875
109739.046875
109428.0546875
109115.25
108819.1328125
108521.34375
108229.7734375
107973.1484375
107696.46875
107435.875
107172.53125
106924.4921875
106674.4296875
106431.1015625
106202.640625
105972.2578125
105756.015625
105537.6875
105325.3125
105137.2421875
104935.140625
104745.015625
104553.984375
104374.34375
104193.921875
104019.0625
103854.046875
103689.09375
103533.375
103376.9921875
