25400.0
25400.0
25400.0
25113.603515625
24966.525390625
24966.525390625
24966.525390625
24966.525390625
24966.525390625
24997.3671875
25030.7578125
25038.48046875
25041.42578125
25043.359375
25045.03515625
25048.138671875
25049.673828125
25050.82421875
25051.09765625
25048.955078125
25056.001953125
30686.4453125
46177.16015625
62288.01171875
78195.6796875
91703.65625
103870.5234375
115134.9453125
124637.3984375
132105.8125
137624.234375
142678.984375
146456.984375
149350.890625
151377.953125
152243.421875
147668.796875
143875.484375
139854.265625
136375.625
133217.640625
130444.0234375
127803.2578125
125182.2734375
124191.28125
123111.5703125
121640.8515625
120312.7421875
119372.9609375
119169.296875
119310.421875
119218.3984375
119313.875
119727.3515625
120165.0625
120657.5703125
121085.1640625
121512.3203125
121737.390625
122059.5390625
122465.625
122904.4453125
123307.1484375
123618.234375
123812.296875
123804.671875
123597.765625
123187.421875
122629.0
122041.765625
121534.46875
121019.0703125
120488.203125
119954.2265625
119396.8515625
118856.4375
118303.9765625
117758.875
117273.4921875
116748.671875
116252.90625
115754.3359375
115284.125
114790.578125
114297.921875
113847.5859375
113404.4296875
112991.7578125
112579.671875
112181.1015625
111830.375
111454.859375
111101.5625
110746.15625
110411.1171875
110075.1796875
109747.5546875
109438.6328125
109127.6640625
108834.4765625
108539.546875
108252.28125
107998.2578125
107724.1953125
107465.1796875
107204.4765625
106959.1640625
106712.1171875
106470.546875
106242.9921875
106014.1796875
105798.328125
105581.6484375
105370.5390625
105184.8828125
104984.59375
104795.2890625
104605.1796875
104425.328125
104244.796875
104069.3046875
103904.2890625
103738.8984375
103582.9921875
103427.0078125
