25400.0
25400.0
25400.0
25155.328125
25018.236328125
25018.236328125
25018.236328125
25018.236328125
25018.236328125
25018.236328125
25023.33203125
25069.38671875
25079.1640625
25082.2265625
25084.220703125
25087.0625
25088.439453125
25089.462890625
25088.78125
25087.205078125
25098.82421875
34029.85546875
50109.99609375
66658.53125
82256.703125
95570.4609375
107532.484375
118613.296875
127767.1328125
134864.078125
140096.109375
144771.578125
148214.375
150864.1875
152670.984375
150768.59375
146404.90625
142380.25
138456.125
135085.9375
132109.90625
129209.09375
126642.546875
124975.9453125
123959.4609375
122440.1875
121089.2578125
119873.9453125
119822.75
120013.765625
119976.3671875
119986.328125
120319.84375
120898.3671875
121470.53125
122062.3359375
122589.3203125
123076.0625
123407.3828125
123851.09375
124353.4453125
124842.328125
125223.3203125
125471.2734375
125513.84375
125299.078125
124915.9921875
124313.9453125
123684.0703125
123091.0625
122526.984375
121923.765625
121309.515625
120712.7109375
120099.859375
119513.9609375
118918.1015625
118334.8203125
117819.921875
117264.9921875
116700.21875
116145.328125
115637.71875
115136.9140625
114655.109375
114203.9921875
113751.8828125
113328.4140625
112904.125
112490.875
112125.984375
111735.0703125
111367.4921875
110998.3046875
110650.2109375
110299.3203125
109957.8515625
109635.640625
109311.4140625
109004.765625
108697.5
108398.2734375
108135.3671875
107850.578125
107582.40625
107311.8203125
107057.1484375
106801.1015625
106551.796875
106317.5546875
106081.328125
105858.90625
105636.3125
105420.1953125
105230.2734375
105025.84375
104833.0
104639.53125
104456.8203125
104272.640625
104093.6015625
103925.1484375
103756.1328125
103596.3125
103436.6953125
