25400.0
25400.0
25400.0
24871.4609375
24594.61328125
24580.92578125
24257.4453125
23846.94921875
23738.822265625
23710.970703125
23706.876953125
23710.833984375
23721.099609375
23735.240234375
23756.169921875
23789.39453125
23848.09765625
23940.005859375
24114.9296875
24412.37890625
24901.576171875
25082.353515625
25150.796875
25181.763671875
25204.18359375
25222.583984375
25238.97265625
25253.296875
25265.380859375
25275.91015625
25284.755859375
25291.923828125
25298.49609375
25302.45703125
25306.927734375
25309.7890625
25313.91796875
25313.59375
25311.12890625
25497.55078125
25954.515625
27541.779296875
30736.87890625
35278.6015625
40807.90234375
46421.0
52803.68359375
60310.0546875
68898.6015625
76379.515625
85648.46875
94880.2734375
103525.0859375
112324.953125
121453.0703125
130885.2890625
139434.859375
146974.3125
155003.671875
159338.171875
158082.046875
156627.03125
154850.875
152788.859375
150715.671875
148933.546875
147095.9375
145707.5625
144231.28125
142867.03125
141366.9375
139978.328125
138592.8125
137263.84375
135997.625
134514.0625
132854.859375
131192.765625
131030.5546875
130312.9765625
129123.46875
128045.5
126943.6796875
126051.53125
125344.390625
124873.984375
124368.6953125
123856.1328125
123491.5625
123220.796875
123285.2265625
123339.71875
123333.3125
123304.8828125
123278.359375
123269.03125
123230.5
123178.8984375
123129.2109375
123148.765625
123205.5625
123228.171875
123215.0390625
123164.828125
123075.1484375
122857.609375
122602.890625
122373.390625
122138.59375
121890.046875
121621.3046875
121277.8125
120887.484375
120453.5546875
120019.125
119546.1171875
119056.390625
118604.8515625
118074.3203125
117530.328125
116983.296875
116473.0
115963.46875
115465.171875
114978.15625
114521.3046875
114093.09375
113655.234375
