25400.0
25400.0
25400.0
25211.80078125
25108.40625
25108.40625
25108.40625
25108.40625
25108.40625
25108.40625
25108.40625
25108.40625
25127.482421875
25151.255859375
25156.001953125
25157.51953125
25155.767578125
25155.626953125
26354.349609375
41290.046875
58788.015625
75960.4296875
91080.515625
104239.7265625
116201.8671875
125562.7890625
132817.828125
139071.203125
143857.0
147057.296875
149590.765625
151399.265625
153394.390625
148700.390625
143447.421875
138987.8125
135251.640625
131358.09375
128874.03125
127289.8046875
125321.8046875
123623.1484375
122276.5390625
121925.4921875
121729.6328125
121933.2578125
122517.9296875
123188.203125
123732.2890625
124231.2734375
124545.6796875
125002.0859375
125542.359375
125977.1484375
126326.7578125
126438.25
126227.2890625
125755.0078125
125021.4140625
124311.03125
123656.2109375
122951.21875
122256.6328125
121533.9453125
120815.3359375
120173.78125
119478.546875
118823.5859375
118167.203125
117551.2109375
116912.7890625
116275.1796875
115695.2421875
115125.8046875
114598.2890625
114073.9296875
113570.296875
113128.109375
112656.875
112214.890625
111771.6171875
111354.4453125
110936.1015625
110529.3984375
110147.0546875
109763.578125
109404.203125
109043.734375
108692.1796875
108382.96875
108050.3046875
107738.6640625
107427.234375
107134.421875
106841.1953125
106557.6484375
106291.0546875
106025.125
105775.5234375
105524.640625
105281.4765625
105067.6875
104838.453125
104623.9140625
104409.7421875
104209.421875
104009.4453125
103816.3125
103635.3203125
103454.390625
103284.640625
103114.734375
102950.1640625
102807.1640625
102653.5546875
102510.0546875
102366.578125
102232.9609375
102100.046875
101971.703125
101851.7890625
101729.1953125
101615.0546875
101502.1953125
