25400.0
25400.0
25400.0
25119.912109375
24974.251953125
24974.251953125
24974.251953125
24974.251953125
24974.251953125
24998.1484375
25036.72265625
25045.349609375
25048.470703125
25050.4296875
25052.1171875
25055.203125
25056.748046875
25057.875
25058.390625
25056.078125
25061.337890625
29616.69140625
44839.3359375
60850.9140625
76891.0625
90467.953125
102701.6796875
114006.8671875
123628.8359375
131186.046875
136815.921875
141996.8125
145879.21875
148848.90625
150941.703125
152469.375
149446.875
145402.21875
141217.71875
137576.90625
134270.140625
131379.25
128637.1796875
125913.4375
124904.359375
123772.046875
122215.125
120839.0390625
119817.0
119562.3359375
119704.53125
119633.1796875
119808.0
120236.4140625
120672.8828125
121142.5625
121567.8203125
121949.2265625
122191.1953125
122540.828125
122962.234375
123408.4140625
123775.75
124052.1484375
124179.3125
124087.2734375
123805.484375
123322.7578125
122735.8203125
122167.640625
121654.359375
121120.625
120559.09375
120007.890625
119436.5546875
118886.75
118325.59375
117772.515625
117281.8359375
116753.1953125
116254.25
115752.515625
115257.0234375
114748.5234375
114269.0
113825.90625
113386.015625
112974.2109375
112562.65625
112163.7421875
111819.3046875
111443.4765625
111087.5703125
110731.140625
110394.7265625
110056.8125
109727.4140625
109416.3984375
109104.40625
108810.1796875
108513.5703125
108224.609375
107969.234375
107693.671875
107434.0703125
107173.1171875
106927.15625
106678.375
106437.1875
106208.21875
105979.6484375
105763.9765625
105547.328125
105336.1640625
105150.34375
104949.6171875
104760.0390625
104569.546875
104390.5390625
104210.671875
104035.6953125
103871.3671875
103706.40625
103551.2890625
103395.9140625
