25400.0
25400.0
25400.0
25062.890625
24867.17578125
24867.173828125
24873.478515625
24945.44921875
24959.93359375
24964.337890625
24967.13671875
24969.541015625
24971.7109375
24973.701171875
24977.048828125
24979.037109375
24980.548828125
24978.57421875
24982.08984375
27239.021484375
41021.81640625
56554.33203125
72989.0625
87659.65625
100470.296875
111982.3828125
122669.140625
131268.4375
137940.265625
142851.640625
147002.515625
150007.96875
150681.578125
146847.921875
143130.296875
139765.6875
136444.671875
133243.578125
130474.484375
127962.9765625
125597.234375
123482.5
121728.3046875
121117.3125
120092.25
118868.6875
118279.3828125
117870.484375
117729.6953125
117932.1953125
117930.0859375
117997.6328125
118334.5078125
118823.6328125
119414.9296875
119973.625
120478.921875
120955.234375
121297.9453125
121647.828125
122065.84375
122539.625
122966.421875
123304.1796875
123524.796875
123569.03125
123400.1484375
123037.53125
122516.9453125
121928.234375
121377.1171875
120848.3671875
120332.90625
119782.921875
119241.7734375
118683.28125
118130.375
117638.0234375
117102.515625
116594.6640625
116055.75
115539.7109375
115036.7890625
114557.1953125
114111.703125
113668.1171875
113251.8515625
112834.8046875
112430.1171875
112074.1171875
111695.5859375
111342.59375
110983.234375
110640.7890625
110293.8671875
109958.25
109642.21875
109325.1171875
109025.9453125
108725.2109375
108432.96875
108175.2109375
107897.0703125
107634.59375
107371.1875
107122.296875
106872.6875
106630.3359375
106401.609375
106170.3828125
105952.6015625
105733.046875
105519.1484375
105331.234375
105128.8125
104938.5234375
104746.7734375
104566.7421875
104385.3984375
104208.9296875
104042.921875
103876.1953125
103719.328125
103561.6640625
