25400.0
25400.0
25400.0
25258.314453125
25191.7890625
25191.787109375
25191.787109375
25191.787109375
25191.787109375
25191.787109375
25191.787109375
25191.787109375
25191.787109375
25191.787109375
25191.787109375
25191.787109375
25191.787109375
25191.787109375
25191.787109375
25191.787109375
35832.6484375
53842.6875
71190.8671875
87397.9609375
100850.296875
113260.5234375
122980.7109375
130612.734375
137252.796875
142328.015625
145808.96875
148565.25
150616.109375
152153.859375
154138.1875
147927.140625
142824.796875
138647.71875
134458.859375
131014.6328125
129503.515625
127324.25
125488.6328125
123883.84375
122971.7109375
122722.140625
122989.6875
123550.4453125
124140.234375
124646.6640625
124997.2578125
125329.03125
125807.328125
126347.53125
126721.0703125
126979.6015625
126938.0234375
126534.3984375
125906.3046875
125158.9140625
124487.28125
123819.8984375
123103.25
122398.1015625
121666.8359375
120941.1953125
120295.1875
119597.8359375
118941.9609375
118284.421875
117666.953125
117047.578125
116441.2265625
115833.5078125
115245.265625
114705.9453125
114161.5078125
113648.90625
113207.34375
112736.75
112292.90625
111848.734375
111430.1796875
111009.828125
110601.4140625
110216.65625
109831.1015625
109467.46875
109101.65625
108746.21875
108433.84375
108099.6953125
107784.8046875
107470.5078125
107174.8984375
106879.4921875
106593.140625
106324.3984375
106054.6171875
105800.9765625
105547.2109375
105301.5078125
105086.1875
104856.5234375
104640.9765625
104426.3359375
104226.1640625
104026.21875
103832.28125
103650.8125
103470.578125
103301.34375
103132.96875
102970.6640625
102828.78125
102677.5078125
102536.3203125
102395.6484375
102264.4921875
102133.4140625
102009.078125
101894.0234375
101780.734375
101674.1796875
101566.3125
