25400.0
25400.0
25400.0
25267.431640625
25178.73046875
25178.73046875
25178.73046875
25178.73046875
25178.73046875
25178.73046875
25178.73046875
25178.73046875
25178.73046875
25178.73046875
25178.73046875
25178.73046875
25178.73046875
25178.73046875
25178.73046875
25178.73046875
25757.57421875
40982.9765625
58009.33984375
75247.03125
90143.2734375
102578.8984375
114783.296875
124127.4765625
131536.40625
137993.640625
142664.6875
146521.1875
149232.75
151229.875
152638.734375
154114.546875
148437.8125
143634.71875
139372.890625
135684.390625
131903.5625
129615.2421875
128167.6171875
126196.7421875
124415.0234375
123096.6015625
122686.234375
122554.046875
122672.0859375
123235.53125
123933.9140625
124538.6796875
125106.734375
125486.0546875
125846.1875
126359.1953125
126912.265625
127346.6171875
127621.6328125
127624.765625
127295.25
126742.3125
125983.5234375
125319.0546875
124645.0
123945.4921875
123300.515625
122583.1328125
121891.828125
121186.671875
120516.703125
119842.7265625
119187.3515625
118570.9140625
117952.8046875
117333.609375
116718.8984375
116138.9921875
115637.859375
115098.1171875
114590.5859375
114095.8359375
113633.640625
113172.0625
112723.9296875
112301.734375
111877.0859375
111475.5390625
111071.515625
110678.71875
110334.0390625
109961.7421875
109611.765625
109258.9453125
108927.3828125
108594.703125
108270.53125
107966.03125
107660.4296875
107373.9375
107087.21875
106809.1328125
106564.7734375
106302.0234375
106054.796875
105806.1953125
105572.7734375
105338.4609375
105111.2890625
104898.28125
104685.828125
104485.078125
104285.4765625
104092.15625
103922.625
103740.859375
103570.734375
103400.96875
103241.125
103081.3359375
102926.296875
102782.1171875
102637.5859375
102501.59375
102365.8203125
