25400.0
25400.0
25400.0
25211.263671875
25109.7578125
25109.7578125
25109.7578125
25109.7578125
25109.7578125
25109.7578125
25109.7578125
25109.7578125
25109.7578125
25109.7578125
25126.48046875
25150.01171875
25154.96875
25156.01171875
25154.0703125
25155.853515625
29184.6328125
45940.67578125
62846.72265625
79720.8046875
94161.6484375
106331.6015625
118311.734375
127320.90625
134364.296875
140341.375
144677.765625
148198.84375
150682.21875
152432.609375
152942.34375
147892.84375
143053.46875
138992.921875
135358.296875
132041.078125
128726.890625
127006.2421875
125737.5625
123875.8515625
122364.28125
121297.5625
121201.5703125
121183.640625
121198.6796875
121586.21875
122232.9296875
122911.375
123505.140625
124083.4609375
124392.90625
124848.03125
125366.515625
125915.5390625
126315.2265625
126561.3046875
126527.484375
126198.2109375
125631.453125
124929.078125
124270.515625
123633.9921875
123032.921875
122356.3359375
121695.9140625
121016.9921875
120366.6796875
119707.515625
119063.5234375
118457.265625
117848.2578125
117272.734375
116652.0078125
116069.0546875
115568.875
115039.921875
114546.90625
114049.4921875
113581.296875
113119.796875
112675.8203125
112259.421875
111841.5
111447.9453125
111052.7421875
110666.9921875
110326.2109375
109959.2109375
109614.1953125
109268.5390625
108941.9921875
108614.2890625
108294.9609375
107994.2890625
107692.8203125
107408.6015625
107123.8125
106846.75
106603.796875
106343.171875
106098.546875
105853.2890625
105622.1484375
105390.8515625
105165.96875
104953.6875
104741.2578125
104541.671875
104341.15625
104147.140625
103977.25
103794.6171875
103623.046875
103452.3828125
103291.5859375
103130.28125
102974.5703125
102828.6484375
102682.703125
102544.8515625
102407.5
