25400.0
25400.0
25400.0
25009.564453125
24795.248046875
24795.248046875
24879.0390625
24903.623046875
24909.6953125
24912.798828125
24915.546875
24918.18359375
24920.56640625
24922.806640625
24926.021484375
24928.55078125
24930.330078125
24930.61328125
24929.224609375
24971.236328125
34548.5703125
49162.1171875
64833.6640625
80032.71875
93207.328125
105128.6484375
116176.9140625
125520.421875
132884.484375
138280.65625
143134.671875
146743.796875
149557.921875
150819.375
146777.75
143055.53125
139785.078125
136317.859375
133273.765625
130492.609375
128050.296875
125809.125
123460.8046875
121921.359375
121184.046875
120272.09375
118995.1640625
118123.9375
117620.4453125
117402.0703125
117530.1640625
117495.390625
117548.953125
117849.2734375
118253.5625
118659.3203125
119043.40625
119406.3046875
119619.953125
119849.8125
120160.0390625
120529.9921875
120915.5390625
121228.0703125
121482.84375
121614.84375
121596.8125
121400.2734375
121042.8828125
120544.1328125
120008.1640625
119533.3359375
119088.9140625
118623.8515625
118159.9921875
117663.765625
117166.8984375
116719.5546875
116231.15625
115765.359375
115292.40625
114844.8203125
114394.046875
113951.2890625
113501.40625
113062.2265625
112658.640625
112260.1015625
111875.0703125
111537.9609375
111175.3515625
110834.28125
110492.921875
110176.75
109861.9609375
109555.078125
109261.0
108959.796875
108675.40625
108388.125
108109.7578125
107864.828125
107600.7578125
107352.265625
107101.734375
106865.4765625
106627.4765625
106395.9375
106177.265625
105956.796875
105749.4453125
105540.46875
105337.140625
105158.25
104965.6015625
104783.921875
104600.1953125
104426.6484375
104252.2265625
104081.921875
103920.8515625
103759.1328125
103606.4296875
103452.8984375
