25400.0
25400.0
25400.0
25250.92578125
25182.310546875
25182.310546875
25182.310546875
25182.310546875
25182.310546875
25182.310546875
25182.310546875
25182.310546875
25182.310546875
25182.310546875
25182.310546875
25182.310546875
25182.310546875
25182.310546875
25182.310546875
25182.310546875
36006.09375
53947.00390625
71339.3046875
87548.125
101022.8828125
113403.796875
123069.5078125
130790.15625
137370.59375
142424.03125
145896.859375
148649.671875
150718.046875
152236.0
152813.1875
146897.265625
141957.984375
137892.859375
133885.640625
130230.40625
128898.421875
126938.53125
125056.578125
123290.4453125
122246.46875
122119.5625
122254.5703125
122690.1015625
123220.0
123684.984375
124070.09375
124360.328125
124793.3359375
125321.8515625
125727.4296875
126068.7890625
126156.5859375
125901.3671875
125390.9140625
124677.328125
124009.921875
123398.0703125
122742.6484375
122080.203125
121386.1171875
120693.5390625
120071.09375
119393.828125
118755.1171875
118114.109375
117511.21875
116906.734375
116319.9375
115768.1875
115214.3984375
114659.171875
114110.5
113588.0
113130.5625
112648.5
112211.515625
111776.703125
111367.6015625
110957.703125
110559.28125
110183.34375
109805.3984375
109448.1640625
109089.890625
108742.0703125
108433.9375
108103.0859375
107791.671875
107480.921875
107188.90625
106896.03125
106611.921875
106344.5390625
106076.703125
105825.2890625
105573.8828125
105330.3671875
105115.78125
104887.1953125
104672.7421875
104458.3984375
104257.8203125
104057.015625
103863.6953125
103682.4375
103502.2734375
103334.3515625
103167.0703125
103005.8203125
102865.2265625
102714.765625
102574.8046875
102435.4140625
102305.5703125
102175.6796875
102051.5703125
101936.46875
101824.359375
101720.1875
101617.640625
