25400.0
25400.0
25400.0
25400.0
25400.0
25400.0
25400.0
25400.0
25400.0
25400.0
25400.0
25400.0
25400.0
25400.0
25400.0
25400.0
25400.0
25400.0
30602.240234375
53122.97265625
73246.625
88703.40625
103183.453125
114789.6796875
124162.1015625
131924.09375
137599.78125
142109.578125
145450.296875
147716.453125
149582.984375
151203.875
150261.546875
145390.21875
141034.3125
136667.21875
132762.796875
128914.15625
125384.34375
123706.625
121560.9609375
119878.75
118777.4921875
117911.9453125
117794.671875
117926.03125
118252.109375
118695.0703125
119166.9140625
119478.0078125
119508.0703125
119475.2109375
119319.4453125
119091.3203125
118759.3359375
118381.9140625
117945.6171875
117490.8359375
116995.7734375
116627.765625
116253.78125
115810.6015625
115340.4453125
114830.3359375
114331.3203125
113916.9296875
113500.0390625
113149.3984375
112862.875
112645.5625
112475.6875
112350.9609375
112266.453125
112213.0234375
112195.7421875
112208.34375
112307.3046875
112468.453125
112626.0
112746.3515625
112850.6953125
112949.78125
113040.5078125
113113.8046875
113168.515625
113164.0859375
113028.34375
112945.2578125
112892.359375
112844.3359375
112815.484375
112770.8203125
112710.546875
112642.7578125
112561.9453125
112471.5625
112371.96875
112258.9140625
112139.1328125
111976.5859375
111839.9921875
111716.5078125
111655.1875
111598.28125
111640.3125
111652.203125
111647.9296875
111628.8359375
111596.7578125
111547.3984375
111483.625
111404.6953125
111380.1171875
111338.4609375
111267.625
111183.4140625
111084.1953125
110979.0859375
110862.890625
110742.5234375
110622.8828125
110496.6328125
110371.6484375
110235.28125
