25400.0
25400.0
25280.7890625
24590.833984375
24742.73046875
24214.74609375
23525.1015625
23428.46484375
23343.611328125
23321.44921875
23330.92578125
23360.669921875
23419.01171875
23530.73046875
23763.837890625
24107.38671875
24644.119140625
24899.560546875
24998.228515625
25047.25390625
25079.064453125
25108.6953125
25156.7265625
25188.708984375
25208.849609375
25224.751953125
25238.515625
25249.904296875
25259.36328125
25267.90234375
25275.9609375
25282.162109375
25287.849609375
25292.76953125
25296.3359375
25299.751953125
25302.673828125
25304.552734375
25306.2890625
25307.916015625
25306.861328125
25303.0703125
25445.330078125
25805.54296875
26783.4140625
29071.431640625
32647.3671875
36892.953125
42141.4765625
47426.2890625
53692.55859375
60242.73828125
67623.0625
74317.25
82720.4296875
90643.2265625
97066.3984375
104997.9140625
113441.9296875
121716.8046875
129369.84375
136737.421875
144399.984375
149856.1875
149418.59375
148839.390625
147761.59375
146793.90625
145957.625
144844.34375
143612.671875
142252.28125
140829.875
139342.71875
138286.34375
137206.9375
136229.703125
135337.8125
134453.9375
133540.453125
132701.53125
131754.484375
130719.0078125
129317.5546875
128161.2109375
128009.65625
127369.96875
126449.6171875
125342.125
124528.5625
123650.0
122958.8203125
122462.515625
122267.21875
122016.34375
121586.0546875
121166.453125
120829.828125
120562.0078125
120314.7734375
120049.875
119821.296875
119636.90625
119506.0234375
119455.5859375
119504.96875
119572.2265625
119632.25
119678.640625
119709.6484375
119718.0078125
119583.921875
119454.15625
119357.8671875
119271.921875
119182.0859375
119090.609375
118965.6796875
118771.828125
118523.828125
118263.34375
117970.40625
117657.1875
117335.125
116988.4375
116639.390625
116229.953125
