25400.0
25400.0
24786.974609375
24640.25
24246.216796875
23851.94921875
23706.689453125
23677.037109375
23681.470703125
23694.669921875
23713.2734375
23742.890625
23793.810546875
23874.080078125
24021.10546875
24255.212890625
24665.201171875
24997.546875
25110.76171875
25149.69140625
25166.0625
25178.095703125
25188.119140625
25200.02734375
25215.8671875
25231.33203125
25246.337890625
25259.05078125
25269.857421875
25278.4375
25285.611328125
25289.21875
25288.96875
25579.798828125
26236.091796875
28400.201171875
32754.84375
37562.203125
43103.625
47756.1640625
51923.37109375
55477.4765625
58469.66015625
61480.81640625
63934.40625
68479.53125
73571.1484375
79502.3359375
86203.4296875
93174.7890625
101941.0859375
109449.6484375
117115.2578125
125158.2734375
133149.875
140977.890625
148212.03125
155362.890625
162352.46875
161448.21875
159656.09375
157557.984375
155289.140625
153446.5
151469.859375
149405.8125
147591.484375
145992.828125
144364.125
142673.09375
141100.375
139568.484375
138203.171875
137122.28125
135686.515625
133974.578125
132105.109375
131363.796875
130729.9140625
129609.2421875
128308.34375
127205.484375
126082.359375
125296.2890625
124641.0625
124088.078125
123632.3671875
123307.1015625
122997.9765625
122701.359375
122447.6484375
122181.96875
121923.7421875
121699.9765625
121535.3125
121411.4375
121354.296875
121377.609375
121415.0859375
121430.5390625
121409.2265625
121306.8671875
121078.359375
120865.5078125
120689.625
120518.40625
120338.2890625
120123.71875
119822.0546875
119479.9609375
119107.6796875
118738.6328125
118339.65625
117922.0078125
117533.2265625
117056.7734375
116585.859375
116114.8671875
115671.7734375
115223.4609375
114769.5546875
114335.7109375
113897.5234375
113479.4609375
113055.8125
