25400.0
25400.0
24705.83203125
24701.75
24173.853515625
23710.8125
23526.4296875
23487.0078125
23495.416015625
23517.669921875
23556.720703125
23639.365234375
23786.3125
24074.04296875
24692.3984375
24958.873046875
25044.345703125
25100.150390625
25131.759765625
25151.046875
25164.732421875
25177.849609375
25193.375
25212.00390625
25228.505859375
25244.00390625
25256.251953125
25267.00390625
25276.32421875
25282.513671875
25288.529296875
25289.44921875
25335.998046875
25713.724609375
26706.849609375
29388.318359375
34206.95703125
39288.76953125
45009.65234375
49841.66796875
53761.94921875
58435.171875
64404.203125
71211.3203125
78536.546875
86521.1484375
94714.5
104557.9609375
113762.8671875
122391.625
131260.578125
139520.96875
143060.453125
143235.1875
143146.09375
142888.453125
142359.15625
141708.703125
140809.078125
139661.828125
138398.34375
137124.546875
135826.328125
134940.515625
133995.859375
133077.203125
132444.390625
131787.921875
130991.328125
130124.96875
129294.796875
128471.125
127692.140625
126972.65625
126254.640625
125578.359375
124847.21875
124278.8125
123397.984375
122366.6875
121531.671875
121582.0234375
121260.3984375
120671.75
119904.671875
119316.5390625
118741.1015625
118132.859375
117762.1171875
117415.859375
117199.1484375
116965.3671875
116673.5859375
116403.6171875
116217.78125
116073.4140625
115963.875
116080.265625
116174.7265625
116223.7578125
116250.609375
116268.265625
116288.5625
116314.484375
116346.828125
116363.265625
116353.921875
116333.40625
116368.515625
116418.0625
116442.375
116445.4921875
116428.296875
116392.125
116344.109375
116265.171875
116099.75
115938.421875
115793.5546875
115648.28125
115506.2890625
115378.765625
115299.078125
115187.109375
115102.078125
