20000.0
20000.0
20000.0
20000.0
20000.0
20000.0
20000.0
20000.0
20000.0
20000.0
20000.0
20000.0
20000.0
20000.0
20000.0
20000.0
20000.0
20000.0
20000.0
20000.0
20000.0
20000.0
20000.0
20000.0
19999.646484375
20000.0
20000.0
20000.0
20000.0
20000.0
20000.0
19999.984375
20000.0
20000.0
20000.0
20000.0
20000.0
20000.0
19574.958984375
18741.8359375
18035.642578125
17455.533203125
16865.892578125
16459.931640625
16029.162109375
15327.8193359375
14710.5
14236.2265625
13835.6962890625
13400.4931640625
12996.3603515625
12612.2900390625
12264.099609375
11954.9619140625
11635.251953125
11363.85546875
11116.96484375
10908.9736328125
10712.3818359375
10521.06640625
10335.6630859375
10143.912109375
9960.6689453125
9778.0751953125
9612.0478515625
9479.3134765625
9352.6494140625
9238.1865234375
9117.2705078125
8991.8388671875
8863.181640625
8738.2568359375
8623.6279296875
8512.16796875
8410.1455078125
8310.0517578125
8215.2646484375
8132.9306640625
8045.60693359375
7964.23291015625
7883.37451171875
7808.04541015625
7733.07666015625
7660.94775390625
7593.49755859375
7526.42626953125
7463.802734375
7401.80712890625
7346.7421875
7298.59521484375
7245.3740234375
7194.40771484375
7142.89306640625
7093.43212890625
7043.16015625
6994.32861328125
6948.52392578125
6902.892578125
6860.31640625
6817.7685546875
6776.70556640625
6740.705078125
6702.3310546875
6666.447265625
6630.5185546875
6596.8896484375
6563.2412109375
6530.74169921875
6500.17724609375
6469.6845703125
6441.01220703125
6412.35498046875
6384.44580078125
6359.9443359375
6333.65380859375
6308.91357421875
6284.03125
6260.64111328125
6237.17333984375
6214.30908203125
6192.80712890625
6171.13623046875
6150.74169921875
6130.22998046875
