20000.0
20000.0
20000.0
20000.0
20000.0
20000.0
20000.0
20000.0
20000.0
20000.0
20000.0
20000.0
20000.0
20000.0
20000.0
20000.0
20000.0
20000.0
20000.0
20000.0
20000.0
20000.0
20000.0
20000.0
20000.0
20000.0
20000.0
20000.0
20000.0
20000.0
20000.0
20000.0
20000.0
20000.0
20000.0
20000.0
20000.0
20000.0
20000.0
19999.998046875
20000.0
20000.0
20000.0
20000.0
20000.0
20000.0
20000.0
20000.0
20000.0
20000.0
20000.0
20000.0
20000.0
20000.0
19999.99609375
20000.0
19999.99609375
20000.0
20000.0
20000.0
20000.0
20000.0
20000.0
20000.0
20000.0
20000.0
20000.0
20000.0
20000.0078125
19480.55078125
18708.908203125
18035.9375
17409.1796875
16828.052734375
16334.92578125
15858.052734375
15412.201171875
14946.3271484375
14557.501953125
14232.4501953125
13892.046875
13580.3935546875
13275.87109375
12997.142578125
12726.5107421875
12454.123046875
12143.6201171875
11878.59765625
11635.3525390625
11417.9052734375
11218.3935546875
11036.341796875
10739.5849609375
10481.4833984375
10258.1162109375
10074.240234375
9886.9404296875
9705.466796875
9533.5556640625
9356.2431640625
9184.3505859375
9008.80859375
8841.04296875
8699.4228515625
8550.642578125
8410.2431640625
8269.1015625
8125.63037109375
7982.9580078125
7852.048828125
7734.48681640625
7619.748046875
7513.3076171875
7407.21875
7304.84130859375
7215.2080078125
7117.58251953125
7023.3427734375
6926.43212890625
6832.50537109375
6734.3427734375
6636.6572265625
6543.59130859375
6449.20556640625
6360.080078125
6280.38525390625
