20000.0
20000.0
20000.0
20000.0
20000.0
20000.0
20000.0
20000.0
20000.0
20000.0
20000.0
20000.0
20000.0
20000.0
20000.0
20000.0
20000.0
20000.0
20000.0
20000.0
20000.0
20000.001953125
19998.083984375
19999.974609375
20000.0
19999.90625
20000.0
20000.0
20000.0
20000.0
20000.0
20000.0
20000.0
20000.0
20000.0
20000.0
20000.0
20000.0
19999.99609375
19589.990234375
18915.037109375
18256.44140625
17319.884765625
16510.23046875
15872.01953125
15200.8857421875
14564.03515625
13987.7568359375
13462.4501953125
13014.8115234375
12623.4326171875
12317.0185546875
12023.134765625
11743.880859375
11503.443359375
11253.603515625
11033.51171875
10834.390625
10659.55859375
10476.0556640625
10291.9228515625
10119.28125
9948.7529296875
9793.4921875
9641.4169921875
9497.8095703125
9374.05859375
9244.2158203125
9128.89453125
9019.3134765625
8915.794921875
8810.400390625
8708.1806640625
8612.7412109375
8518.181640625
8430.529296875
8343.8544921875
8260.94140625
8189.11083984375
8112.92138671875
8042.07470703125
7971.978515625
7907.033203125
7842.77978515625
7780.8359375
7723.44970703125
7666.40625
7613.27099609375
7560.326171875
7509.32861328125
7464.97900390625
7417.6005859375
7373.43359375
7329.33203125
7288.02001953125
7246.74609375
7206.89208984375
7169.54443359375
7132.26025390625
7097.26611328125
7062.38720703125
7029.1533203125
6999.97314453125
6968.5068359375
6938.78955078125
6908.94921875
6880.779296875
6852.49267578125
6825.025390625
6799.134765625
6773.16650390625
6748.8681640625
6724.45361328125
6700.56494140625
6679.51708984375
6656.91064453125
6635.6083984375
6614.12841796875
6593.7509765625
6573.28759765625
6553.44140625
6534.66357421875
6515.8046875
6497.95556640625
6479.97265625
