20000.0
20000.0
20000.0
20000.0
20000.0
20000.0
20000.0
20000.0
20000.0
20000.0
20000.0
20000.0
20000.0
20000.0
20000.0
20000.0
20000.0
20000.0
20000.0
20000.0
20000.0
20000.0
20000.0
20000.0
20000.0
20000.0
20000.0
20000.0
20000.0
19999.998046875
20000.0
19999.99609375
20000.0
20000.0
20000.0
20000.0
20000.0
20000.0
19999.966796875
20000.0
20000.0
20000.0
19999.998046875
19999.986328125
20000.0
20000.0
20000.0
20000.0
19999.982421875
20000.0
20000.0
19999.966796875
19999.998046875
19999.974609375
20000.0
20000.0
20000.0
19999.998046875
20000.0
20000.0
20000.0
20000.0
20000.0
20000.0
20000.0
20000.0
20000.009765625
20000.0
20000.0
20000.0
19270.884765625
18521.88671875
17831.783203125
17199.33984375
16634.189453125
16119.8046875
15668.4208984375
15259.173828125
14863.8466796875
14508.9912109375
14124.7021484375
13783.0947265625
13384.02734375
13033.2763671875
12720.4609375
12429.4072265625
12157.1494140625
11911.0498046875
11691.9970703125
11413.046875
11095.8017578125
10844.6357421875
10614.7314453125
10404.7607421875
10197.474609375
9996.4794921875
9783.8359375
9570.2470703125
9367.896484375
9170.0869140625
8991.078125
8813.931640625
8647.787109375
8507.353515625
8361.578125
8228.021484375
8093.95849609375
7954.63037109375
7809.728515625
7672.041015625
7545.423828125
7419.0302734375
7301.24609375
7184.5068359375
7071.56103515625
6971.1943359375
6864.47900390625
6761.83837890625
6654.3388671875
6550.3681640625
6444.6220703125
6341.384765625
6246.92822265625
6160.353515625
6079.67822265625
5996.17041015625
