20000.0
20000.0
20000.0
20000.0
20000.0
20000.0
20000.0
20000.0
20000.0
20000.0
20000.0
20000.0
20000.0
20000.0
20000.0
20000.0
20000.0
19999.998046875
20000.0
20000.0
20000.0
20000.0
20000.0
20000.0
20000.0
20000.0
20000.0
20000.0
20000.0
20000.0
20000.0
20000.0
19999.99609375
20000.0
20000.0
20000.0
20000.0
20000.0
19999.845703125
20000.0
20000.0
20000.0
19999.95703125
20000.0
20000.0
20000.0
20000.0
19999.99609375
19999.99609375
19999.9921875
20000.0
20000.0
19993.787109375
19178.09375
18411.796875
17717.37890625
17055.9609375
16471.30859375
15910.2294921875
15392.8046875
14921.5283203125
14481.2255859375
14074.1484375
13678.275390625
13316.3466796875
12954.6796875
12616.2001953125
12326.7138671875
12025.8720703125
11748.4296875
11475.52734375
11256.310546875
11049.1884765625
10850.2138671875
10664.533203125
10478.9453125
10304.21484375
10124.28125
9951.857421875
9802.46875
9643.1982421875
9495.064453125
9346.9306640625
9207.8583984375
9070.8154296875
8948.0439453125
8828.75
8706.275390625
8589.4384765625
8471.171875
8355.9013671875
8253.955078125
8143.64404296875
8036.80712890625
7922.919921875
7817.88671875
7714.72607421875
7615.74169921875
7523.04736328125
7429.86474609375
7341.93359375
7254.3115234375
7166.0478515625
7094.23876953125
7019.57763671875
6949.767578125
6871.7646484375
6786.904296875
6688.83056640625
6574.705078125
6471.9072265625
6378.15185546875
6296.66064453125
6220.3134765625
6149.92919921875
6090.6787109375
6024.2607421875
5958.44873046875
5891.96484375
5830.4970703125
5766.63916015625
5698.5087890625
5631.09033203125
5563.03271484375
5500.3544921875
5436.26416015625
