20000.0
20000.0
20000.0
20000.0
20000.0
20000.0
20000.0
20000.0
20000.0
20000.0
20000.0
20000.0
20000.0
20000.0
20000.0
20000.0
20000.0
20000.0
20000.0
20000.0
20000.0
20000.0
20000.0
20000.0
20000.0
20000.0
20000.0
20000.0
20000.0
20000.0
20000.0
20000.0
20000.0
20000.0
20000.0
20000.0
20000.0
20000.0
19999.923828125
20000.0
19999.990234375
20000.0
19999.970703125
20000.0
20000.0
19999.998046875
20000.0
20000.0
20000.0
20000.0
20000.0
20000.0
20000.0
20000.0
20000.0
20000.0
19999.91015625
20000.0
20000.0
20000.0
20000.0
20000.0
20000.0
20000.0
20000.005859375
19491.470703125
18695.349609375
18008.498046875
17383.748046875
16804.330078125
16191.296875
15665.6474609375
15231.84765625
14808.2001953125
14422.00390625
14047.7841796875
13605.708984375
13262.7265625
12923.453125
12616.255859375
12322.4716796875
12071.353515625
11819.3857421875
11451.2197265625
11140.5703125
10878.974609375
10644.0810546875
10414.330078125
10185.984375
9982.0654296875
9756.791015625
9544.5322265625
9339.19140625
9152.3515625
8966.1455078125
8789.9404296875
8610.7568359375
8438.3203125
8285.71875
8138.205078125
7997.97314453125
7876.3115234375
7747.08642578125
7625.7041015625
7501.59814453125
7382.50732421875
7259.6279296875
7135.400390625
7016.26904296875
6895.63427734375
6781.7255859375
6676.79296875
6577.76123046875
6488.7099609375
6389.97705078125
6295.10888671875
6199.45458984375
6110.3271484375
6024.26416015625
5943.6884765625
5869.68310546875
5796.4365234375
5728.197265625
5660.7880859375
