20000.0
20000.0
20000.0
20000.0
20000.0
20000.0
20000.0
20000.0
20000.0
20000.0
20000.0
20000.0
20000.0
20000.0
20000.0
20000.0
20000.0
20000.0
20000.0
20000.0
20000.0
20000.0
19999.982421875
19999.998046875
20000.0
20000.0
20000.0
20000.0
19999.984375
20000.0
20000.0
20000.0
20000.0
20000.0
20000.0
20000.0
20000.0
20000.0
20000.0
20000.0
19352.14453125
18269.5859375
17355.16796875
16554.798828125
15728.0439453125
14990.640625
14334.6748046875
13782.986328125
13351.3505859375
12981.5615234375
12645.4150390625
12309.2216796875
11993.134765625
11737.939453125
11494.0087890625
11277.572265625
11042.423828125
10819.2568359375
10600.0068359375
10394.2353515625
10207.5732421875
10025.2568359375
9858.6884765625
9696.1484375
9542.1396484375
9410.8701171875
9284.423828125
9162.5
9037.8935546875
8921.025390625
8805.1044921875
8694.6513671875
8592.3525390625
8491.8486328125
8399.189453125
8307.732421875
8220.7197265625
8145.1650390625
8064.923828125
7990.7451171875
7917.36865234375
7849.0595703125
7781.16943359375
7715.94140625
7655.19384765625
7594.7451171875
7538.3583984375
7482.23583984375
7427.9912109375
7380.4453125
7329.48681640625
7281.65771484375
7233.75
7188.8857421875
7144.90771484375
7102.26123046875
7061.85595703125
7020.75390625
6982.23583984375
6943.75439453125
6906.740234375
6874.546875
6839.7138671875
6807.28564453125
6775.001953125
6744.828125
6714.75830078125
6685.67919921875
6658.47314453125
6631.2177734375
6605.75537109375
6580.2431640625
6555.576171875
6533.94580078125
6510.50341796875
6488.2880859375
6466.5322265625
6446.5107421875
6426.4755859375
6406.88623046875
6388.48876953125
6369.8173828125
6352.2880859375
6334.552734375
