20000.0
20000.0
19202.099609375
18513.96484375
17591.8828125
17276.94140625
16987.04296875
16931.28515625
17024.412109375
17214.814453125
17649.814453125
18095.359375
18609.546875
19144.8046875
19641.302734375
20000.0
20000.0
20000.0
20000.0
20000.0
20000.0
20000.0
20000.0
20000.0
20000.0
20000.0
20000.0
20000.0
20000.0
20000.0
20000.0
20000.0
20000.0
20000.0
20000.0
20000.0
19266.017578125
18242.974609375
17477.544921875
16785.927734375
16077.8037109375
15408.732421875
14771.119140625
14145.9248046875
13602.9951171875
13069.828125
12602.3515625
12146.685546875
11731.4150390625
11333.1572265625
10976.8818359375
10679.900390625
10375.396484375
10094.015625
9817.0224609375
9555.580078125
9331.880859375
9098.4951171875
8883.7626953125
8680.8759765625
8526.7607421875
8373.1103515625
8226.322265625
8089.00830078125
7951.58056640625
7822.29638671875
7692.16943359375
7565.4638671875
7453.56005859375
7332.8623046875
7219.27783203125
7105.080078125
7000.12451171875
6904.27001953125
6797.5380859375
6696.69384765625
6597.21630859375
6503.94970703125
6410.2333984375
6318.947265625
6238.466796875
6151.78857421875
6070.19873046875
5988.1064453125
5910.84326171875
5833.28173828125
5757.38330078125
5685.56982421875
5613.18896484375
5544.73681640625
5475.86279296875
5408.77783203125
5349.685546875
5287.0185546875
5227.94287109375
5168.3681640625
5112.1376953125
5055.55615234375
5000.4052734375
4947.66015625
4893.36572265625
4841.77880859375
4790.0732421875
4740.13818359375
4696.45849609375
4649.66552734375
4605.548828125
4561.07470703125
4519.06298828125
4476.66748046875
4435.32177734375
4396.3369140625
4356.9423828125
4319.2529296875
4281.04931640625
4243.65185546875
4210.55322265625
4174.72802734375
4140.8212890625
4106.57568359375
4069.897216796875
4032.8603515625
3998.02880859375
3966.049072265625
3934.36181640625
3906.597900390625
3879.103515625
