20000.0
20000.0
20000.0
19999.99609375
20000.0
20000.0
20000.0
20000.0
20000.0
20000.0
20000.0
20000.0
20000.0
20000.0
20000.0
20000.0
20000.0
20000.0
20000.0
20000.0
19998.595703125
19999.99609375
20000.0
20000.0
20000.0
20000.0
20000.0
20000.0
19837.869140625
18853.890625
18119.044921875
17409.734375
16785.87890625
16208.6513671875
15711.4619140625
15254.84765625
14824.36328125
14431.716796875
14046.8876953125
13695.48828125
13353.7568359375
13028.927734375
12750.849609375
12456.4208984375
12152.578125
11834.6337890625
11585.0771484375
11353.099609375
11133.578125
10930.5419921875
10747.078125
10593.5185546875
10436.041015625
10281.1318359375
10108.623046875
9842.7998046875
9620.1591796875
9454.8037109375
9332.0439453125
9200.1689453125
9064.634765625
8940.6171875
8800.55859375
8657.3623046875
8510.935546875
8368.35546875
8251.2724609375
8138.68603515625
8035.43505859375
7927.12548828125
7822.08544921875
7718.7451171875
7625.03173828125
7547.64794921875
7473.74560546875
7403.921875
7332.5595703125
7260.962890625
7195.88232421875
7124.4453125
7055.0927734375
6984.0908203125
6916.98291015625
6848.32763671875
6779.0009765625
6710.81884765625
6641.06884765625
6576.10205078125
6515.23974609375
6462.14697265625
6417.205078125
6368.873046875
6323.1318359375
6276.9013671875
6233.2177734375
6189.37890625
6146.486328125
6106.13916015625
6061.9296875
6017.2470703125
5970.84326171875
5925.7021484375
5886.50390625
5844.734375
5805.9072265625
5767.46826171875
5731.68896484375
5696.12353515625
5661.9169921875
5630.013671875
5598.1953125
5568.46630859375
5538.708984375
5510.0830078125
5484.93701171875
5457.99658203125
5432.7158203125
5407.46044921875
5383.7744140625
5360.00439453125
5336.9970703125
5315.349609375
5293.732421875
5273.3935546875
5252.97998046875
