20000.0
20000.0
20000.0
20000.0
19999.998046875
20000.0
20000.0
20000.0
20000.0
20000.0
20000.0
20000.0
20000.0
20000.0
20000.0
20000.0
20000.0
20000.0
20000.0
20000.0
20000.0
19999.83984375
20000.0
19999.888671875
20000.0
20000.0
20000.0
20000.0
20000.0
20000.0
20000.0
20000.0
20000.0
20000.0
20000.0
20000.0
19999.990234375
19968.5078125
19046.580078125
18289.001953125
17613.427734375
17057.41015625
16580.162109375
16180.7958984375
15504.353515625
14885.1201171875
14387.9658203125
13939.67578125
13492.8017578125
13060.1904296875
12675.8095703125
12316.705078125
11968.0771484375
11667.22265625
11363.0791015625
11103.5830078125
10861.53515625
10655.138671875
10457.3603515625
10262.5517578125
10070.5302734375
9873.064453125
9687.2412109375
9507.1435546875
9348.62890625
9221.3173828125
9098.5537109375
8983.419921875
8853.935546875
8727.2421875
8598.8603515625
8478.1171875
8367.607421875
8259.5048828125
8160.39404296875
8063.1298828125
7970.12939453125
7889.5634765625
7803.8388671875
7724.15087890625
7645.0302734375
7571.39599609375
7498.265625
7432.9375
7372.287109375
7310.52197265625
7251.81787109375
7192.65771484375
7134.982421875
7083.48095703125
7027.69873046875
6975.3486328125
6923.10791015625
6874.3974609375
6825.82177734375
6779.02197265625
6735.2236328125
6691.5703125
6650.8994140625
6610.353515625
6571.10986328125
6536.87109375
6500.099609375
6465.84423828125
6431.53173828125
6399.33984375
6367.12158203125
6335.8583984375
6306.54248046875
6277.26806640625
6249.75244140625
6222.1728515625
6195.63427734375
6172.16943359375
6147.09521484375
6123.498046875
6099.76416015625
6077.537109375
6055.15673828125
6033.39990234375
6012.91455078125
5992.30126953125
5972.9052734375
5953.3701171875
