20000.0
19930.17578125
18238.826171875
17119.173828125
16557.291015625
16246.287109375
16116.3564453125
16302.3486328125
16689.90234375
17141.478515625
17474.6171875
17893.0078125
18333.251953125
18741.890625
19127.45703125
19469.525390625
19784.73046875
20000.0
20000.0
20000.0
20000.0
20000.0
20000.0
20000.0
20000.0
20000.0
20000.0
20000.0
20000.0
20000.0
20000.0
20000.0
20000.0
20000.0
20000.0
20000.00390625
20000.0
20000.0
19254.2109375
18309.919921875
17428.248046875
16756.236328125
16245.3251953125
15650.267578125
15113.1181640625
14559.09765625
14054.4326171875
13566.1103515625
13070.1630859375
12634.9091796875
12229.00390625
11866.8955078125
11512.61328125
11170.10546875
10875.8984375
10573.96875
10302.9345703125
10052.3837890625
9833.0732421875
9610.2548828125
9391.619140625
9186.0029296875
8982.515625
8795.2958984375
8611.8603515625
8437.73046875
8303.232421875
8182.00341796875
8064.57177734375
7942.40380859375
7826.029296875
7710.7890625
7599.56298828125
7494.955078125
7389.482421875
7289.68359375
7188.884765625
7090.39404296875
7003.17578125
6908.60107421875
6819.0224609375
6728.7451171875
6643.20263671875
6556.88818359375
6472.57958984375
6392.81298828125
6319.9697265625
6244.44580078125
6167.19921875
6092.25048828125
6026.296875
5955.05419921875
5888.0146484375
5820.69677734375
5756.64794921875
5691.57958984375
5627.71240234375
5567.0576171875
5505.60546875
5447.3662109375
5388.5908203125
5331.10009765625
5280.1376953125
5224.8662109375
5172.732421875
5120.08740234375
5070.19873046875
5019.76708984375
4970.29296875
4923.19970703125
4875.3984375
4829.97900390625
4783.97021484375
4739.6201171875
4700.3818359375
4657.708984375
4617.14404296875
4576.0458984375
4537.080078125
4497.5908203125
4458.94384765625
4422.11962890625
4384.05712890625
4347.416015625
4310.18603515625
