20000.0
20000.0
20000.0
19999.9921875
19999.998046875
20000.0
20000.0
20000.0
20000.0
20000.0
20000.0
20000.0
20000.0
20000.0
20000.0
20000.0
20000.0
20000.0
20000.0
20000.0
20000.0
19999.181640625
19999.99609375
20000.0
20000.0
20000.0
20000.0
20000.0
20000.0
20000.0
20000.0
20000.0
20000.0
20000.0
20000.0
19980.431640625
19120.623046875
18201.09375
17474.298828125
16855.98828125
16278.494140625
15781.01953125
15431.9765625
15017.75390625
14389.8447265625
13845.6142578125
13425.1025390625
13050.4794921875
12689.9775390625
12340.095703125
11992.296875
11682.134765625
11377.921875
11078.0576171875
10827.2890625
10580.583984375
10367.0830078125
10170.216796875
9996.3056640625
9823.748046875
9651.9814453125
9487.154296875
9320.2470703125
9163.884765625
9012.6171875
8878.158203125
8768.8251953125
8663.8046875
8566.1123046875
8455.4755859375
8346.2333984375
8236.55078125
8130.0439453125
8033.06591796875
7938.17431640625
7850.85107421875
7765.41357421875
7683.8623046875
7613.3974609375
7538.42138671875
7468.60791015625
7399.396484375
7334.935546875
7274.35595703125
7217.06494140625
7162.16357421875
7106.37451171875
7053.56689453125
7000.49658203125
6949.42041015625
6904.841796875
6856.4765625
6810.95166015625
6765.1572265625
6722.3037109375
6679.49365234375
6638.11328125
6599.3642578125
6560.74169921875
6524.5517578125
6488.52880859375
6453.7197265625
6423.1728515625
6390.5166015625
6359.85693359375
6329.12353515625
6300.3662109375
6271.5556640625
6243.74853515625
6217.6728515625
6191.53662109375
6167.0009765625
6142.44384765625
6118.62353515625
6097.71484375
6075.30517578125
6054.1953125
6033.01513671875
6013.05908203125
5992.990234375
5973.5458984375
5955.20751953125
5936.814453125
5919.482421875
5902.150390625
