20000.0
20000.0
20000.0
20000.0
20000.0
20000.0
20000.0
20000.0
20000.0
20000.0
20000.0
20000.0
20000.0
20000.0
20000.0
20000.0
19999.974609375
19999.998046875
20000.01171875
20000.005859375
19999.9140625
20000.0
18735.0234375
17511.708984375
16426.283203125
15534.8310546875
14764.0634765625
14133.224609375
13548.921875
13036.521484375
12637.1142578125
12256.30859375
11927.544921875
11611.2841796875
11321.306640625
11043.0126953125
10790.4619140625
10563.080078125
10365.4951171875
10191.98828125
10018.673828125
9851.6123046875
9705.9140625
9550.673828125
9405.369140625
9260.7724609375
9125.6923828125
8990.470703125
8859.49609375
8736.810546875
8614.4033203125
8497.4873046875
8379.0322265625
8264.6455078125
8164.96728515625
8058.31103515625
7958.03271484375
7857.08154296875
7761.29833984375
7665.05517578125
7567.9658203125
7472.26025390625
7378.4423828125
7292.2744140625
7207.0185546875
7124.796875
7052.7646484375
6975.39111328125
6902.60302734375
6829.52685546875
6760.6533203125
6690.7109375
6626.89111328125
6570.599609375
6498.7119140625
6438.62548828125
6381.1123046875
6326.388671875
6278.708984375
6228.58837890625
6183.330078125
6098.25830078125
6004.90087890625
5922.3681640625
5858.89501953125
5810.85107421875
5770.13134765625
5735.78857421875
5703.43212890625
5667.7900390625
5630.91748046875
5587.44580078125
5547.1181640625
5509.12939453125
5475.3544921875
5436.39501953125
5392.25146484375
5348.115234375
5304.951171875
5270.11962890625
5237.76708984375
5206.07470703125
5177.79052734375
5147.111328125
5118.49755859375
5090.42578125
5064.88427734375
5039.47705078125
5013.39892578125
4987.2705078125
4959.439453125
4931.82568359375
4903.00537109375
4874.462890625
4849.255859375
4822.5302734375
4798.408203125
4775.2685546875
4754.14990234375
4733.31396484375
4712.7861328125
4692.99853515625
4672.453125
4652.466796875
4631.51513671875
