20000.0
19999.76171875
20000.0
18419.732421875
17779.33984375
17731.7421875
17944.67578125
18209.146484375
18614.3046875
19098.62109375
19582.68359375
20000.0
20000.0
20000.0
20000.0
20000.0
20000.0
20000.0
20000.0
20000.0
20000.0
20000.0
20000.0
20000.0
20000.0
20000.0
20000.0
20000.0
20000.0
20000.0
20000.0
19999.99609375
20000.0
20000.0
20000.0
19999.998046875
20000.0
20000.0
19405.0546875
18616.46875
18046.333984375
17382.26171875
16762.451171875
16136.9521484375
15562.8994140625
14987.712890625
14418.767578125
13922.2265625
13458.3291015625
13043.919921875
12627.4794921875
12237.314453125
11912.943359375
11613.69921875
11315.7705078125
11024.3837890625
10762.12109375
10503.640625
10255.248046875
10025.7392578125
9799.97265625
9589.46484375
9381.3515625
9180.251953125
9011.4794921875
8872.8388671875
8742.783203125
8611.916015625
8488.1484375
8363.3818359375
8241.5859375
8126.25439453125
8009.82958984375
7899.36181640625
7787.74755859375
7680.57470703125
7595.2265625
7499.53564453125
7396.974609375
7293.97119140625
7198.26806640625
7102.822265625
7010.29638671875
6923.0400390625
6835.25244140625
6752.45751953125
6668.990234375
6587.50146484375
6515.58837890625
6437.52587890625
6363.4541015625
6288.25634765625
6216.6201171875
6144.09912109375
6073.55224609375
6007.16845703125
5940.88623046875
5879.0498046875
5816.81689453125
5756.033203125
5702.31787109375
5644.21435546875
5588.58447265625
5531.1708984375
5476.3994140625
5421.19873046875
5367.73486328125
5317.626953125
5267.39501953125
5220.12353515625
5172.43359375
5125.76806640625
5084.4794921875
5039.79443359375
4997.2763671875
4953.984375
4912.990234375
4871.71044921875
4831.3935546875
4793.2724609375
4754.71630859375
4718.14697265625
4681.11376953125
