20000.0
19999.982421875
19999.998046875
20000.0
20000.0
20000.0
19651.01953125
19575.294921875
19710.6171875
19945.65234375
20000.0
20000.0
20000.0
20000.0
20000.0
20000.0
20000.0
20000.0
20000.0
20000.0
20000.0
20000.0
20000.0
20000.0
20000.0
20000.0
20000.0
20000.0
20000.0
20000.0
20000.0
20000.0
20000.0
20000.0
20000.0
20000.0
19999.99609375
19999.970703125
20000.0
20000.0
19653.458984375
19064.796875
18466.8671875
17751.416015625
17125.212890625
16452.60546875
15812.1513671875
15176.3330078125
14631.138671875
14118.8857421875
13629.287109375
13177.8330078125
12782.30078125
12418.0859375
12047.8046875
11696.8544921875
11398.8759765625
11087.3447265625
10802.88671875
10526.607421875
10274.51953125
10027.6982421875
9807.3642578125
9629.7919921875
9452.4716796875
9288.890625
9126.28125
8969.0830078125
8832.017578125
8685.8427734375
8547.7255859375
8408.66015625
8277.330078125
8155.02880859375
8038.2158203125
7924.70068359375
7808.0458984375
7685.93994140625
7564.5517578125
7449.716796875
7350.31591796875
7244.5517578125
7145.57421875
7046.39697265625
6953.220703125
6859.8115234375
6769.02490234375
6683.40869140625
6597.02490234375
6515.3427734375
6433.74169921875
6353.990234375
6283.7119140625
6207.4453125
6135.1953125
6062.59228515625
5994.3291015625
5925.755859375
5858.50732421875
5793.44970703125
5727.0458984375
5664.3720703125
5601.58251953125
5540.845703125
5487.6748046875
5430.25634765625
5375.96875
5321.20458984375
5269.51220703125
5217.50390625
5166.91943359375
5119.28857421875
5071.35009765625
5026.12109375
4980.9716796875
4936.771484375
4897.60986328125
4855.0419921875
4814.58740234375
4767.86572265625
4723.97216796875
4681.40576171875
4640.8046875
4593.94140625
4544.89306640625
4502.6201171875
4463.94970703125
