20000.0
19999.70703125
19999.998046875
20000.0
20000.0
20000.0
19552.787109375
19613.759765625
19867.94140625
20000.0
20000.0
20000.0
20000.0
20000.0
20000.0
20000.0
20000.0
20000.0
20000.0
20000.0
20000.0
20000.0
20000.0
20000.0
20000.0
20000.0
20000.0
20000.0
20000.0
20000.0
19999.54296875
20000.0
20000.0
20000.0
20000.0
20000.0
19999.998046875
19581.71484375
18580.162109375
17699.818359375
16801.732421875
15989.3505859375
15326.8837890625
14659.0908203125
14060.7646484375
13506.7509765625
13058.62109375
12599.1806640625
12179.515625
11799.2275390625
11428.4853515625
11090.3291015625
10759.607421875
10450.359375
10183.8935546875
9914.2080078125
9683.9033203125
9493.4892578125
9315.326171875
9137.0634765625
8965.650390625
8804.1416015625
8641.35546875
8500.8310546875
8359.955078125
8205.99609375
8069.96533203125
7927.2666015625
7795.380859375
7664.34326171875
7541.82763671875
7419.2392578125
7300.658203125
7189.4208984375
7077.51513671875
6972.03759765625
6865.4638671875
6761.7861328125
6671.224609375
6575.76123046875
6486.58349609375
6397.67333984375
6314.541015625
6230.3681640625
6147.28466796875
6067.63330078125
5987.43896484375
5912.48046875
5838.00732421875
5766.0224609375
5702.83203125
5634.68212890625
5570.408203125
5505.85888671875
5445.21435546875
5384.49658203125
5325.6669921875
5270.3466796875
5214.8095703125
5162.47607421875
5109.7685546875
5058.775390625
5013.92724609375
4963.7314453125
4911.26513671875
4860.0283203125
4813.39208984375
4767.548828125
4723.5205078125
4682.052734375
4641.75439453125
4604.19580078125
4552.79345703125
4504.22265625
4466.14404296875
4429.18798828125
4396.78662109375
4365.5546875
4332.65576171875
4296.98876953125
4262.06103515625
4229.89306640625
4198.59130859375
4169.84423828125
4136.02001953125
