20000.0
19999.99609375
19999.998046875
20000.0
19916.5546875
19086.7421875
18689.666015625
18348.513671875
18223.4609375
18478.146484375
18809.978515625
19219.091796875
19724.705078125
20000.0
20000.0
20000.0
20000.0
20000.0
20000.0
20000.0
20000.0
20000.0
20000.0
20000.0
20000.0
20000.0
20000.0
20000.0
20000.0
20000.0
20000.0
20000.0
20000.0
20000.0
19999.87890625
19999.998046875
20000.0
19999.73828125
19999.998046875
20000.0
19389.583984375
18496.11328125
17655.697265625
16874.583984375
16220.248046875
15498.9951171875
14858.1552734375
14261.3564453125
13733.267578125
13216.6943359375
12737.640625
12313.7314453125
11940.8408203125
11599.4169921875
11265.212890625
10948.228515625
10672.48046875
10382.638671875
10118.33984375
9861.107421875
9623.244140625
9389.8505859375
9180.6982421875
9021.072265625
8862.6826171875
8714.0966796875
8565.1533203125
8420.6279296875
8293.4267578125
8156.20068359375
8026.5556640625
7895.85595703125
7773.5625
7650.990234375
7540.669921875
7439.025390625
7321.1640625
7210.3232421875
7101.27197265625
6996.35986328125
6904.328125
6805.52294921875
6712.34375
6618.66748046875
6530.427734375
6441.6630859375
6355.39892578125
6274.26611328125
6192.4765625
6115.0478515625
6036.99462890625
5960.796875
5893.62939453125
5821.26025390625
5753.9404296875
5686.4140625
5622.701171875
5558.64697265625
5496.39453125
5437.78466796875
5378.8857421875
5322.783203125
5264.9541015625
5207.25732421875
5156.064453125
5101.05908203125
5049.50390625
4997.89501953125
4949.32861328125
4900.36474609375
4852.5439453125
4807.302734375
4761.66357421875
4718.6025390625
4675.2734375
4633.0341796875
4595.67236328125
4555.18017578125
4516.80224609375
4477.9794921875
4441.203125
4404.04345703125
4367.71875
4329.0390625
4289.77392578125
4253.93310546875
4218.93115234375
