20000.0
20000.0
20000.0
19475.166015625
18459.0
18147.568359375
17740.759765625
17619.3828125
17773.08984375
17997.0078125
18389.53125
18875.810546875
19398.708984375
19896.33984375
20000.0
20000.0
20000.0
20000.0
20000.0
20000.0
20000.0
20000.0
20000.0
20000.0
20000.0
20000.0
20000.0
20000.0
20000.0
20000.0
19999.998046875
20000.0
20000.0
20000.0
20000.0
19999.216796875
20000.0
20000.0
19758.978515625
18887.447265625
18212.462890625
17559.4453125
16875.322265625
16279.306640625
15650.5009765625
15065.875
14456.96484375
13928.5185546875
13437.62890625
12982.98046875
12558.8876953125
12150.431640625
11814.939453125
11488.828125
11166.3408203125
10896.212890625
10614.3291015625
10353.30078125
10096.70703125
9860.447265625
9625.7890625
9402.767578125
9193.5126953125
9000.3232421875
8857.9775390625
8715.513671875
8576.9091796875
8454.716796875
8322.7548828125
8198.0087890625
8072.2626953125
7953.14892578125
7832.845703125
7722.86669921875
7623.34716796875
7512.67431640625
7403.22265625
7294.45263671875
7189.99755859375
7098.69482421875
7000.54736328125
6908.16650390625
6815.46826171875
6728.06787109375
6639.84521484375
6553.77294921875
6472.08984375
6389.37060546875
6310.75830078125
6231.30126953125
6154.13818359375
6086.4697265625
6014.4775390625
5947.193359375
5879.57958984375
5815.7392578125
5751.39697265625
5687.578125
5626.14990234375
5563.873046875
5505.30712890625
5446.7451171875
5390.2509765625
5340.71630859375
5287.353515625
5236.91015625
5186.041015625
5138.02587890625
5089.69970703125
5042.1689453125
4997.1142578125
4951.77294921875
4908.9697265625
4865.81396484375
4823.6943359375
4786.4130859375
4746.00146484375
4707.73046875
4668.97119140625
4631.546875
4588.73828125
4547.87451171875
4510.5703125
4473.93896484375
4439.8857421875
4405.8671875
