20000.0
20000.0
20000.0
20000.0
20000.0
20000.0
20000.0
20000.0
20000.0
20000.0
20000.0
20000.0
20000.0
20000.0
20000.0
20000.0
20000.0
20000.0
19999.9453125
19999.998046875
19999.89453125
20000.0
19634.634765625
18311.796875
17237.919921875
16318.3544921875
15574.04296875
14878.5087890625
14300.8642578125
13861.4384765625
13428.1904296875
13043.4365234375
12670.2353515625
12334.5869140625
12012.802734375
11716.28515625
11458.509765625
11202.5810546875
10963.3173828125
10761.7080078125
10572.875
10409.57421875
10235.5869140625
10073.2431640625
9911.4814453125
9759.9853515625
9608.8388671875
9460.833984375
9320.66796875
9180.94140625
9050.939453125
8920.1875
8792.53125
8680.8203125
8560.943359375
8448.73046875
8329.6865234375
8216.2470703125
8105.603515625
8000.482421875
7880.9091796875
7755.580078125
7651.83642578125
7552.908203125
7476.63427734375
7412.65625
7341.91064453125
7273.68212890625
7202.68505859375
7134.44970703125
7065.83056640625
6946.486328125
6824.39306640625
6723.5947265625
6650.0546875
6591.22216796875
6542.330078125
6500.3876953125
6445.3818359375
6387.68701171875
6330.859375
6281.68701171875
6228.166015625
6168.0556640625
6108.3681640625
6050.48583984375
5997.00732421875
5944.080078125
5893.78564453125
5851.552734375
5812.40185546875
5778.71044921875
5744.7802734375
5709.58837890625
5671.2734375
5631.404296875
5592.22314453125
5552.45361328125
5515.64404296875
5480.23486328125
5446.73974609375
5417.62744140625
5385.93896484375
5355.22216796875
5323.6064453125
5293.4765625
5263.0966796875
5233.21923828125
5204.76513671875
5175.53466796875
5147.21044921875
5117.6044921875
5087.9326171875
5061.2138671875
5031.8203125
5003.7001953125
4975.974609375
4951.77880859375
4927.99951171875
4904.5927734375
4881.8330078125
4858.3759765625
4835.646484375
4812.12109375
