20000.0
19999.923828125
19999.998046875
20000.0
20000.0
20000.0
20000.0
19999.998046875
19999.99609375
20000.0
20000.0
20000.0
20000.0
20000.0
20000.0
20000.0
20000.0
20000.0
20000.0
20000.0
20000.0
20000.0
20000.0
20000.0
20000.0
20000.0
20000.0
20000.0
20000.0
20000.0
20000.0
19999.998046875
20000.0
20000.0
20000.0
20000.0
19999.998046875
20000.0
19999.857421875
20000.0
19997.26171875
19122.5078125
18357.791015625
17548.35546875
16761.681640625
16048.7880859375
15434.1552734375
14845.484375
14290.3720703125
13842.515625
13385.9267578125
12959.1748046875
12559.1455078125
12185.9228515625
11865.5205078125
11528.40625
11217.41015625
10916.30859375
10636.32421875
10372.27734375
10126.1728515625
9924.0947265625
9744.5283203125
9576.7900390625
9409.455078125
9245.900390625
9102.3564453125
8962.8603515625
8827.1875
8680.03125
8532.40625
8388.0302734375
8251.326171875
8124.4306640625
7998.240234375
7880.1171875
7761.763671875
7646.66845703125
7545.005859375
7435.1669921875
7331.5146484375
7227.03759765625
7129.38916015625
7032.0966796875
6938.0595703125
6850.22412109375
6761.591796875
6677.88818359375
6592.23583984375
6507.97900390625
6433.8662109375
6354.603515625
6280.56640625
6206.6884765625
6137.33154296875
6067.51953125
5999.31640625
5934.9033203125
5870.11865234375
5809.19580078125
5748.16162109375
5688.93310546875
5636.7822265625
5580.51416015625
5527.3408203125
5474.0400390625
5424.04150390625
5373.36865234375
5320.18896484375
5266.744140625
5214.68701171875
5167.1845703125
5120.4462890625
5075.1064453125
5036.4638671875
4993.52734375
4941.12939453125
4890.3662109375
4847.02587890625
4807.46484375
4771.55615234375
4739.0771484375
4704.3857421875
4667.923828125
4630.33349609375
