20000.0
20000.0
20000.0
19999.984375
20000.0
20000.0
20000.0
20000.0
20000.0
20000.0
20000.0
20000.0
20000.0
20000.0
20000.0
20000.0
20000.0
20000.0
20000.0
20000.0
20000.0
19996.705078125
20000.0
20000.0
20000.0
20000.0
20000.0
19999.998046875
20000.0
20000.0
20000.0
20000.0
19817.26171875
19075.01171875
18381.970703125
17750.830078125
17179.525390625
16506.58984375
15888.294921875
15371.62890625
14910.298828125
14524.8525390625
14117.3408203125
13799.482421875
13506.30078125
13234.8935546875
12760.185546875
12350.7802734375
12052.94921875
11783.9765625
11541.583984375
11289.6298828125
11032.869140625
10796.9765625
10542.05078125
10318.07421875
10097.1123046875
9882.576171875
9673.763671875
9484.1865234375
9319.0673828125
9162.0224609375
9018.9130859375
8886.6845703125
8759.123046875
8644.1962890625
8515.888671875
8390.447265625
8262.63671875
8140.39306640625
8016.7021484375
7901.087890625
7801.27734375
7710.4375
7632.71875
7556.51123046875
7481.501953125
7407.123046875
7322.87548828125
7242.48046875
7163.10595703125
7089.685546875
7017.54052734375
6948.921875
6884.14892578125
6820.974609375
6762.55029296875
6704.748046875
6649.35400390625
6601.15185546875
6549.8515625
6501.92919921875
6454.029296875
6409.275390625
6364.41650390625
6322.078125
6284.8037109375
6246.76318359375
6210.08642578125
6172.75146484375
6136.1123046875
6103.79052734375
6068.95458984375
6036.111328125
6003.2197265625
5972.25244140625
5941.24560546875
5911.39990234375
5883.46728515625
5855.38330078125
5828.94970703125
5802.30029296875
5775.99072265625
5752.59521484375
5727.43701171875
5703.77099609375
5680.00439453125
5657.72607421875
5635.3115234375
5613.61376953125
5593.181640625
5572.64501953125
5553.3642578125
5533.96142578125
