20000.0
19999.978515625
19045.9609375
17840.46484375
17259.318359375
16926.61328125
16786.455078125
16974.693359375
17366.861328125
17778.27734375
18144.845703125
18593.158203125
19053.685546875
19475.484375
19870.78125
20000.0
20000.0
20000.0
20000.0
20000.0
20000.0
20000.0
20000.0
20000.0
20000.0
20000.0
20000.0
20000.0
20000.0
20000.0
20000.0
19999.9921875
20000.0
20000.0
20000.0
20000.0
20000.0
20000.0
20000.0
19064.615234375
18084.703125
17362.109375
16747.380859375
16103.8203125
15505.12890625
14913.4013671875
14389.5703125
13833.919921875
13330.9736328125
12890.8486328125
12473.55078125
12091.5126953125
11712.97265625
11359.810546875
11061.7724609375
10757.19140625
10504.72265625
10252.5556640625
10015.56640625
9776.4482421875
9545.7744140625
9333.169921875
9124.552734375
8932.7666015625
8744.337890625
8581.224609375
8459.6259765625
8325.4697265625
8197.7578125
8071.4765625
7953.4501953125
7835.03662109375
7719.80810546875
7610.9599609375
7501.130859375
7397.29052734375
7292.17626953125
7189.3466796875
7098.4443359375
7000.341796875
6907.623046875
6814.1708984375
6725.81298828125
6642.17529296875
6561.7939453125
6478.56591796875
6395.37744140625
6317.38623046875
6238.94775390625
6162.3876953125
6094.66015625
6021.34814453125
5951.89013671875
5881.81982421875
5815.44873046875
5748.3037109375
5682.73681640625
5620.7431640625
5558.06689453125
5498.728515625
5438.74365234375
5380.189453125
5328.48828125
5272.61865234375
5219.71435546875
5166.0625
5115.0732421875
5063.41162109375
5013.00341796875
4965.83203125
4918.06787109375
4872.7041015625
4826.7578125
4781.7578125
4742.00732421875
4698.9287109375
4658.14892578125
4616.767578125
4576.666015625
4535.5498046875
4495.23095703125
4457.21875
4419.00390625
4383.0400390625
4346.8896484375
