20000.0
20000.0
19999.9921875
20000.0
20000.0
20000.0
20000.0
20000.0
20000.0
20000.0
20000.0
20000.0
20000.0
20000.0
20000.0
20000.0
20000.0
20000.0
20000.0
20000.0
20000.0
20000.0
20000.0
20000.0
20000.0
20000.0
20000.0
20000.0
20000.0
20000.0
20000.0
20000.0
20000.0
20000.0
20000.0
20000.001953125
20000.0
20000.0
20000.0
20000.0
20000.0
20000.0
20000.0
19999.998046875
19999.986328125
19999.998046875
20000.0
20000.0
20000.0
20000.0
19999.998046875
20000.0
20000.0
19999.837890625
19999.984375
19999.998046875
20000.0
20000.0
19354.83984375
18598.33203125
17874.748046875
17194.05859375
16572.970703125
15995.0830078125
15477.8349609375
14978.7568359375
14515.802734375
14126.873046875
13721.5107421875
13348.8173828125
12981.224609375
12683.626953125
12409.5966796875
12149.94921875
11908.556640625
11669.0341796875
11447.2138671875
11244.0234375
11041.7890625
10861.2138671875
10666.6572265625
10484.9384765625
10303.88671875
10133.533203125
9951.4013671875
9780.2333984375
9623.998046875
9470.01171875
9326.630859375
9141.634765625
8984.681640625
8861.1240234375
8737.08984375
8622.869140625
8489.419921875
8314.5947265625
8148.884765625
8006.416015625
7886.287109375
7773.55419921875
7666.6171875
7555.33203125
7447.25439453125
7352.9482421875
7244.34326171875
7136.779296875
7027.90576171875
6924.17431640625
6817.869140625
6716.109375
6623.79736328125
6532.283203125
6445.88134765625
6359.51171875
6275.93017578125
6203.02490234375
6125.474609375
6053.189453125
5980.62353515625
5903.58984375
5823.06640625
5746.32373046875
5676.30126953125
5607.60888671875
5543.2890625
5478.3046875
