20000.0
20000.0
20000.0
20000.0
20000.0
20000.0
20000.0
20000.0
20000.0
20000.0
20000.0
20000.0
20000.0
20000.0
20000.0
20000.0
20000.0
20000.0
20000.0
20000.0
20000.0
20000.0
20000.0
20000.0
19999.998046875
20000.0
20000.0
20000.0
20000.0
20000.0
20000.0
20000.0
19999.998046875
20000.0
20000.0
20000.0
20000.0
19881.611328125
19299.568359375
18094.994140625
17165.880859375
16452.978515625
15660.751953125
14946.064453125
14296.640625
13740.5224609375
13256.9033203125
12873.224609375
12535.5068359375
12212.0224609375
11923.8935546875
11655.576171875
11418.5966796875
11222.69140625
11005.3056640625
10800.47265625
10596.2705078125
10408.283203125
10224.40234375
10051.609375
9893.638671875
9750.6572265625
9616.8564453125
9480.4609375
9349.1181640625
9235.6484375
9116.021484375
9005.6220703125
8897.23046875
8797.173828125
8698.794921875
8605.0751953125
8518.31640625
8433.0048828125
8354.162109375
8276.3046875
8202.0322265625
8137.71875
8069.27490234375
8005.5966796875
7942.5595703125
7884.0146484375
7825.98046875
7770.16552734375
7718.10693359375
7667.28759765625
7619.70654296875
7572.05517578125
7525.8359375
7485.47119140625
7442.16943359375
7401.89013671875
7361.623046875
7323.732421875
7285.9765625
7249.62890625
7215.47607421875
7181.33837890625
7149.51318359375
7117.078125
7085.5537109375
7057.962890625
7028.416015625
7000.72607421875
6973.06640625
6946.99169921875
6921.22509765625
6896.29150390625
6872.9072265625
6849.45751953125
6827.435546875
6805.4775390625
6784.1669921875
6765.29736328125
6745.14599609375
6726.21533203125
6707.18798828125
6689.43408203125
6671.60791015625
6654.169921875
6637.765625
6621.21044921875
6605.58349609375
6589.77880859375
