20000.0
20000.0
20000.0
20000.0
20000.0
20000.0
20000.0
20000.0
20000.0
20000.0
20000.0
20000.0
20000.0
20000.0
20000.0
20000.0
20000.0
20000.0
20000.0
19996.12890625
19999.9140625
20000.0
19999.990234375
20000.0
20000.0
20000.0
19999.89453125
20000.0078125
20000.0
20000.0
20000.0
20000.0
20000.0
20000.0
19837.451171875
19094.92578125
18239.388671875
17183.345703125
16373.3125
15600.1962890625
14839.8798828125
14218.8193359375
13613.515625
13100.0166015625
12661.5947265625
12316.7841796875
11986.5732421875
11678.515625
11404.275390625
11150.857421875
10934.9892578125
10720.4091796875
10514.07421875
10332.810546875
10138.873046875
9962.1015625
9789.53125
9632.294921875
9488.8701171875
9352.2060546875
9222.943359375
9093.0908203125
8973.37890625
8856.1787109375
8744.947265625
8649.287109375
8548.5380859375
8455.630859375
8364.38671875
8280.2548828125
8197.3154296875
8118.38232421875
8045.53369140625
7973.685546875
7907.27783203125
7841.6796875
7778.931640625
7724.3115234375
7666.40234375
7612.59765625
7559.45166015625
7510.02001953125
7461.66015625
7415.0390625
7371.37451171875
7327.85546875
7287.13525390625
7246.5048828125
7207.29638671875
7173.169921875
7136.5380859375
7102.17626953125
7067.9736328125
7036.09521484375
7004.2880859375
6973.646484375
6945.0107421875
6916.29443359375
6889.34130859375
6862.43994140625
6836.4150390625
6812.90234375
6787.99658203125
6764.6025390625
6741.40087890625
6719.5341796875
6697.65869140625
6676.48876953125
6656.57958984375
6636.591796875
6617.8232421875
6599.01904296875
6580.84375
6564.89697265625
6547.806640625
6531.693359375
6515.4052734375
6500.0322265625
6484.57861328125
6469.5087890625
6455.22802734375
6440.74267578125
6427.10791015625
6413.30517578125
