20000.0
20000.0
20000.0
20000.0
20000.0
20000.0
20000.0
20000.0
20000.0
20000.0
20000.0
20000.0
20000.0
20000.0
20000.0
20000.0
20000.0
20000.0
20000.005859375
20000.0
19999.650390625
20000.0
20000.0
20000.0
19999.978515625
20000.0
20000.0
20000.0
20000.0
20000.0
20000.0
19999.99609375
20000.0
20000.0
19999.998046875
19370.888671875
18153.68359375
17208.240234375
16348.6328125
15487.125
14680.4453125
14091.9345703125
13579.7578125
13166.84765625
12792.2919921875
12474.298828125
12185.6083984375
11933.255859375
11694.0166015625
11457.5244140625
11234.7099609375
11014.7626953125
10807.53125
10630.8466796875
10447.005859375
10289.416015625
10132.8115234375
9984.546875
9838.8515625
9701.423828125
9575.8212890625
9452.896484375
9340.0673828125
9229.521484375
9124.5595703125
9034.2666015625
8939.18359375
8851.45703125
8765.462890625
8686.2294921875
8608.0009765625
8533.61328125
8464.7900390625
8396.642578125
8333.3388671875
8270.7919921875
8211.265625
8160.14697265625
8105.53857421875
8054.41455078125
8003.32373046875
7955.96826171875
7908.38916015625
7862.794921875
7820.2490234375
7778.07666015625
7738.72607421875
7699.56591796875
7661.77490234375
7628.87060546875
7593.9345703125
7560.974609375
7528.09423828125
7496.6845703125
7465.26708984375
7434.822265625
7406.25537109375
7377.7900390625
7351.15380859375
7324.33984375
7298.32373046875
7275.45068359375
7250.79931640625
7227.5576171875
7204.1611328125
7182.0
7159.82373046875
7138.07763671875
7117.673828125
7096.99609375
7077.22509765625
7057.30419921875
7037.70849609375
7020.24365234375
7001.12158203125
6982.75439453125
6964.0546875
6945.99560546875
6927.4560546875
6909.07568359375
6891.37060546875
6872.8427734375
6854.66845703125
6836.34130859375
