20000.0
20000.0
20000.0
20000.0
20000.0
20000.0
20000.0
20000.0
20000.0
20000.0
20000.0
20000.0
20000.0
20000.0
20000.0
20000.0
20000.0
20000.0
20000.005859375
20000.0
19999.634765625
20000.0
20000.0
20000.0
20000.0
20000.0
20000.0
20000.0
20000.0
20000.0
20000.0
20000.0
20000.0
20000.0
20000.0
19330.0625
18126.54296875
17185.2734375
16319.9013671875
15457.4140625
14656.111328125
14072.90625
13564.1923828125
13151.783203125
12778.2333984375
12460.3671875
12172.1884765625
11919.7724609375
11680.7822265625
11443.9619140625
11221.298828125
11001.220703125
10794.13671875
10617.58984375
10433.982421875
10276.8310546875
10120.212890625
9971.98828125
9826.451171875
9689.0673828125
9563.7138671875
9440.8896484375
9328.171875
9217.6767578125
9112.6923828125
9022.7705078125
8927.64453125
8840.111328125
8753.9736328125
8674.9111328125
8596.732421875
8522.5517578125
8453.744140625
8385.65625
8322.48828125
8259.8740234375
8200.5009765625
8149.43994140625
8094.908203125
8043.75244140625
7992.7197265625
7945.29443359375
7897.99462890625
7852.33056640625
7809.8603515625
7767.77001953125
7728.44189453125
7689.2666015625
7651.63134765625
7618.6494140625
7583.7568359375
7550.80224609375
7518.06396484375
7486.58984375
7455.20068359375
7424.71044921875
7396.27734375
7367.81640625
7341.11767578125
7314.42919921875
7288.439453125
7265.625
7240.96044921875
7217.91845703125
7194.4404296875
7172.375
7150.1943359375
7128.5029296875
7108.201171875
7087.6103515625
7067.849609375
7047.9931640625
7028.4130859375
7011.05029296875
6992.0078125
6973.73486328125
6955.07666015625
6937.10009765625
6918.6279296875
6900.265625
6882.63037109375
6864.2060546875
6846.1162109375
6828.005859375
