20000.0
20000.0
20000.0
20000.0
20000.0
20000.0
20000.0
20000.0
20000.0
20000.0
20000.0
20000.0
20000.0
20000.0
20000.0
20000.0
20000.0
20000.0
20000.0
20000.0
20000.0
19999.861328125
20000.0
20000.0
20000.0
20000.0
20000.0
20000.0
20000.0
19999.994140625
20000.0
20000.0
20000.0
20000.0
20000.0
19557.634765625
18814.05078125
17998.515625
16946.71875
16160.8037109375
15413.9130859375
14674.51171875
14076.1767578125
13489.365234375
12987.91015625
12557.2080078125
12218.388671875
11895.2255859375
11590.865234375
11316.19140625
11060.90234375
10845.876953125
10643.6484375
10438.0029296875
10255.02734375
10059.9375
9882.6318359375
9709.8740234375
9552.953125
9400.220703125
9256.2529296875
9133.14453125
9010.7470703125
8895.2060546875
8779.052734375
8667.998046875
8571.9208984375
8470.734375
8377.4306640625
8285.5400390625
8200.916015625
8117.47998046875
8037.9208984375
7964.52734375
7892.27392578125
7825.30712890625
7759.15380859375
7696.0595703125
7641.2958984375
7583.10400390625
7529.05029296875
7475.5478515625
7425.84521484375
7376.5546875
7329.06201171875
7284.732421875
7240.6044921875
7199.53125
7158.69384765625
7119.6298828125
7085.91845703125
7049.66748046875
7015.7177734375
6981.55322265625
6949.451171875
6917.376953125
6886.3212890625
6857.1650390625
6828.12841796875
6801.1455078125
6773.783203125
6747.31494140625
6724.0283203125
6699.1240234375
6675.830078125
6652.5166015625
6630.5263671875
6608.03515625
6586.259765625
6565.78759765625
6545.2236328125
6525.7919921875
6506.25732421875
6487.35498046875
6470.61376953125
6452.703125
6435.7998046875
6418.74658203125
6402.52978515625
6386.0810546875
6369.95068359375
6354.49462890625
6339.078125
6324.90966796875
6310.62158203125
