20000.0
20000.0
20000.0
20000.0
20000.0
20000.0
20000.0
20000.0
20000.0
20000.0
20000.0
20000.0
20000.0
20000.0
20000.0
20000.0
20000.0
20000.0
20000.01171875
20000.0
19998.533203125
20000.0
19999.998046875
20000.0
20000.0
20000.0
20000.0
20000.0
20000.0
20000.0
20000.0
20000.0
20000.0
19657.658203125
18946.169921875
17822.296875
16890.515625
16086.072265625
15306.8857421875
14556.0126953125
13901.32421875
13390.900390625
12922.3525390625
12552.0400390625
12206.6708984375
11905.7294921875
11626.8291015625
11379.728515625
11169.6484375
10951.8291015625
10748.8076171875
10545.501953125
10351.7724609375
10186.62109375
10014.6083984375
9857.880859375
9715.22265625
9582.6484375
9447.244140625
9317.087890625
9198.24609375
9082.263671875
8975.9833984375
8871.783203125
8772.947265625
8687.40625
8597.5419921875
8514.7978515625
8433.3046875
8357.9658203125
8283.66015625
8213.16796875
8147.8681640625
8083.39501953125
8023.85693359375
7964.8994140625
7908.3701171875
7859.1875
7806.92236328125
7758.373046875
7710.89111328125
7666.92578125
7623.01806640625
7580.51171875
7540.61865234375
7500.84130859375
7463.9140625
7427.0078125
7391.19091796875
7359.9853515625
7326.63623046875
7295.5693359375
7264.60888671875
7235.62646484375
7206.85546875
7179.0009765625
7152.85107421875
7126.599609375
7101.935546875
7077.0888671875
7053.0615234375
7031.98193359375
7009.353515625
6988.04345703125
6966.43359375
6945.7109375
6925.03955078125
6904.7783203125
6885.58447265625
6866.22216796875
6847.87646484375
6829.3818359375
6811.2509765625
6795.11083984375
6777.65771484375
6761.0107421875
6744.04052734375
6728.0986328125
6711.7275390625
6695.3408203125
6679.63916015625
6663.50830078125
6648.0146484375
6632.0048828125
