20000.0
20000.0
20000.0
19999.994140625
20000.0
20000.0
20000.0
20000.0
20000.0
20000.0
20000.0
20000.0
20000.0
20000.0
20000.0
20000.0
20000.0
20000.0
20000.0
20000.0
20000.0
19995.97265625
19999.951171875
20000.0
20000.0
20000.0
20000.0
20000.0
20000.0
20000.0
20000.0
20000.0
20000.0
20000.0
20000.0
20000.0
20000.0
19530.06640625
18850.171875
18068.818359375
17079.462890625
16290.580078125
15650.728515625
14941.7392578125
14310.798828125
13749.318359375
13240.4208984375
12782.2802734375
12402.8935546875
12094.53515625
11795.7431640625
11522.458984375
11260.025390625
11022.50390625
10830.4375
10638.44921875
10451.5849609375
10264.4453125
10089.3173828125
9916.11328125
9752.5478515625
9602.7919921875
9460.2392578125
9335.6083984375
9210.37109375
9087.7978515625
8979.60546875
8865.5859375
8760.642578125
8657.4853515625
8562.3544921875
8468.6728515625
8379.357421875
8296.630859375
8215.1953125
8139.748046875
8065.12255859375
7993.92578125
7932.26416015625
7866.84814453125
7806.19970703125
7746.0283203125
7690.27001953125
7634.84521484375
7581.47998046875
7531.85888671875
7482.60986328125
7436.7490234375
7391.939453125
7348.6025390625
7310.52685546875
7269.80029296875
7231.5556640625
7193.47021484375
7157.6884765625
7121.97314453125
7087.615234375
7055.18017578125
7022.783203125
6992.38525390625
6962.14697265625
6932.8837890625
6907.29541015625
6879.9033203125
6854.16455078125
6828.3701171875
6804.16162109375
6779.8798828125
6756.291015625
6734.1494140625
6711.7333984375
6690.35107421875
6669.15234375
6648.5615234375
6630.46923828125
6611.05029296875
6592.77734375
6574.38134765625
6557.1103515625
6539.7021484375
6522.82861328125
6506.92578125
6491.02197265625
6476.08251953125
6461.10107421875
