20000.0
20000.0
20000.0
19999.998046875
20000.0
20000.0
20000.0
20000.0
20000.0
20000.0
20000.0
20000.0
20000.0
20000.0
20000.0
20000.0
20000.0
20000.0
20000.0
19999.97265625
19999.98828125
20000.0
20000.0
20000.0
20000.0
20000.0
19999.99609375
20000.0
20000.0
20000.0
20000.0
20000.0
20000.0
20000.0
20000.0
19757.140625
18956.49609375
18318.162109375
17545.529296875
16630.8125
15889.5419921875
15299.0263671875
14645.1943359375
14054.79296875
13529.5390625
13039.8642578125
12586.7177734375
12202.5986328125
11900.7998046875
11614.876953125
11351.208984375
11096.359375
10861.00390625
10667.080078125
10476.5615234375
10303.951171875
10127.681640625
9961.94921875
9796.1923828125
9637.5205078125
9491.833984375
9349.4365234375
9225.8603515625
9105.841796875
8989.3583984375
8886.1083984375
8774.685546875
8671.564453125
8570.455078125
8477.435546875
8385.9521484375
8298.7900390625
8218.0869140625
8138.49072265625
8064.62646484375
7991.7001953125
7921.9892578125
7861.35107421875
7797.0478515625
7737.63623046875
7678.576171875
7623.72705078125
7569.330078125
7517.18408203125
7468.75439453125
7420.46728515625
7375.45947265625
7330.583984375
7287.79931640625
7250.7783203125
7211.2509765625
7174.154296875
7136.9638671875
7102.1142578125
7067.31640625
7033.66748046875
7002.125
6970.61474609375
6941.2373046875
6911.51611328125
6882.7353515625
6857.6025390625
6830.6708984375
6805.47314453125
6780.2451171875
6756.63818359375
6732.90966796875
6709.95703125
6688.37255859375
6666.76953125
6646.4052734375
6625.966796875
6606.16650390625
6588.64306640625
6569.96923828125
6552.31103515625
6534.53662109375
6517.81591796875
6500.9404296875
6484.40576171875
6468.58349609375
6452.62158203125
6437.66650390625
6422.623046875
