20000.0
20000.0
20000.0
20000.0
20000.0
20000.0
20000.0
20000.0
20000.0
20000.0
20000.0
20000.0
20000.0
20000.0
20000.0
20000.0
20000.0
20000.0
20000.0
20000.001953125
20000.0
20000.0
20000.0
20000.0
20000.0
20000.0
20000.0
20000.0
20000.0
20000.0
19999.998046875
20000.0
20000.0
20000.0
20000.0
20000.0
19607.205078125
18499.181640625
17516.82421875
16656.72265625
15801.482421875
15083.98828125
14376.287109375
13800.81640625
13319.9814453125
12936.6240234375
12578.517578125
12253.0029296875
11967.98828125
11707.849609375
11486.51171875
11255.197265625
11029.111328125
10832.6376953125
10624.947265625
10435.5283203125
10252.09375
10084.869140625
9926.048828125
9782.533203125
9645.3857421875
9508.431640625
9381.73828125
9257.490234375
9139.5400390625
9037.9033203125
8930.8505859375
8832.2392578125
8735.462890625
8645.9931640625
8558.1416015625
8474.5068359375
8397.0859375
8320.86328125
8250.4501953125
8180.78955078125
8113.966796875
8056.00830078125
7994.46435546875
7937.3466796875
7880.5625
7827.62158203125
7775.15625
7725.4833984375
7679.09716796875
7632.6796875
7589.126953125
7545.736328125
7503.78564453125
7467.169921875
7427.81982421875
7391.03955078125
7354.4873046875
7320.28076171875
7286.19384765625
7253.2529296875
7221.81689453125
7190.29248046875
7160.86865234375
7131.50732421875
7102.99169921875
7078.00146484375
7051.140625
7025.9716796875
7000.6240234375
6976.9462890625
6953.2236328125
6930.23583984375
6908.67236328125
6887.064453125
6866.67919921875
6846.05810546875
6826.1142578125
6808.3603515625
6789.2197265625
6771.06689453125
6752.78271484375
6735.40283203125
6717.8330078125
6700.9375
6684.6484375
6667.923828125
6651.86474609375
6635.900390625
