20000.0
20000.0
20000.0
20000.0
20000.0
20000.0
20000.0
20000.0
20000.0
20000.0
20000.0
20000.0
20000.0
20000.0
20000.0
20000.0
20000.0
20000.0
20000.0
19999.98046875
20000.0
20000.0
20000.0
20000.0
20000.0
20000.0
20000.0
20000.0
20000.0
20000.0
20000.0
20000.0
20000.0
19663.810546875
18979.798828125
17782.9140625
16848.2578125
16028.939453125
15246.6435546875
14493.9404296875
13853.6494140625
13348.044921875
12891.6318359375
12519.974609375
12172.974609375
11871.1630859375
11592.3046875
11347.5771484375
11134.8193359375
10913.1904296875
10705.1953125
10498.8369140625
10303.9990234375
10137.5224609375
9964.716796875
9810.2392578125
9667.2060546875
9531.6796875
9394.7392578125
9264.6591796875
9145.5439453125
9029.47265625
8922.8642578125
8818.376953125
8719.1064453125
8633.51953125
8543.7041015625
8460.68359375
8379.0029296875
8303.6787109375
8229.703125
8159.05029296875
8093.78955078125
8029.63671875
7969.92041015625
7910.8837890625
7854.228515625
7805.03466796875
7752.80322265625
7704.9892578125
7657.65380859375
7613.52197265625
7569.2958984375
7526.60888671875
7486.61865234375
7446.9140625
7410.09521484375
7372.87548828125
7337.20556640625
7306.044921875
7272.9150390625
7241.95361328125
7211.009765625
7182.060546875
7153.3369140625
7125.5693359375
7099.41650390625
7073.2265625
7048.5419921875
7023.73828125
6999.3701171875
6977.83544921875
6954.91357421875
6933.2705078125
6911.65087890625
6891.02392578125
6870.53271484375
6850.39599609375
6831.44775390625
6812.197265625
6794.0966796875
6775.74169921875
6757.7734375
6741.861328125
6724.515625
6708.12939453125
6691.56103515625
6675.7431640625
6659.45361328125
6643.3310546875
6627.87109375
6611.93017578125
6596.48828125
6580.62744140625
