20000.0
20000.0
20000.0
20000.0
20000.0
20000.0
20000.0
20000.0
20000.0
20000.0
20000.0
20000.0
20000.0
20000.0
20000.0
20000.0
20000.0
20000.0
20000.0
20000.0
20000.0
20000.0
20000.0
20000.0
20000.0
20000.0
20000.0
20000.0
20000.0
20000.0
20000.0
20000.0
20000.0
20000.0
20000.0
20000.0
19999.962890625
20000.0
19997.5546875
19999.607421875
20000.0
20000.0
20000.0
20000.0
20000.0
19999.94921875
20000.0
20000.0
20000.0
20000.0
20000.0
20000.0
20000.0
20000.0
20000.0
19687.341796875
18859.927734375
18124.0625
17454.9921875
16866.470703125
16299.126953125
15755.9052734375
15271.7216796875
14838.900390625
14432.7744140625
14025.3974609375
13640.1494140625
13314.2890625
12971.83203125
12655.8876953125
12346.34375
12063.015625
11786.5810546875
11525.078125
11286.9638671875
11091.970703125
10908.0224609375
10719.291015625
10536.0595703125
10377.318359375
10208.416015625
10050.59375
9892.611328125
9744.0908203125
9595.0869140625
9450.240234375
9313.9365234375
9180.173828125
9063.515625
8943.908203125
8824.1982421875
8717.0869140625
8600.3994140625
8489.9765625
8375.0048828125
8259.6201171875
8146.322265625
8039.09130859375
7939.7822265625
7840.8974609375
7747.92333984375
7654.40771484375
7563.109375
7482.44677734375
7394.99853515625
7312.29296875
7229.27490234375
7151.1806640625
7071.99169921875
6994.02783203125
6919.7626953125
6844.3603515625
6770.2705078125
6700.5673828125
6632.474609375
6574.947265625
6513.26123046875
6455.5029296875
6397.71044921875
6328.30810546875
6234.39111328125
6141.44921875
6047.59326171875
5970.29638671875
5904.42578125
5841.7822265625
