20000.0
20000.0
20000.0
19999.99609375
20000.0
20000.0
20000.0
20000.0
20000.0
20000.0
20000.0
20000.0
20000.0
20000.0
20000.0
20000.0
20000.0
20000.0
20000.005859375
19999.728515625
19998.634765625
20000.0
20000.0
20000.0
20000.0
20000.0
20000.0
20000.0
20000.0
20000.0
20000.0
20000.0
20000.0
19999.986328125
19323.0
18068.8046875
17102.564453125
16250.6552734375
15436.2509765625
14647.7080078125
13984.6552734375
13469.9384765625
13012.66015625
12632.96484375
12278.638671875
11973.1806640625
11693.833984375
11448.1826171875
11220.3798828125
10993.720703125
10782.6826171875
10573.2119140625
10376.466796875
10208.4677734375
10040.4755859375
9890.30859375
9738.2470703125
9595.6787109375
9456.427734375
9325.2607421875
9205.4892578125
9088.6064453125
8981.3193359375
8875.8173828125
8775.9111328125
8690.0595703125
8599.7041015625
8516.1083984375
8434.3974609375
8358.904296875
8284.5390625
8213.833984375
8148.4580078125
8083.70361328125
8023.642578125
7965.23974609375
7909.27392578125
7860.57373046875
7808.5185546875
7759.9990234375
7711.77392578125
7666.51708984375
7621.60693359375
7578.4873046875
7538.357421875
7498.58544921875
7461.43115234375
7424.51220703125
7388.939453125
7357.81005859375
7324.65869140625
7293.533203125
7262.6357421875
7233.798828125
7204.71923828125
7176.29150390625
7149.5830078125
7122.89306640625
7097.79736328125
7072.7333984375
7048.4345703125
7027.3662109375
7004.71337890625
6983.517578125
6962.1884765625
6942.09423828125
6922.01171875
6902.39794921875
6883.89599609375
6865.36474609375
6847.9443359375
6830.3203125
6812.9287109375
6797.51318359375
6780.9052734375
6765.16357421875
6749.41162109375
6734.3515625
6718.9560546875
6703.72509765625
6689.1005859375
6674.146484375
6659.67138671875
6644.82421875
