20000.0
20000.0
20000.0
20000.0
19999.998046875
20000.0
20000.0
20000.0
20000.0
20000.0
20000.0
20000.0
20000.0
20000.0
20000.0
20000.0
20000.0
20000.0
20000.0
20000.0
20000.0
20000.0
19999.583984375
19999.77734375
20000.0
20000.0
20000.0
19999.984375
20000.0
20000.0
20000.0
20000.0
19999.998046875
20000.0
20000.0
20000.0
20000.0
19792.880859375
19184.4921875
18249.83203125
17279.462890625
16575.73828125
15847.357421875
15149.197265625
14477.75390625
13925.298828125
13416.435546875
12993.9609375
12657.34375
12339.1923828125
12055.0712890625
11786.396484375
11542.9482421875
11345.984375
11151.234375
10960.0615234375
10765.82421875
10582.2392578125
10400.6953125
10229.29296875
10072.4072265625
9919.26171875
9778.90234375
9650.78515625
9527.0185546875
9416.494140625
9297.6064453125
9187.658203125
9079.560546875
8979.85546875
8881.54296875
8787.80078125
8700.9814453125
8615.1708984375
8535.9130859375
8457.5791015625
8382.5712890625
8317.474609375
8248.45703125
8184.45947265625
8120.9775390625
8062.16552734375
8003.91845703125
7947.82275390625
7895.55224609375
7843.37744140625
7794.83056640625
7746.4541015625
7699.96484375
7659.26513671875
7616.330078125
7576.3095703125
7536.46240234375
7498.921875
7461.2763671875
7424.71533203125
7390.25732421875
7356.00439453125
7323.94921875
7291.7333984375
7260.36572265625
7233.06298828125
7203.73681640625
7176.2626953125
7148.73828125
7122.8876953125
7097.00390625
7071.9462890625
7048.431640625
7024.619140625
7002.1806640625
6979.30126953125
6956.90673828125
6937.150390625
6915.88525390625
6895.798828125
6875.72265625
6856.81494140625
6837.79931640625
6819.18701171875
6801.6064453125
6783.80859375
6767.03173828125
6749.982421875
