20000.0
20000.0
20000.0
20000.0
19999.998046875
20000.0
20000.0
20000.0
20000.0
20000.0
20000.0
20000.0
20000.0
20000.0
20000.0
20000.0
20000.0
20000.0
20000.0
19999.998046875
19999.732421875
20000.0
20000.0
20000.0
20000.0
20000.0
20000.0
20000.0
20000.0
20000.0
20000.0
20000.0
20000.0
20000.0
20000.0
19856.80859375
19052.916015625
18422.75390625
17604.087890625
16693.650390625
15947.1474609375
15339.7060546875
14669.3056640625
14074.5546875
13545.1376953125
13053.7705078125
12603.255859375
12220.5966796875
11921.767578125
11633.767578125
11365.998046875
11108.6103515625
10872.9150390625
10679.7939453125
10489.9931640625
10310.5869140625
10133.87890625
9965.9521484375
9799.0615234375
9639.896484375
9493.41015625
9350.931640625
9230.2841796875
9108.8115234375
8990.759765625
8885.642578125
8773.3349609375
8670.0810546875
8568.9248046875
8475.87109375
8384.044921875
8296.580078125
8215.728515625
8135.8173828125
8061.8525390625
7988.90869140625
7918.853515625
7858.09619140625
7793.98876953125
7734.41845703125
7675.3330078125
7620.44482421875
7566.12353515625
7513.9697265625
7465.3349609375
7416.95361328125
7371.8408203125
7327.4228515625
7285.0283203125
7247.94189453125
7208.12646484375
7170.85888671875
7133.427734375
7098.53271484375
7063.5810546875
7029.83349609375
6998.38525390625
6966.74267578125
6937.00048828125
6907.31787109375
6878.62109375
6853.48779296875
6826.53076171875
6801.4541015625
6776.20849609375
6752.53369140625
6728.791015625
6705.80908203125
6684.21044921875
6662.5439453125
6642.17724609375
6621.6376953125
6601.70263671875
6584.34375
6565.51318359375
6547.8642578125
6529.7744140625
6512.75
6495.62841796875
6478.9404296875
6463.2080078125
6447.39794921875
6432.49853515625
6417.6640625
