20000.0
20000.0
20000.0
19999.998046875
19999.998046875
20000.0
20000.0
20000.0
20000.0
20000.0
20000.0
20000.0
20000.0
20000.0
20000.0
20000.0
20000.0
20000.0
20000.0
20000.0
20000.0
20000.0
19999.10546875
20000.0
20000.0
20000.0
20000.0
19999.9375
20000.0
20000.001953125
20000.0
20000.0
20000.0
20000.0
20000.0
20000.0
20000.0
19716.63671875
19141.037109375
18013.62109375
17093.7890625
16414.615234375
15660.53515625
14964.2216796875
14315.3525390625
13756.990234375
13256.0322265625
12848.919921875
12518.76171875
12204.08203125
11920.5625
11653.4619140625
11413.1015625
11215.4892578125
11008.349609375
10811.84765625
10619.22265625
10440.2333984375
10262.3095703125
10094.3271484375
9950.5986328125
9808.1640625
9673.533203125
9537.169921875
9406.8388671875
9295.015625
9177.8798828125
9070.2119140625
8964.361328125
8866.826171875
8770.658203125
8678.9345703125
8594.3154296875
8510.734375
8433.3056640625
8357.16015625
8284.3466796875
8221.078125
8154.0693359375
8092.017578125
8030.3212890625
7974.02734375
7917.974609375
7863.9541015625
7813.54296875
7763.361328125
7716.5576171875
7669.38232421875
7623.93408203125
7584.212890625
7542.083984375
7502.70458984375
7463.29833984375
7426.51123046875
7389.853515625
7354.3505859375
7321.140625
7287.888671875
7256.8818359375
7225.8388671875
7195.7001953125
7169.30419921875
7141.0185546875
7114.0546875
7086.9130859375
7061.48583984375
7035.94189453125
7011.3623046875
6988.275390625
6965.1435546875
6943.4951171875
6921.7998046875
6900.607421875
6882.10400390625
6862.22265625
6843.4951171875
6824.78466796875
6807.26220703125
6789.787109375
6772.99365234375
6757.06396484375
6740.931640625
6725.75048828125
6710.41259765625
