20000.0
20000.0
20000.0
20000.0
19999.99609375
20000.0
20000.0
20000.0
20000.0
20000.0
20000.0
20000.0
20000.0
20000.0
20000.0
20000.0
20000.0
20000.0
20000.009765625
20000.0
19998.84375
20000.0
20000.0
19999.998046875
20000.0
20000.0
20000.0
20000.0
20000.0
20000.0
20000.0
20000.0
20000.0
20000.0
19472.591796875
18374.4453125
17375.875
16508.615234375
15673.9453125
14873.091796875
14174.1025390625
13642.0712890625
13163.2177734375
12776.970703125
12418.6806640625
12110.4775390625
11828.349609375
11579.8466796875
11356.701171875
11128.919921875
10917.958984375
10708.8857421875
10510.939453125
10341.7744140625
10168.16796875
10018.451171875
9867.21484375
9724.1982421875
9583.2705078125
9450.8896484375
9330.1669921875
9212.361328125
9104.150390625
8997.994140625
8897.3056640625
8810.525390625
8719.3837890625
8635.212890625
8552.3994140625
8476.2958984375
8401.193359375
8329.603515625
8263.533203125
8198.376953125
8137.75537109375
8078.05615234375
8021.5029296875
7972.3447265625
7920.01171875
7871.1298828125
7822.4541015625
7776.884765625
7731.34619140625
7687.716796875
7647.15478515625
7606.88671875
7569.2607421875
7531.84619140625
7495.89892578125
7464.384765625
7430.70751953125
7399.3955078125
7368.05322265625
7338.90869140625
7309.6318359375
7281.4365234375
7254.60888671875
7227.45166015625
7201.9658203125
7176.5126953125
7152.0537109375
7130.6787109375
7107.52880859375
7085.81689453125
7063.9658203125
7043.38720703125
7022.69677734375
7002.5361328125
6983.525390625
6964.44189453125
6946.5341796875
6928.33642578125
6910.3310546875
6894.47314453125
6877.27001953125
6861.13427734375
6844.6806640625
6828.91162109375
6812.80078125
6796.8359375
6781.5087890625
6765.74853515625
6750.70166015625
6735.34326171875
