20000.0
20000.0
20000.0
20000.0
19999.998046875
20000.0
20000.0
20000.0
20000.0
20000.0
20000.0
20000.0
20000.0
20000.0
20000.0
20000.0
20000.0
20000.0
20000.0
19999.921875
20000.0
20000.0
20000.0
20000.0
20000.0
20000.0
20000.0
20000.0
20000.0
20000.0
20000.0
20000.0
19723.125
18882.078125
18184.337890625
17012.53125
16177.4248046875
15444.419921875
14730.00390625
14048.0654296875
13459.57421875
12983.33203125
12540.564453125
12191.5390625
11862.9326171875
11571.2646484375
11296.615234375
11051.572265625
10844.984375
10642.904296875
10447.5341796875
10250.822265625
10061.703125
9900.6015625
9733.3427734375
9581.06640625
9432.8994140625
9305.111328125
9180.0849609375
9057.4765625
8941.9013671875
8828.78515625
8724.921875
8623.2080078125
8526.482421875
8443.1591796875
8355.3818359375
8274.2861328125
8194.6181640625
8121.19580078125
8048.34423828125
7979.12060546875
7915.23388671875
7852.2197265625
7793.7841796875
7736.166015625
7681.15380859375
7633.20556640625
7582.28369140625
7534.84521484375
7487.85986328125
7444.20361328125
7400.92431640625
7359.353515625
7320.5283203125
7282.66845703125
7247.01025390625
7211.53466796875
7177.09814453125
7146.80517578125
7114.49560546875
7084.12548828125
7053.80908203125
7025.5712890625
6997.2958984375
6969.759765625
6944.2978515625
6918.7275390625
6894.775390625
6870.78759765625
6847.47021484375
6826.91552734375
6804.75341796875
6783.84228515625
6763.00048828125
6743.220703125
6723.38330078125
6704.04345703125
6685.66748046875
6666.9931640625
6649.32666015625
6631.267578125
6613.3154296875
6597.46630859375
6580.17529296875
6563.80078125
6547.05908203125
6531.19287109375
6515.01220703125
6498.99169921875
6483.54150390625
6467.76953125
6452.93212890625
6438.1767578125
