20000.0
20000.0
20000.0
20000.0
20000.0
20000.0
20000.0
20000.0
20000.0
20000.0
20000.0
20000.0
20000.0
20000.0
20000.0
20000.0
20000.0
20000.0
20000.0
20000.0
20000.001953125
19999.353515625
20000.0
20000.0
20000.0
20000.0
20000.0
19999.986328125
20000.0
20000.0
20000.0
20000.0
20000.0
20000.0
20000.0
20000.0
20000.0
19299.1875
18718.208984375
17690.630859375
16813.42578125
16154.0751953125
15443.1943359375
14765.6572265625
14128.2578125
13598.265625
13120.375
12726.6884765625
12406.7294921875
12102.0009765625
11824.7001953125
11559.4716796875
11317.5546875
11122.6142578125
10929.458984375
10746.34765625
10555.4404296875
10373.44140625
10194.3583984375
10025.31640625
9870.53125
9719.8583984375
9581.763671875
9446.6435546875
9326.4453125
9222.279296875
9108.4990234375
9001.3642578125
8894.9609375
8796.58984375
8699.4765625
8606.6806640625
8520.91015625
8436.0458984375
8357.6669921875
8280.2119140625
8206.06640625
8141.6572265625
8073.56396484375
8010.2568359375
7947.53173828125
7889.29345703125
7831.7158203125
7776.38671875
7724.92626953125
7673.4228515625
7625.642578125
7577.9345703125
7532.060546875
7491.96826171875
7449.10498046875
7409.07421875
7369.185546875
7331.884765625
7294.86865234375
7259.47265625
7226.16943359375
7192.6259765625
7161.02001953125
7129.37158203125
7098.6083984375
7071.56103515625
7042.5576171875
7015.455078125
6988.3388671875
6962.62451171875
6936.80078125
6911.81103515625
6888.42431640625
6865.0244140625
6842.869140625
6820.591796875
6798.8330078125
6779.66552734375
6758.53955078125
6738.568359375
6718.49560546875
6699.52978515625
6680.4677734375
6661.94921875
6644.373046875
6626.720703125
6609.86865234375
6592.87158203125
