20000.0
20000.0
20000.0
19999.998046875
20000.0
20000.0
20000.0
20000.0
20000.0
20000.0
20000.0
20000.0
20000.0
20000.0
20000.0
20000.0
20000.0
20000.00390625
20000.001953125
19999.4921875
20000.0
19999.998046875
20000.0
20000.0
20000.0
20000.0
20000.0
20000.0
20000.0
20000.0
20000.0
19887.7265625
18962.248046875
18294.162109375
17138.798828125
16204.7392578125
15435.826171875
14653.3583984375
13980.9736328125
13374.7939453125
12819.0185546875
12391.822265625
12003.3193359375
11668.875
11342.9814453125
11052.3173828125
10784.7158203125
10552.25
10337.9384765625
10128.578125
9930.5048828125
9735.9150390625
9552.876953125
9396.927734375
9242.236328125
9103.2138671875
8964.7802734375
8833.6181640625
8704.9130859375
8583.1162109375
8471.7294921875
8362.87109375
8262.9716796875
8165.02734375
8072.31884765625
7992.44287109375
7908.44580078125
7831.15185546875
7755.2822265625
7685.3330078125
7616.57177734375
7551.12744140625
7490.4619140625
7430.58154296875
7374.99560546875
7320.25537109375
7268.4375
7223.74560546875
7176.00634765625
7131.57275390625
7087.3212890625
7046.0517578125
7005.0390625
6965.40478515625
6928.8125
6892.306640625
6858.08056640625
6824.1044921875
6791.470703125
6762.9580078125
6732.54248046875
6704.3125
6675.962890625
6649.501953125
6623.05419921875
6597.57666015625
6573.625
6549.47216796875
6526.673828125
6504.0498046875
6482.26416015625
6463.2158203125
6442.83984375
6423.7578125
6404.662109375
6386.68310546875
6368.73779296875
6351.3427734375
6335.08984375
6318.79541015625
6303.673828125
6288.3818359375
6273.4892578125
6260.34423828125
6246.263671875
6232.8681640625
6219.4267578125
6206.65869140625
6193.8505859375
6181.26611328125
6169.376953125
6157.17626953125
6145.50244140625
6133.5048828125
