20000.0
20000.0
20000.0
20000.0
20000.0
20000.0
20000.0
20000.0
20000.0
20000.0
20000.0
20000.0
20000.0
20000.0
20000.0
20000.0
20000.0
20000.0
20000.0
20000.0
20000.001953125
20000.0
20000.0
20000.0
20000.0
20000.0
20000.0
20000.0
20000.0
20000.0
20000.0
20000.0
20000.0
20000.0
20000.0
20000.0
20000.0
19687.8125
19003.455078125
17833.1484375
16955.16796875
16183.0302734375
15479.888671875
14733.1044921875
14122.865234375
13592.326171875
13189.6103515625
12820.16015625
12487.115234375
12197.681640625
11930.1298828125
11702.654296875
11491.74609375
11277.7373046875
11084.4482421875
10877.150390625
10686.3125
10501.5078125
10332.86328125
10168.7001953125
10013.791015625
9871.9345703125
9740.1025390625
9618.3330078125
9494.8330078125
9376.1943359375
9273.4755859375
9164.90625
9064.7158203125
8966.0068359375
8874.857421875
8785.1044921875
8699.607421875
8620.1650390625
8541.9306640625
8469.6240234375
8398.255859375
8329.9794921875
8270.7685546875
8207.953125
8149.60986328125
8091.45849609375
8037.306640625
7983.595703125
7932.0595703125
7884.1025390625
7836.373046875
7791.6953125
7746.9375
7703.73779296875
7665.77783203125
7626.1640625
7588.9140625
7551.59326171875
7516.46923828125
7481.197265625
7446.91015625
7415.22216796875
7383.02490234375
7352.78662109375
7322.583984375
7293.23583984375
7267.4619140625
7239.67578125
7213.4716796875
7186.97509765625
7162.078125
7136.71630859375
7111.85498046875
7088.33349609375
7064.40966796875
7041.853515625
7019.01318359375
6996.52880859375
6976.5517578125
6954.86376953125
6934.26220703125
6913.3916015625
6893.60888671875
6873.4453125
6853.544921875
6834.4296875
6814.822265625
6796.6630859375
6778.4931640625
