20000.0
20000.0
20000.0
20000.0
20000.0
20000.0
20000.0
20000.0
20000.0
20000.0
20000.0
20000.0
20000.0
20000.0
20000.0
20000.0
20000.0
20000.0
20000.0
20000.0
20000.0
20000.0
20000.0
20000.0
20000.0
20000.0
20000.0
20000.0
20000.0
20000.0
20000.0
20000.0
20000.0
20000.0
20000.0
20000.0
20000.0
20000.0
20000.0
20000.0
20000.0
19999.998046875
20000.0
19999.998046875
20000.0
20000.0
20000.0
20000.0
19999.99609375
20000.0
20000.0
20000.0
20000.0
20000.0
20000.0
20000.0
19999.994140625
20000.0
20000.0
20000.0
20000.0
20000.0
20000.005859375
20000.0
19553.6484375
18719.873046875
17967.615234375
17225.521484375
16629.66015625
16069.736328125
15565.013671875
15006.423828125
14474.1279296875
14036.22265625
13620.1748046875
13260.666015625
12935.93359375
12464.7705078125
12081.5546875
11737.03515625
11424.9462890625
11109.5498046875
10809.783203125
10506.06640625
10217.9619140625
9958.802734375
9704.5634765625
9478.5
9235.09765625
9013.572265625
8829.65234375
8637.3837890625
8460.6103515625
8286.02734375
8121.80517578125
7954.45849609375
7787.92822265625
7625.99072265625
7461.47412109375
7305.07275390625
7158.6318359375
7024.72412109375
6905.400390625
6773.96240234375
6648.95703125
6525.53076171875
6414.4873046875
6307.90185546875
6207.5185546875
6114.88671875
6023.8876953125
5941.11181640625
5864.43408203125
5792.75390625
5730.64599609375
5663.4697265625
5600.56689453125
5538.9609375
5481.869140625
5425.32373046875
5370.95166015625
5320.5693359375
5270.84326171875
5224.52734375
5178.83935546875
