20000.0
20000.0
20000.0
20000.0
20000.0
20000.0
20000.0
20000.0
20000.0
20000.0
20000.0
20000.0
20000.0
20000.0
20000.0
20000.0
20000.0
19985.841796875
20000.0
19999.900390625
19999.681640625
20000.0
20000.0
20000.0
20000.0
20000.0
20000.0
20000.0
20000.0
20000.0
20000.0
20000.0
20000.0
19330.04296875
18522.701171875
17317.876953125
16455.595703125
15643.4521484375
14865.423828125
14127.3984375
13500.78125
13031.5693359375
12622.369140625
12267.5
11929.7060546875
11629.67578125
11353.62890625
11115.6923828125
10897.1953125
10671.873046875
10459.4638671875
10251.5927734375
10056.6279296875
9891.2431640625
9718.9072265625
9562.6484375
9418.15625
9286.8330078125
9153.435546875
9025.17578125
8907.0810546875
8791.3134765625
8684.908203125
8580.548828125
8481.5712890625
8396.4287109375
8306.8408203125
8224.2421875
8143.27001953125
8068.35546875
7994.85107421875
7924.77978515625
7860.1328125
7796.19677734375
7736.810546875
7678.42529296875
7622.19482421875
7573.44287109375
7521.630859375
7473.3916015625
7425.64453125
7381.2197265625
7337.890625
7295.99072265625
7256.68359375
7217.39697265625
7180.6103515625
7143.86083984375
7108.41162109375
7077.68408203125
7044.6181640625
7013.671875
6982.75048828125
6953.8056640625
6924.99609375
6897.22216796875
6871.111328125
6844.50341796875
6819.396484375
6794.265625
6769.982421875
6748.5322265625
6725.47265625
6703.8681640625
6682.33056640625
6661.91162109375
6641.3798828125
6621.33447265625
6602.44677734375
6583.3525390625
6565.1640625
6546.74755859375
6528.6171875
6512.42919921875
6494.986328125
6479.0927734375
6463.224609375
6447.97216796875
6432.388671875
6417.02685546875
6402.0751953125
6386.65869140625
6371.78955078125
6356.6025390625
