20000.0
20000.0
20000.0
20000.0
20000.0
20000.0
20000.0
20000.0
20000.0
20000.0
20000.0
20000.0
20000.0
20000.0
20000.0
20000.0
20000.0
20000.0
20000.0
20000.0
20000.0
19999.9140625
20000.0
20000.0
20000.0
20000.0
20000.0
20000.0
20000.0
19999.99609375
20000.0
20000.0
20000.0
20000.0
20000.0
19495.9296875
18720.826171875
18040.494140625
16945.94140625
16153.1337890625
15453.3662109375
14745.8564453125
14151.630859375
13574.435546875
13061.34765625
12613.7802734375
12267.42578125
11946.3017578125
11647.5654296875
11378.4248046875
11122.15234375
10901.013671875
10702.3251953125
10510.3623046875
10334.4755859375
10143.927734375
9967.1533203125
9795.1357421875
9638.681640625
9486.517578125
9343.078125
9212.044921875
9093.193359375
8981.23046875
8866.76171875
8756.458984375
8660.8583984375
8560.1611328125
8467.2060546875
8375.6416015625
8291.21484375
8207.72265625
8128.31884765625
8055.0908203125
7982.4169921875
7915.27001953125
7849.0810546875
7785.6728515625
7730.64404296875
7672.44482421875
7618.38671875
7564.884765625
7515.1689453125
7465.65966796875
7418.083984375
7373.70751953125
7329.65625
7288.6025390625
7247.73779296875
7208.353515625
7174.10498046875
7137.3994140625
7103.6826171875
7070.0322265625
7038.228515625
7006.37060546875
6975.48291015625
6946.41943359375
6917.3232421875
6889.99755859375
6862.67626953125
6836.2724609375
6813.291015625
6788.2666015625
6764.82763671875
6741.51416015625
6719.5869140625
6697.4892578125
6676.0205078125
6655.73828125
6635.3193359375
6615.97509765625
6596.43359375
6577.458984375
6560.65087890625
6542.2265625
6524.84814453125
6507.2978515625
6490.6337890625
6473.83154296875
6457.33837890625
6441.6552734375
6425.6806640625
6410.4140625
6394.79736328125
