20000.0
20000.0
20000.0
20000.0
20000.0
20000.0
20000.0
20000.0
20000.0
20000.0
20000.0
20000.0
20000.0
20000.0
20000.0
20000.0
20000.0
20000.0
20000.0
19998.0859375
19999.947265625
20000.0
19999.97265625
20000.0
20000.0
20000.0
20000.0
20000.0
20000.0
20000.0
20000.0
20000.0
20000.0
20000.0
20000.0
19637.138671875
18820.001953125
17681.01953125
16810.4375
15981.3916015625
15171.63671875
14497.7314453125
13848.4453125
13316.7041015625
12879.302734375
12520.8896484375
12178.6845703125
11862.9345703125
11585.9541015625
11333.068359375
11110.666015625
10882.3681640625
10664.0244140625
10474.0849609375
10274.5458984375
10092.2236328125
9915.3505859375
9765.5966796875
9616.5654296875
9470.1328125
9334.0791015625
9200.603515625
9078.27734375
8958.41796875
8844.8603515625
8747.044921875
8644.1806640625
8549.6181640625
8456.50390625
8370.9111328125
8286.673828125
8206.46875
8132.56591796875
8059.63134765625
7991.888671875
7924.96533203125
7860.91845703125
7805.45703125
7747.1533203125
7693.310546875
7639.6630859375
7589.52099609375
7539.4541015625
7491.2001953125
7446.3818359375
7401.49951171875
7359.607421875
7317.9873046875
7278.07470703125
7243.16015625
7205.90234375
7171.0
7136.2607421875
7103.86083984375
7070.63818359375
7038.716796875
7008.78857421875
6979.00634765625
6951.126953125
6923.24609375
6896.45263671875
6873.02880859375
6848.095703125
6824.72265625
6801.34033203125
6779.49267578125
6757.6259765625
6736.42919921875
6716.4814453125
6696.6484375
6678.060546875
6659.50146484375
6641.52685546875
6625.7158203125
6608.68798828125
6592.63818359375
6576.56884765625
6561.513671875
6546.07275390625
6531.046875
6516.73291015625
6502.3837890625
6488.8291015625
6475.15673828125
