20000.0
20000.0
20000.0
20000.0
20000.0
20000.0
20000.0
20000.0
20000.0
20000.0
20000.0
20000.0
20000.0
20000.0
20000.0
20000.0
20000.0
20000.0
19991.244140625
19998.669921875
19999.9609375
19999.998046875
20000.0
20000.0
20000.0
20000.0
20000.0
20000.0
20000.0
20000.0
20000.0
20000.0
20000.0
20000.0
20000.0
19263.185546875
18641.763671875
17468.109375
16607.408203125
15869.73046875
15126.8115234375
14496.8994140625
13876.9912109375
13339.560546875
12871.1474609375
12513.6328125
12179.9638671875
11870.5517578125
11596.4619140625
11339.8173828125
11119.21875
10917.90625
10712.7607421875
10531.8173828125
10337.2080078125
10158.802734375
9983.8935546875
9825.0126953125
9670.21484375
9530.30859375
9404.6884765625
9277.7265625
9157.1533203125
9038.5205078125
8925.8203125
8828.9130859375
8726.78515625
8632.8017578125
8540.1767578125
8454.5859375
8370.3701171875
8290.1240234375
8215.82421875
8142.52880859375
8074.80908203125
8007.82763671875
7943.74951171875
7888.333984375
7829.63427734375
7774.87890625
7720.64111328125
7670.08251953125
7619.896484375
7571.68603515625
7526.81640625
7482.6015625
7441.62939453125
7400.80078125
7361.302734375
7326.5390625
7289.39794921875
7254.37255859375
7219.45654296875
7187.05712890625
7154.53369140625
7122.8798828125
7093.43994140625
7064.0205078125
7036.54833984375
7009.03076171875
6982.36767578125
6959.05517578125
6934.04931640625
6910.61669921875
6887.0634765625
6864.83056640625
6842.45556640625
6820.37451171875
6799.40673828125
6778.47412109375
6758.80419921875
6739.02880859375
6719.8515625
6702.97900390625
6684.78564453125
6667.4892578125
6650.11669921875
6633.6787109375
6617.05322265625
6600.66455078125
6585.28369140625
6569.53271484375
6554.634765625
6539.52197265625
