20000.0
20000.0
20000.0
20000.0
20000.0
20000.0
20000.0
20000.0
20000.0
20000.0
20000.0
20000.0
20000.0
20000.0
20000.0
20000.0
20000.0
20000.0
19973.5390625
20000.0
20000.0
20000.0
20000.0
20000.0
20000.0
20000.0
20000.0
20000.009765625
20000.0
20000.0
19999.998046875
20000.0
20000.0
20000.0
20000.0
19490.798828125
18737.130859375
17600.935546875
16739.1484375
15950.470703125
15171.8037109375
14523.013671875
13898.6630859375
13358.1630859375
12890.1484375
12530.6220703125
12190.3720703125
11875.0673828125
11598.1845703125
11343.0166015625
11122.1484375
10903.994140625
10693.158203125
10510.619140625
10317.171875
10138.251953125
9964.6162109375
9817.8818359375
9670.8212890625
9526.724609375
9391.2939453125
9259.2587890625
9138.0361328125
9019.9638671875
8908.0087890625
8811.69921875
8710.326171875
8616.837890625
8525.0908203125
8440.35546875
8356.9150390625
8277.6708984375
8204.419921875
8132.0673828125
8065.29541015625
7999.25
7935.9892578125
7881.52880859375
7824.27734375
7770.76513671875
7717.78466796875
7668.2412109375
7618.87744140625
7571.302734375
7526.775390625
7482.41650390625
7441.2431640625
7400.3037109375
7360.77734375
7326.25634765625
7289.5517578125
7255.1552734375
7220.81787109375
7188.77685546875
7156.81494140625
7125.82666015625
7096.92822265625
7067.99462890625
7040.646484375
7012.92138671875
6986.224609375
6962.814453125
6937.82421875
6914.43310546875
6891.01708984375
6869.10302734375
6847.0556640625
6825.7666015625
6805.78125
6785.77001953125
6767.041015625
6748.37353515625
6730.30419921875
6714.56884765625
6697.56689453125
6681.603515625
6665.55712890625
6650.21630859375
6634.923828125
6619.82080078125
6605.87255859375
6591.64697265625
6578.265625
6564.73486328125
