20000.0
20000.0
20000.0
20000.0
20000.0
20000.0
20000.0
20000.0
20000.0
20000.0
20000.0
20000.0
20000.0
20000.0
20000.0
20000.0
20000.0
20000.0
19998.021484375
19999.966796875
20000.0
20000.0
20000.0
20000.0
20000.0
20000.0
20000.0
20000.0
20000.0
20000.0
20000.0
20000.0
20000.0
19255.71875
18571.4609375
17446.35546875
16554.37109375
15789.7138671875
15037.9775390625
14319.5732421875
13698.3447265625
13204.26171875
12749.2548828125
12390.556640625
12055.8671875
11760.384765625
11482.8369140625
11236.0361328125
11028.505859375
10823.765625
10623.501953125
10421.990234375
10229.1875
10064.9482421875
9894.4873046875
9739.337890625
9588.4775390625
9452.84765625
9327.3466796875
9204.1220703125
9087.01953125
8972.275390625
8866.40625
8762.662109375
8664.0087890625
8578.9951171875
8489.5078125
8406.8291015625
8325.5234375
8250.4609375
8176.36279296875
8105.65478515625
8040.5380859375
7976.20751953125
7916.64794921875
7857.8369140625
7801.5634765625
7752.63671875
7700.65673828125
7652.2900390625
7604.2900390625
7559.70361328125
7515.53271484375
7473.02197265625
7433.30615234375
7393.6767578125
7357.19287109375
7320.91845703125
7285.79052734375
7254.927734375
7221.8369140625
7190.68798828125
7159.53271484375
7130.2880859375
7101.53662109375
7073.369140625
7046.90966796875
7020.51513671875
6995.6591796875
6970.74365234375
6946.4873046875
6925.123046875
6902.1279296875
6880.44384765625
6858.84423828125
6838.2548828125
6817.35791015625
6796.865234375
6777.421875
6757.88330078125
6738.767578125
6719.3642578125
6700.3447265625
6683.39013671875
6664.9931640625
6647.38623046875
6629.5
6612.322265625
6594.662109375
6577.203125
6561.11279296875
6544.693359375
6528.921875
6512.29833984375
