20000.0
20000.0
20000.0
20000.0
20000.0
20000.0
20000.0
20000.0
20000.0
20000.0
20000.0
20000.0
20000.0
20000.0
20000.0
20000.0
20000.0
20000.0
20000.0
20000.0
19999.0
20000.0
19999.998046875
20000.0
20000.0
20000.0
20000.0
20000.0
20000.0
20000.0
20000.0
20000.0
20000.0
20000.0
19999.990234375
18962.16015625
17886.1171875
16926.83984375
16021.6826171875
15153.9169921875
14418.1787109375
13870.2294921875
13394.595703125
12991.80859375
12621.8955078125
12306.6669921875
12020.140625
11759.30078125
11511.701171875
11272.3017578125
11050.255859375
10832.2861328125
10627.2783203125
10462.076171875
10289.6875
10125.205078125
9962.599609375
9814.7548828125
9671.1982421875
9536.1904296875
9412.54296875
9291.560546875
9180.49609375
9072.0390625
8969.09375
8880.408203125
8787.5654296875
8701.9482421875
8617.5419921875
8540.123046875
8463.724609375
8391.623046875
8325.1611328125
8259.2353515625
8198.02734375
8136.98388671875
8078.09814453125
8027.064453125
7972.9443359375
7922.70654296875
7872.92919921875
7826.435546875
7780.25634765625
7736.26025390625
7694.9443359375
7653.859375
7615.72021484375
7577.2734375
7539.8154296875
7507.240234375
7472.4521484375
7440.220703125
7407.81640625
7377.49560546875
7347.21484375
7317.97265625
7290.59765625
7263.4248046875
7238.0244140625
7212.7978515625
7188.7451171875
7167.45361328125
7144.46533203125
7122.8125
7101.2626953125
7080.94873046875
7060.70458984375
7041.0400390625
7022.57177734375
7003.9033203125
6986.40576171875
6968.81787109375
6951.7060546875
6936.591796875
6920.115234375
6904.365234375
6888.31201171875
6872.9951171875
6857.275390625
6841.7626953125
6826.85107421875
6811.7734375
6797.19775390625
6782.05517578125
