20000.0
20000.0
20000.0
20000.0
20000.0
20000.0
20000.0
20000.0
20000.0
20000.0
20000.0
20000.0
20000.0
20000.0
20000.0
20000.0
20000.0
20000.0
20000.0
20000.0
19999.470703125
20000.0
19999.916015625
19999.505859375
20000.0
20000.0
20000.0
20000.0
20000.01953125
20000.0
20000.0
19999.998046875
20000.0
20000.0
20000.0
20000.0
20000.0
20000.0
20000.0
19920.072265625
18696.580078125
17811.35546875
16980.572265625
16176.5849609375
15384.8623046875
14709.6953125
14138.5888671875
13687.8369140625
13306.6171875
12954.41015625
12648.6298828125
12365.84765625
12116.568359375
11911.5107421875
11683.1044921875
11464.380859375
11245.6123046875
11044.2041015625
10847.8564453125
10662.861328125
10493.8076171875
10328.9462890625
10187.5517578125
10045.5234375
9906.666015625
9785.8359375
9658.4951171875
9540.927734375
9425.021484375
9318.15234375
9212.8154296875
9112.6279296875
9020.0068359375
8928.5615234375
8844.1923828125
8760.7724609375
8681.0283203125
8612.01171875
8538.8720703125
8470.796875
8403.2119140625
8340.404296875
8278.0029296875
8218.04296875
8162.0283203125
8106.09765625
8054.22119140625
8003.328125
7954.00634765625
7910.85693359375
7864.41455078125
7820.91796875
7777.60791015625
7736.5478515625
7695.76318359375
7656.2880859375
7619.54638671875
7582.7353515625
7547.9541015625
7512.6298828125
7478.6181640625
7448.85302734375
7416.84765625
7386.72265625
7356.56298828125
7328.212890625
7299.771484375
7272.21533203125
7246.28173828125
7220.27099609375
7195.8779296875
7171.47705078125
7147.77099609375
7126.8525390625
7104.2626953125
7082.95458984375
7061.54638671875
7041.19189453125
7020.60205078125
7000.537109375
6981.52294921875
6962.37939453125
6944.48486328125
6926.1044921875
