20000.0
20000.0
20000.0
20000.0
20000.0
20000.0
20000.0
20000.0
20000.0
20000.0
20000.0
20000.0
20000.0
20000.0
20000.0
20000.0
20000.0
20000.0
20000.0
19999.99609375
20000.00390625
19999.880859375
20000.0
20000.0
20000.0
20000.0
19999.982421875
20000.0
20000.0
19999.984375
20000.0
20000.0
20000.0
20000.0
19998.197265625
20000.0
20000.0
19731.5390625
18494.13671875
17526.806640625
16695.27734375
15947.0380859375
15152.763671875
14485.28515625
13922.765625
13496.765625
13107.1455078125
12759.6474609375
12463.3076171875
12192.51953125
11959.208984375
11728.25390625
11503.369140625
11307.24609375
11098.455078125
10905.8076171875
10717.5703125
10546.443359375
10391.1708984375
10238.5146484375
10093.89453125
9950.802734375
9820.2587890625
9692.86328125
9572.349609375
9468.513671875
9359.1484375
9258.2431640625
9159.181640625
9067.8671875
8977.8017578125
8891.8046875
8812.6533203125
8734.431640625
8662.046875
8590.7333984375
8522.24609375
8462.9267578125
8399.7880859375
8341.9140625
8284.529296875
8230.9775390625
8177.57421875
8126.18505859375
8077.5859375
8029.23779296875
7984.2080078125
7939.5791015625
7896.57958984375
7859.01416015625
7818.84228515625
7781.43115234375
7743.99169921875
7708.9970703125
7673.94677734375
7640.341796875
7608.84521484375
7577.18310546875
7547.00732421875
7516.876953125
7487.6552734375
7461.91015625
7434.267578125
7408.48486328125
7382.56787109375
7358.3017578125
7334.119140625
7310.427734375
7288.1318359375
7265.8056640625
7244.68212890625
7223.4755859375
7202.93505859375
7184.7783203125
7164.9697265625
7146.255859375
7127.41259765625
7109.61181640625
7091.69873046875
7074.29443359375
7057.64306640625
7040.68505859375
7024.44140625
7007.814453125
