20000.0
20000.0
20000.0
19999.99609375
20000.0
20000.0
20000.0
20000.0
20000.0
20000.0
20000.0
20000.0
20000.0
20000.0
20000.0
20000.0
20000.0
20000.0
20000.0
20000.021484375
20000.0
20000.0
20000.0
19999.990234375
20000.0
20000.0
20000.0
20000.0
20000.0
20000.0
20000.0
19246.859375
18476.38671875
17708.912109375
16852.296875
16193.53125
15632.8193359375
15097.998046875
14632.4873046875
14267.193359375
13918.013671875
13365.1005859375
12849.64453125
12494.6455078125
12163.537109375
11849.9111328125
11520.1708984375
11197.751953125
10908.1650390625
10626.8046875
10357.8447265625
10102.5556640625
9875.986328125
9691.7216796875
9501.486328125
9340.5390625
9179.119140625
9020.841796875
8853.4384765625
8686.1708984375
8526.19921875
8368.1396484375
8233.0634765625
8113.6015625
8008.6396484375
7917.81982421875
7817.61669921875
7712.85205078125
7604.68359375
7504.2802734375
7406.4384765625
7314.45458984375
7229.2783203125
7146.12255859375
7070.07373046875
6995.4326171875
6924.3515625
6862.890625
6797.7138671875
6737.0078125
6676.63037109375
6620.27587890625
6564.21484375
6510.134765625
6459.7119140625
6409.45654296875
6362.45751953125
6315.708984375
6273.5673828125
6237.357421875
6197.623046875
6159.73095703125
6121.3544921875
6085.15478515625
6048.8154296875
6013.51123046875
5980.4287109375
5947.287109375
5916.1416015625
5884.4453125
5853.5361328125
5826.34765625
5797.341796875
5770.193359375
5743.1689453125
5717.77490234375
5692.49169921875
5668.060546875
5645.21240234375
5622.45849609375
5601.146484375
5579.71240234375
5559.20556640625
5541.06787109375
5521.62451171875
5503.3837890625
5485.1142578125
5467.88720703125
5450.62353515625
5433.85205078125
5418.087890625
5402.291015625
5387.4130859375
5372.4189453125
