20000.0
20000.0
20000.0
20000.0
20000.0
20000.0
20000.0
20000.0
20000.0
20000.0
20000.0
20000.0
20000.0
20000.0
20000.0
20000.0
20000.0
20000.0
20000.0
20000.0
20000.0
20000.0
19999.998046875
20000.0
19999.958984375
20000.0
20000.0
19999.998046875
20000.0
20000.0
20000.0
20000.0
19999.58203125
20000.0
20000.0
20000.0
20000.0
20000.0
20000.0
20000.0
20000.0
19547.96484375
19001.125
18286.701171875
17323.458984375
16544.66015625
15887.2890625
15197.2451171875
14552.6279296875
14020.919921875
13501.0966796875
13065.9130859375
12687.2333984375
12378.79296875
12116.720703125
11831.7314453125
11562.6689453125
11299.103515625
11070.0712890625
10864.9765625
10683.9755859375
10499.7763671875
10305.578125
10124.4697265625
9947.1279296875
9779.927734375
9637.498046875
9488.07421875
9350.6904296875
9215.78515625
9091.388671875
8968.9375
8852.7626953125
8752.75
8654.0986328125
8558.6064453125
8461.1396484375
8366.5830078125
8284.017578125
8196.423828125
8115.09033203125
8034.5537109375
7959.9248046875
7886.1435546875
7815.33544921875
7749.607421875
7684.48291015625
7623.798828125
7563.37353515625
7505.31787109375
7454.73828125
7400.8271484375
7350.50732421875
7300.22216796875
7253.17724609375
7206.31689453125
7161.111328125
7118.75830078125
7076.48095703125
7036.748046875
6997.00146484375
6958.4580078125
6924.50048828125
6887.9482421875
6853.658203125
6819.0498046875
6786.59423828125
6753.9580078125
6722.29150390625
6693.20654296875
6663.80517578125
6635.98828125
6607.8740234375
6580.5576171875
6556.30224609375
6529.8525390625
6504.87646484375
6479.8720703125
6456.39697265625
6433.17822265625
6410.3203125
6388.83740234375
6367.2744140625
6346.98388671875
6326.5400390625
