20000.0
20000.0
20000.0
20000.0
20000.0
20000.0
20000.0
20000.0
20000.0
20000.0
20000.0
20000.0
20000.0
20000.0
20000.0
20000.0
20000.0
20000.0
20000.0
20000.0
20000.0
20000.0
20000.0
20000.0
20000.0
20000.0
20000.0
20000.0
20000.0
20000.0
20000.0
20000.0
20000.0
20000.0
20000.0
20000.0
20000.0
20000.0
20000.0
19999.998046875
20000.0
20000.0
20000.0
20000.0
20000.0
19999.99609375
20000.0
19999.98828125
20000.0
20000.0
20000.0
20000.0
20000.0
20000.0
20000.0
20000.0
20000.0
20000.0
20000.0
20000.0
19226.353515625
18517.564453125
17860.638671875
17225.9296875
16632.349609375
16124.0576171875
15612.685546875
15154.2392578125
14710.927734375
14305.310546875
13911.599609375
13542.8916015625
13206.9140625
12887.6220703125
12622.7109375
12365.8984375
12122.9541015625
11912.615234375
11688.9384765625
11479.171875
11285.6279296875
11100.9287109375
10914.240234375
10733.177734375
10563.3740234375
10393.5498046875
10234.06640625
10073.865234375
9899.0
9711.8935546875
9541.0791015625
9387.9892578125
9242.109375
9114.22265625
8992.7587890625
8877.5634765625
8738.9228515625
8563.4599609375
8408.5810546875
8269.82421875
8147.357421875
8045.61328125
7936.02783203125
7829.18505859375
7719.92333984375
7618.76318359375
7512.80078125
7401.740234375
7295.01806640625
7188.83642578125
7088.81591796875
6986.6708984375
6888.53369140625
6803.34814453125
6711.591796875
6624.32275390625
6537.42626953125
6456.6943359375
6377.15185546875
6301.36279296875
6230.32958984375
6158.2548828125
6089.93896484375
6019.87109375
