25400.0
25400.0
25400.0
25391.283203125
25372.833984375
25372.833984375
25362.84375
25357.765625
25353.625
25351.041015625
25348.72265625
25347.62890625
25347.130859375
25346.888671875
25346.771484375
25346.61328125
25345.978515625
25345.978515625
46671.0078125
71803.90625
90780.7578125
108906.9609375
121333.671875
128614.8984375
132224.828125
136117.09375
138835.40625
134574.640625
130576.515625
126989.2734375
123701.3828125
120761.5
118315.5546875
115880.453125
113806.953125
111921.40625
110452.5390625
108967.671875
107679.875
107025.6875
106519.9296875
105824.0703125
105426.0625
105161.4921875
105054.96875
105040.0078125
105061.7578125
104980.1796875
104897.953125
104945.8671875
105085.2734375
105221.03125
105380.1953125
105580.78125
105838.9765625
106150.640625
106468.203125
106868.6640625
107345.375
107852.21875
108296.0
108695.3203125
109161.28125
109594.9296875
109974.2890625
110289.8671875
110582.5546875
110849.7265625
111122.3671875
111426.375
111713.1953125
111978.1328125
112119.609375
112265.6484375
112382.1640625
112443.359375
112418.859375
112302.1953125
112110.390625
111851.5859375
111623.7578125
111442.8515625
111282.4609375
111104.5234375
110920.2109375
110711.0625
110486.7890625
110265.59375
110046.984375
109825.6328125
109590.1875
109360.1875
109157.2109375
108937.1015625
108724.0625
108508.8828125
108301.5078125
108088.3046875
107876.6796875
107715.46875
107560.21875
107416.0234375
107328.515625
107245.7109375
107165.296875
107074.921875
106988.1171875
106899.921875
106816.6171875
106737.6328125
106660.6171875
106579.3046875
106491.0703125
106408.90625
106330.75
106284.1328125
106236.7265625
106177.625
106117.75
106057.125
106001.515625
105947.4140625
105895.203125
105847.7421875
105805.6328125
105797.1484375
105822.765625
