25400.0
25400.0
25400.0
25400.0
25400.0
25400.0
25400.0
25400.0
25400.0
25400.0
25400.0
25400.0
25400.0
25400.0
25400.0
25400.0
25400.0
25400.0
25400.0
25400.0
25400.0
25400.0
25400.0
25400.0
25400.0
25400.0
25400.0
25400.0
25400.0
25400.0
25400.0
25400.0
25400.0
25400.0
25400.0
25400.0
25400.0
37611.74609375
53001.91796875
66272.2109375
76468.59375
83373.6953125
90468.578125
96926.3046875
102932.015625
108404.5859375
113333.3046875
118045.015625
121985.71875
125320.84375
128029.28125
130403.1640625
132487.140625
134206.6875
135867.546875
137237.0625
138365.34375
139308.296875
140284.453125
141185.59375
141911.5625
142617.625
143275.6875
143909.8125
144506.578125
145015.984375
145492.1875
145888.90625
146251.640625
150051.5
150195.765625
149941.15625
149782.1875
147744.046875
144657.265625
141717.96875
139066.140625
137523.28125
135862.640625
134098.15625
132439.71875
130843.1875
129313.8515625
128022.328125
126983.2421875
126014.6796875
125119.234375
124269.296875
123535.3984375
122952.40625
122361.9453125
121841.9765625
121352.34375
120921.890625
120534.5390625
120189.3203125
119917.5
119721.1484375
119630.5
119627.0390625
119592.5390625
119551.1171875
119514.6796875
119496.6953125
119488.625
119489.5078125
119491.3359375
119440.1875
119375.8671875
119321.140625
119274.53125
119225.59375
119170.4921875
119090.9140625
118972.2421875
118828.5078125
118659.859375
118482.671875
118287.6484375
118082.140625
117874.5703125
117651.75
117429.8671875
117194.3046875
