25400.0
25400.0
25400.0
25400.0
25400.0
25400.0
25400.0
25400.0
25400.0
25400.0
25400.0
25400.0
25400.0
25400.0
25400.0
25400.0
25400.0
25400.0
25400.0
25400.0
25400.0
25400.0
25400.0
25400.0
29248.095703125
47873.4140625
63484.1015625
76572.71875
87076.6875
95050.4453125
102356.8671875
108472.578125
113747.1953125
117813.109375
121224.5234375
124195.609375
126654.1484375
128797.1875
130571.53125
132236.3125
133870.171875
135039.171875
136079.734375
137026.953125
137916.09375
138691.703125
139337.734375
139914.59375
141432.953125
143651.609375
144130.5
143888.390625
141853.765625
147031.546875
148964.015625
152715.984375
149655.96875
146212.3125
143500.828125
141280.609375
139447.6875
137756.125
136208.109375
134664.3125
133193.0625
131907.140625
130569.046875
129340.84375
128093.4453125
126989.875
125946.4921875
124985.640625
124191.1015625
123385.9609375
122639.140625
121903.2578125
121200.53125
120616.4765625
120003.2578125
119442.9609375
118905.3984375
118426.0234375
117974.390625
117558.34375
117188.5390625
116862.5390625
116594.7109375
116354.6171875
116114.4453125
115927.3515625
115753.8359375
115669.0546875
115619.5078125
115578.859375
115548.28125
115535.046875
115542.203125
115587.625
115680.2265625
115776.1640625
115865.53125
115945.5
116107.8125
116325.7421875
116485.5234375
116576.0234375
116643.59375
116703.9921875
116781.7890625
116704.703125
116578.0625
116428.421875
116239.046875
116019.515625
115741.125
115449.3671875
115098.859375
114745.109375
114388.265625
114106.4296875
113843.9375
113533.6796875
113216.0703125
112871.2890625
