25400.0
25400.0
25400.0
25400.0
25267.759765625
25267.759765625
25267.759765625
25267.759765625
25267.759765625
25267.759765625
25267.759765625
25267.759765625
25267.759765625
25267.759765625
25267.759765625
25267.759765625
25267.759765625
25267.759765625
25267.759765625
25267.759765625
25267.759765625
25267.759765625
25267.759765625
25267.759765625
25267.759765625
25267.759765625
25267.759765625
25267.759765625
25267.759765625
25267.759765625
25267.759765625
25267.759765625
25267.759765625
33088.28515625
49543.71875
62172.63671875
70872.390625
75070.734375
78544.4375
81859.84375
85708.4921875
88891.0
91984.15625
94683.40625
97233.6171875
99995.21875
102740.8203125
105303.296875
107648.3984375
109804.03125
111625.6015625
113319.75
114993.7265625
116741.609375
118854.875
120822.375
122705.15625
124447.75
125733.3125
124983.1328125
124455.8125
124004.375
123546.75
123069.671875
122583.7578125
122140.0
121635.5703125
121156.203125
120714.25
120302.8046875
119811.0859375
119271.1171875
118721.6640625
118228.4375
117827.890625
117428.1875
117012.5
116582.15625
116160.609375
115825.1015625
115513.53125
115220.7109375
114911.09375
114648.0703125
114285.390625
113921.8203125
113818.4140625
113775.8046875
113682.609375
113598.890625
113513.0703125
113535.1953125
113555.859375
113550.9140625
113513.046875
113432.25
113376.796875
113327.4140625
113150.0390625
112901.71875
112632.078125
112384.0625
112133.7734375
111992.4765625
112209.734375
112479.0078125
112578.3984375
112500.3515625
112383.8046875
112224.8984375
112090.5390625
111966.734375
111820.046875
111680.0234375
111635.5
111650.90625
111674.5
111692.7265625
111708.734375
111728.734375
111742.46875
111773.109375
111826.96875
111982.90625
