25400.0
25400.0
25400.0
25332.369140625
25293.73046875
25293.73046875
25293.73046875
25293.73046875
25293.73046875
25293.73046875
25293.73046875
25293.73046875
25293.73046875
25293.73046875
25293.73046875
25293.73046875
25293.73046875
25293.73046875
25293.73046875
25293.73046875
25293.73046875
25293.73046875
32369.439453125
51912.20703125
65990.359375
73932.34375
79700.609375
85421.75
90362.328125
94252.15625
98380.6171875
102474.078125
106288.609375
109628.2109375
112684.484375
115398.1015625
118362.765625
118122.25
117576.7734375
117164.1875
116991.3125
116826.0546875
116583.5
116273.234375
115919.2734375
115615.7265625
115329.6796875
114997.0234375
114590.4453125
114201.125
113857.671875
113494.734375
113106.8515625
112688.9296875
112341.359375
112081.5
111846.625
111919.734375
112263.7890625
112533.109375
112734.4453125
112984.6640625
112966.2734375
112880.0
112789.0625
112691.453125
112558.8046875
112399.859375
112207.53125
112010.171875
111884.078125
111590.359375
111252.34375
110906.5
110615.1484375
110575.2578125
110754.7109375
110776.65625
110672.1953125
110472.2890625
110299.6640625
110129.859375
110045.1328125
110050.0078125
110189.8125
110329.3125
110411.921875
110479.21875
110569.4453125
110692.7109375
110882.0234375
111053.234375
111222.7734375
111381.6640625
111539.53125
111691.4453125
111823.65625
111950.890625
112070.234375
112191.171875
112307.4375
112373.0546875
112455.78125
112544.0234375
112638.328125
112673.9140625
112720.265625
112791.015625
112864.7734375
112931.078125
112970.9609375
112981.5703125
112952.0703125
112882.2578125
112857.5390625
112913.875
113068.0703125
113202.578125
113293.796875
113347.515625
113366.890625
113360.0859375
113341.2734375
113310.3671875
