25400.0
25400.0
25400.0
25400.0
25400.0
25400.0
25400.0
25400.0
25400.0
25400.0
25400.0
25400.0
25400.0
25400.0
25400.0
25400.0
25400.0
25400.0
25400.0
25400.0
25400.0
25400.0
25400.0
25400.0
25400.0
25400.0
25400.0
25400.0
25400.0
25400.0
25400.0
25400.0
25400.0
25400.0
25400.0
25400.0
25400.0
25400.0
30628.65234375
46924.65234375
61233.05859375
74129.546875
81828.890625
88867.2421875
95386.8046875
101836.6953125
108028.484375
113493.28125
118312.53125
122291.7734375
125779.046875
128650.75
131173.15625
133338.46875
135124.46875
136902.234375
138421.5625
139741.703125
140865.984375
141932.9375
142921.84375
143763.71875
144525.59375
145180.703125
145714.296875
145892.6875
145885.421875
145745.765625
145642.671875
145667.71875
148056.015625
149607.5
149892.46875
149353.171875
145915.421875
143233.5
140685.28125
138204.46875
136252.46875
134918.703125
133466.0
131714.859375
130182.1953125
128688.390625
127442.421875
126362.234375
125410.5703125
124538.3671875
123658.3984375
122895.125
122323.953125
121766.0
121269.3046875
120793.5859375
120377.1953125
120034.4453125
119831.4921875
119789.1171875
119774.6796875
119736.4453125
119702.71875
119679.7109375
119668.28125
119671.9296875
119684.75
119702.5234375
119719.5
119777.421875
119844.3203125
119890.75
119929.1875
119961.734375
119990.8359375
120011.03125
120018.5625
120023.859375
120035.5078125
120046.859375
120049.6796875
119975.3203125
119889.859375
119805.9296875
119715.2578125
119616.6015625
119484.640625
