25400.0
25400.0
25400.0
25400.0
25400.0
25400.0
25400.0
25400.0
25400.0
25400.0
25400.0
25400.0
25400.0
25400.0
25400.0
25400.0
25400.0
25400.0
25400.0
25400.0
25400.0
25400.0
25400.0
25400.0
25400.0
25400.0
25400.0
25400.0
25400.0
25400.0
25400.0
25400.0
25400.0
25400.0
33916.41796875
50819.3359375
64248.83984375
74995.796875
83217.1953125
91377.0078125
98618.0859375
104620.203125
110538.7109375
115815.8984375
120539.9921875
124475.0703125
127932.203125
130892.40625
133352.625
135530.015625
137377.359375
139188.421875
140840.53125
142135.3125
143495.34375
144558.71875
145473.734375
146246.5625
146936.65625
147555.96875
146682.078125
144162.40625
141923.421875
139735.6875
137721.640625
135854.140625
133742.96875
131846.671875
130028.7890625
128378.890625
126771.9765625
125265.2578125
123816.265625
122265.2578125
120794.5703125
119400.1484375
118594.8046875
118119.859375
117601.3984375
116891.03125
115935.734375
115088.1484375
114294.875
113688.046875
113176.1953125
112691.5
112287.6953125
111902.6953125
111516.9375
111166.8828125
110863.484375
110625.828125
110533.8828125
110384.5390625
110233.1015625
110098.828125
109979.734375
109856.875
109739.3828125
109631.21875
109535.015625
109455.1953125
109373.7265625
109298.5625
109222.1953125
109146.984375
109064.09375
108976.8359375
108890.265625
108798.5703125
108707.4765625
108609.984375
108511.703125
108432.65625
108348.1015625
108263.4296875
108171.25
108076.984375
107974.8828125
107868.2578125
107761.9921875
107649.7734375
107546.2578125
107454.6640625
