25400.0
25400.0
25400.0
25400.0
25400.0
25400.0
25400.0
25400.0
25400.0
25400.0
25400.0
25400.0
25400.0
25400.0
25400.0
25400.0
25400.0
25400.0
25400.0
25400.0
25400.0
25400.0
25400.0
25400.0
25400.0
25400.0
25400.0
25400.0
25400.0
25400.0
25400.0
30351.908203125
47329.85546875
60134.10546875
71025.21875
78812.9140625
85549.8359375
92072.7109375
97443.828125
102065.1015625
106080.234375
109162.7734375
112031.0859375
114508.5546875
116816.1640625
118821.3828125
120714.6640625
122434.125
123850.0390625
125185.46875
126327.4453125
127455.671875
128533.40625
129264.6875
129804.2421875
130165.1328125
130416.984375
130723.703125
131180.09375
131762.46875
132267.78125
132692.28125
133025.5
133300.1875
133522.265625
135042.265625
136192.921875
136373.96875
136555.828125
136747.75
136662.5
136123.125
138912.109375
141073.875
140656.578125
137601.90625
135329.84375
133530.484375
131715.984375
130178.421875
128803.15625
127657.9296875
126660.75
125827.328125
125119.4453125
124486.078125
123951.6796875
123469.796875
123071.640625
122762.75
122458.6640625
122175.0390625
121915.359375
121741.328125
121618.9375
121505.5703125
121519.953125
121969.140625
122600.109375
123145.0
123648.6640625
124074.5078125
124525.671875
124996.96875
125713.921875
126444.4453125
127085.53125
127553.484375
127804.953125
127882.0546875
127879.890625
127784.578125
127549.171875
127293.796875
126971.5234375
126640.203125
126658.4140625
126707.3203125
126642.3359375
126476.3203125
126253.7890625
125976.78125
125669.4140625
125318.4609375
