25400.0
25398.232421875
24712.900390625
24810.08984375
23633.84375
22553.091796875
22656.580078125
23791.9765625
24405.8828125
24582.921875
24650.40625
24706.37109375
24758.14453125
24810.01953125
24857.013671875
24899.75390625
24940.291015625
24976.595703125
25016.22265625
25051.09765625
25083.46484375
25111.203125
25138.6171875
25171.673828125
25191.017578125
25203.708984375
25213.064453125
25242.30859375
25380.443359375
25744.009765625
27100.560546875
30057.646484375
34997.0859375
40342.8203125
46398.35546875
51646.79296875
56059.3359375
60143.125
63494.62890625
66795.90625
69585.109375
72184.7265625
76146.171875
80909.9296875
84551.0078125
87530.5859375
90497.859375
93164.40625
95997.828125
98503.359375
100475.484375
102220.0546875
103645.28125
104885.859375
106124.2421875
107342.8046875
108301.5078125
109031.921875
109662.90625
110240.4375
110723.421875
111119.59375
111508.6171875
111783.09375
111951.3359375
112037.359375
112074.453125
112470.4140625
112829.203125
112985.8828125
113124.3046875
113259.140625
113415.671875
113773.109375
113989.8828125
114115.078125
114179.40625
114201.046875
114196.2265625
114167.2890625
114110.3203125
114027.0078125
113915.8125
113771.7890625
113618.515625
113469.5703125
113331.7890625
113173.3046875
113033.515625
112909.0078125
112755.7109375
112590.2890625
112403.828125
112212.1015625
112017.0078125
111822.421875
111634.28125
111437.7265625
111244.53125
111039.6640625
110836.7421875
110661.21875
110470.375
110287.2265625
110096.8515625
109908.1171875
109711.7890625
109514.03125
109310.8671875
109171.328125
109051.421875
108896.5859375
108723.3125
108560.921875
108379.0546875
108203.8125
108033.390625
107955.90625
107951.1171875
107871.40625
107734.5859375
107576.234375
107387.984375
107168.609375
