25400.0
25400.0
25400.0
25349.6484375
25106.703125
24965.1875
24965.1875
24965.1875
24965.1875
24965.1875
24985.572265625
25007.44921875
25011.068359375
25012.580078125
25013.7265625
25014.86328125
25016.189453125
25017.900390625
25018.8828125
25019.640625
25020.388671875
25021.13671875
25021.845703125
25022.50390625
25023.162109375
25023.794921875
25024.396484375
25024.99609375
25025.568359375
25026.09765625
25026.65625
25027.13671875
25027.638671875
25028.1328125
25028.59765625
25029.044921875
25029.548828125
25029.9453125
25030.287109375
25030.236328125
25030.36328125
25029.70703125
25034.044921875
25948.994140625
34376.5078125
42587.734375
48610.42578125
53039.82421875
56934.59765625
60268.3828125
63167.19921875
66242.4453125
68632.265625
70915.5703125
72921.671875
74707.5859375
76489.9765625
79249.5390625
83376.4921875
87376.1875
92992.6015625
98770.1640625
104555.5078125
111493.9296875
118048.0625
124332.84375
130534.5078125
136435.328125
142948.40625
149535.90625
155674.984375
160968.96875
166190.0625
171410.796875
176354.96875
181353.5
185650.515625
189524.265625
192870.875
194462.9375
189380.109375
185523.046875
181946.609375
178779.75
174769.890625
170984.953125
167552.875
164245.6875
161044.796875
157480.15625
156156.953125
154530.671875
152232.25
150068.703125
148345.578125
147105.484375
146041.828125
145242.78125
144628.390625
144100.984375
143686.265625
143357.65625
143108.6875
142929.921875
143049.890625
143210.296875
143246.359375
143172.140625
142945.75
142645.21875
142257.984375
141813.796875
141476.578125
141122.3125
140714.34375
140274.4375
139535.671875
138829.890625
138140.828125
137489.40625
136803.359375
136084.734375
135300.328125
134462.59375
133635.484375
132778.890625
