25400.0
25400.0
24588.44140625
24769.201171875
24081.876953125
23389.921875
23275.619140625
23290.697265625
23355.365234375
23492.498046875
23762.44140625
24335.3203125
24814.7109375
24984.3515625
25036.38671875
25061.12109375
25081.001953125
25096.990234375
25132.828125
25161.162109375
25177.26953125
25188.412109375
25197.0234375
25204.1171875
25210.19921875
25214.48828125
25218.021484375
25218.76171875
25352.580078125
25866.369140625
27445.849609375
31311.7265625
37501.671875
43667.82421875
50450.85546875
56249.91015625
61304.66015625
65844.875
69364.2421875
72911.7421875
75843.6328125
78172.6640625
80469.875
82642.8515625
84974.4921875
86886.4609375
88469.7734375
90330.6796875
94250.2109375
98821.1953125
104518.03125
110719.75
117041.4921875
123973.0625
129837.59375
130200.3203125
130633.171875
131026.0078125
131235.71875
131436.65625
131314.578125
130970.1328125
130491.984375
129964.9921875
129394.65625
128912.6015625
128297.78125
127620.2734375
126859.8359375
126091.171875
125614.671875
125150.453125
124696.8828125
124221.671875
123705.7734375
123444.421875
123093.6171875
122730.9140625
122315.703125
121923.96875
121520.390625
121142.03125
120754.734375
120363.3828125
119979.8125
119575.609375
119181.4921875
118773.4140625
118197.1015625
117834.6640625
117258.9765625
117018.4765625
117092.9140625
116926.6953125
116537.796875
116065.796875
115541.4765625
115061.3203125
114683.265625
114279.1796875
113828.21875
113554.9609375
113325.6171875
113083.53125
112887.8203125
112716.9296875
112526.8046875
112432.109375
112345.1953125
112234.1015625
112131.5234375
112030.578125
111936.0625
111853.9609375
111771.5390625
111682.328125
111592.765625
111517.828125
111459.453125
111417.6953125
111390.5234375
111368.96875
111385.8828125
111436.7109375
