25400.0
25398.7265625
24763.763671875
24920.20703125
24387.185546875
23739.291015625
22909.791015625
22482.646484375
22448.34375
22928.619140625
24035.69140625
24459.4296875
24607.232421875
24678.96484375
24734.39453125
24788.802734375
24837.970703125
24883.720703125
24925.169921875
24958.201171875
24989.271484375
25015.232421875
25037.517578125
25067.21875
25098.162109375
25116.73046875
25132.333984375
25147.33203125
25174.380859375
25306.916015625
25753.251953125
26732.3515625
29975.04296875
34995.99609375
41363.42578125
47617.51171875
53925.55078125
59481.875
64314.42578125
68291.875
71765.1171875
75071.15625
77848.890625
80128.0859375
82554.2890625
84872.8125
87522.890625
89168.4375
91006.3203125
93139.0078125
95576.9140625
97823.1171875
99811.390625
101609.953125
103560.9296875
105013.234375
106277.828125
107293.9296875
108146.8828125
108854.78125
109516.328125
110081.3515625
110602.8359375
111112.4375
111479.78125
111768.2578125
111974.765625
112100.5078125
112172.0390625
112212.7890625
112254.0546875
112247.234375
112654.34375
113017.7734375
113283.3125
113493.859375
113650.703125
113764.9140625
113836.671875
113814.65625
113725.359375
113650.234375
113586.4296875
113527.9296875
113465.3515625
113523.7109375
113586.6015625
113575.8046875
113513.7578125
113416.2578125
113300.7265625
113186.1171875
113057.1640625
112934.40625
112806.640625
112648.8828125
112491.953125
112342.875
112201.9375
112059.234375
111942.921875
111818.4609375
111683.9453125
111563.484375
111454.859375
111353.9375
111237.0234375
111108.8359375
110961.1015625
110799.9140625
110640.4453125
110473.3671875
110309.1875
110137.71875
109963.1171875
109803.3671875
109622.65625
109447.046875
109271.9375
109105.59375
108936.4921875
108767.28125
108602.90625
108433.484375
108338.0546875
108343.03125
