25400.0
25400.0
24604.759765625
24640.095703125
23745.400390625
23091.734375
22811.25390625
22773.96484375
22943.65234375
23370.78515625
24010.498046875
24440.1484375
24580.232421875
24638.62109375
24673.421875
24725.8671875
24791.11328125
24857.7890625
24914.57421875
24990.560546875
25045.3125
25082.0078125
25113.08203125
25140.6953125
25164.9609375
25182.923828125
25199.833984375
25212.7890625
25224.63671875
25269.498046875
25407.12890625
25866.326171875
27234.80859375
30661.111328125
35322.82421875
40545.4609375
45919.87890625
50326.4453125
54227.953125
57501.28515625
60858.74609375
63914.046875
67066.359375
71630.4375
76371.21875
82511.3828125
89104.5859375
97122.5
105638.0234375
113133.40625
121181.8984375
127864.34375
129147.765625
130227.328125
130852.578125
131433.890625
131670.34375
131535.625
131086.359375
130380.890625
129677.6953125
129247.1328125
128657.015625
127980.84375
127203.1015625
126785.8515625
126380.46875
125796.65625
125200.7265625
124682.625
124194.09375
123681.5859375
123141.171875
122595.4375
122046.9765625
121521.4921875
120976.984375
120427.984375
119908.609375
119334.3359375
119196.5078125
118912.625
118489.2890625
117917.0625
117426.796875
116786.53125
116093.8828125
115629.78125
115126.6171875
114562.578125
114279.6484375
114008.78125
113739.390625
113472.9453125
113179.578125
112836.0546875
112526.0859375
112277.6953125
112092.5859375
111993.296875
111907.3671875
111822.640625
111762.0
111716.359375
111686.609375
111636.828125
111519.7109375
111444.46875
111414.125
111410.6796875
111419.5078125
111421.34375
111406.90625
111360.6875
111275.0703125
111159.453125
111040.7109375
110915.1953125
110784.21875
110637.875
110482.234375
110309.109375
110091.328125
109887.3046875
109681.828125
