25400.0
25400.0
25400.0
25310.78125
24947.44140625
24800.6171875
24800.6171875
24800.6171875
24856.935546875
24866.236328125
24868.689453125
24870.505859375
24872.298828125
24874.083984375
24875.662109375
24877.45703125
24879.65625
24881.046875
24882.259765625
24883.29296875
24884.373046875
24885.40234375
24886.400390625
24887.33984375
24888.26953125
24889.189453125
24890.048828125
24890.896484375
24891.7109375
24892.52734375
24893.330078125
24894.021484375
24894.021484375
24895.251953125
24902.326171875
26425.6640625
35346.8515625
43902.53515625
51032.11328125
56885.09765625
61792.3203125
66577.265625
70213.2890625
73472.4375
76437.9609375
78913.53125
81178.5234375
83314.765625
85734.2421875
87858.2109375
89663.1484375
90878.4765625
93238.515625
97492.671875
102098.09375
107481.515625
113679.0625
119783.8359375
127108.2265625
133236.59375
139421.984375
145741.828125
151797.296875
157872.90625
163856.640625
169498.640625
174610.0
177919.03125
174008.03125
170664.953125
167393.359375
164153.03125
161364.53125
158655.125
155739.75
152965.8125
150462.15625
148060.953125
145639.90625
143341.59375
142331.5625
141335.21875
139706.28125
138254.796875
136940.09375
135959.140625
135204.375
134478.578125
133896.953125
133428.3125
133141.28125
133065.640625
133128.484375
133236.625
133363.0625
133495.0625
133624.828125
133724.28125
133791.359375
134183.171875
134428.4375
134522.765625
134433.4375
134246.75
133916.40625
133548.140625
133184.484375
132865.015625
132506.296875
132098.53125
131541.046875
130880.7421875
130269.671875
129664.2578125
129066.6328125
128512.7421875
127875.6953125
127201.390625
126479.15625
125777.5703125
125109.1484375
124445.375
123780.9765625
123078.9140625
122407.7421875
121729.90625
