25400.0
25400.0
25400.0
25400.0
25344.091796875
25243.5859375
25243.5859375
25243.5859375
25243.5859375
25243.5859375
25243.5859375
25243.5859375
25243.5859375
25243.5859375
25243.5859375
25243.5859375
25243.5859375
25243.5859375
25243.5859375
25243.5859375
25243.5859375
25243.5859375
25243.5859375
25243.5859375
25243.5859375
25243.5859375
25243.5859375
25243.5859375
25243.5859375
25243.5859375
25243.5859375
25243.5859375
25243.5859375
25243.5859375
25243.5859375
25243.5859375
25243.669921875
25254.013671875
25254.603515625
25255.478515625
31126.265625
42912.21484375
51424.00390625
56861.21484375
61647.5703125
66029.0
69599.453125
72695.3125
75662.90625
78198.828125
80385.7109375
82408.5703125
84179.984375
86099.515625
87880.75
89390.671875
91040.6796875
92381.25
93634.484375
94778.953125
95808.5546875
98241.4140625
101224.3203125
104863.1328125
109546.2890625
114720.890625
119437.2578125
124773.0703125
130670.953125
136019.328125
141451.609375
146733.1875
152093.46875
157519.5
162614.75
167368.5
171609.0625
175689.21875
179772.375
183589.234375
187256.171875
184168.109375
179443.359375
175513.4375
171749.015625
168231.109375
165033.703125
161644.484375
159486.015625
157941.6875
155756.234375
153797.875
152004.546875
150653.265625
149388.390625
148341.703125
147471.3125
147015.609375
146773.203125
146607.890625
146488.53125
146392.34375
146281.640625
146145.296875
146269.765625
146431.328125
146384.78125
146107.75
145674.328125
145142.203125
144582.984375
144024.65625
143521.390625
142965.3125
142273.5625
141485.515625
140614.828125
139806.78125
138986.828125
138168.546875
137294.75
136347.3125
135415.15625
134441.953125
133502.921875
132522.296875
