25400.0
24047.564453125
21673.63671875
21106.1328125
19944.1171875
19320.5625
19226.478515625
19819.7734375
20539.521484375
21289.92578125
21984.630859375
22687.548828125
23733.517578125
24780.36328125
25164.71875
25166.84375
25156.8359375
25159.853515625
25169.123046875
25180.650390625
25205.263671875
25225.3359375
25235.984375
25241.623046875
25245.587890625
25241.787109375
25776.08203125
27126.41015625
31439.255859375
38748.00390625
46390.0
51138.90234375
55029.2734375
59257.2109375
62398.4140625
65057.5234375
67359.1875
69421.890625
71174.6875
72604.4765625
73943.7890625
75284.125
76470.875
77622.765625
78399.1328125
79961.3828125
81971.9609375
83952.9140625
86066.234375
88120.3125
89961.2421875
91579.7421875
93109.1484375
94464.0625
95720.671875
96948.8203125
97912.3984375
98772.171875
99535.5859375
100260.640625
100955.6015625
101573.421875
102126.0
102583.8828125
102991.09375
103589.4296875
104286.8203125
104969.140625
105463.0
105976.765625
106480.9453125
106977.78125
107505.546875
107959.9921875
108364.4375
108704.140625
109012.5
109286.2421875
109507.421875
109723.421875
109908.734375
110079.140625
110220.7734375
110343.796875
110450.296875
110536.7734375
110605.3671875
110636.15625
110620.2890625
110590.8984375
110553.6953125
110500.6484375
110439.0390625
110385.296875
110331.59375
110259.140625
110174.125
110087.4453125
109994.6328125
109905.3203125
109808.1953125
109704.625
109607.4453125
109498.3046875
109384.96875
109258.21875
109134.203125
109007.1015625
108880.421875
108760.5390625
108636.984375
108515.2421875
108387.5078125
108258.578125
108142.25
107953.6875
107777.421875
107615.609375
107473.703125
107338.8203125
107209.625
107089.890625
107029.96875
106985.3203125
106925.859375
