25400.0
24439.146484375
23106.9921875
21865.60546875
20449.34375
19644.126953125
19132.498046875
19145.548828125
19447.48828125
19852.439453125
20716.69140625
21606.70703125
22684.78515625
24098.30859375
24968.662109375
25205.0859375
25157.8671875
25145.921875
25154.015625
25168.400390625
25181.626953125
25209.271484375
25230.796875
25245.2578125
25256.5078125
25266.841796875
25269.083984375
25752.158203125
27241.55078125
31557.416015625
38936.03125
46694.8671875
50828.8046875
54166.0703125
57718.109375
60430.12890625
62810.171875
64993.08984375
66832.46875
68216.015625
71260.9140625
74216.40625
76936.6796875
80047.6640625
82540.859375
84996.2109375
87177.7421875
89344.71875
91304.171875
92976.3828125
94474.3984375
95775.8828125
97050.1171875
98176.984375
99178.109375
100028.0703125
100696.1640625
101341.7265625
101849.4453125
102301.859375
103316.53125
104324.484375
105208.75
105964.015625
106662.0703125
107272.0703125
107847.1171875
108368.9140625
108794.2734375
109219.6328125
109579.65625
109895.421875
110152.5234375
110372.609375
110554.375
110726.265625
110823.140625
110893.6328125
110945.25
110969.796875
110968.90625
110946.96875
110907.2421875
110848.3671875
110773.984375
110681.6015625
110577.0625
110468.609375
110353.8984375
110234.3515625
110102.359375
109951.9375
109812.75
109658.1171875
109455.09375
109231.4765625
109038.6171875
108857.3359375
108789.734375
108716.3671875
108619.0234375
108509.4765625
108386.625
108259.1640625
108140.3984375
108006.1640625
107876.109375
107742.90625
107613.8046875
107481.53125
107349.859375
107225.78125
107099.9609375
106980.1484375
106869.2890625
106760.0390625
106661.4375
106552.265625
106449.375
106344.5078125
106250.40625
106159.234375
106072.3984375
105994.4609375
105923.21875
105858.8828125
105796.765625
