25400.0
25044.072265625
24787.41796875
25230.623046875
24209.33984375
22656.908203125
21452.65234375
21511.484375
22130.939453125
22693.662109375
23409.1484375
24148.763671875
24901.689453125
24943.921875
24877.0
24874.87890625
24895.490234375
24921.626953125
24948.76171875
24973.912109375
25000.966796875
25024.36328125
25045.091796875
25062.908203125
25078.2421875
25090.251953125
25100.470703125
25121.5625
25184.0546875
25414.875
26378.919921875
28296.5078125
32262.802734375
37251.5703125
42868.66796875
47936.91796875
52452.75390625
56326.08984375
58643.9921875
60779.21875
62973.84765625
65633.4765625
68527.046875
71204.1875
74124.90625
76737.3515625
79763.546875
82360.125
84670.3828125
86708.7265625
88690.15625
90663.375
92548.2265625
94206.625
95741.359375
97037.40625
98318.3984375
99589.140625
100691.9921875
101577.3359375
102346.2578125
103004.0
103481.8671875
103898.8828125
104308.859375
105025.8984375
106014.28125
106744.8125
107417.6953125
107961.9296875
108426.796875
108794.5546875
109096.359375
109349.234375
109604.859375
109874.796875
110064.6875
110179.53125
110222.0
110230.5
110210.1171875
110162.921875
110087.3671875
109990.640625
109872.0546875
109746.3203125
109615.453125
109474.75
109337.921875
109187.4609375
109014.9375
108850.4140625
108671.7109375
108622.6953125
108536.671875
108420.203125
108284.125
108143.5078125
108009.953125
107873.7734375
107739.0
107578.4140625
107408.96875
107262.53125
107105.125
106957.671875
106808.421875
106666.4765625
106566.171875
106468.0
106362.3359375
106240.4375
106114.78125
105980.984375
105850.2421875
105729.09375
105596.75
105471.0859375
105349.859375
105237.5546875
105134.4453125
105042.859375
104957.7890625
104869.5390625
104727.828125
104584.8203125
