25400.0
25400.0
24627.44140625
24975.603515625
24178.927734375
23056.833984375
22014.521484375
21741.794921875
21897.35546875
22229.474609375
22920.56640625
23398.37109375
24344.166015625
24695.552734375
24787.64453125
24818.662109375
24841.9375
24864.052734375
24885.59765625
24911.900390625
24926.7890625
24938.1484375
24952.720703125
24986.017578125
25004.130859375
25016.59765625
25036.724609375
25059.708984375
25082.908203125
25104.408203125
25165.29296875
25371.123046875
25849.3046875
27340.7890625
31020.78125
36735.53515625
42607.328125
49329.87890625
55121.25
60137.83203125
64902.40234375
68786.3203125
72087.078125
74701.0625
77533.9375
80851.21875
83935.640625
87343.953125
90250.09375
92875.21875
95241.3359375
97670.9609375
99726.1015625
101341.2109375
102778.4140625
104076.2109375
105187.2421875
106233.4453125
107061.8046875
107750.4609375
108216.0625
108622.4609375
109099.1171875
109541.0703125
109923.3515625
110224.578125
110452.7109375
110812.796875
111329.6171875
111791.5859375
112172.796875
112513.578125
112810.25
113062.9921875
113259.9375
113405.1484375
113577.96875
113732.8203125
113834.890625
113888.2890625
113905.1796875
113889.59375
113846.7734375
113787.34375
113712.9140625
113616.96875
113503.84375
113380.859375
113240.640625
113097.390625
112943.3125
112767.8984375
112529.6640625
112287.46875
112074.984375
111873.140625
111686.015625
111622.0546875
111533.9296875
111421.7109375
111285.7265625
111143.9765625
110992.3828125
110839.765625
110702.484375
110554.265625
110416.828125
110282.1640625
110158.09375
110034.6328125
109914.65625
109800.34375
109683.5859375
109585.0078125
109477.9453125
109358.0546875
109246.3671875
109124.5859375
109010.6328125
108899.375
108793.8046875
108685.1484375
108577.0390625
108472.1640625
108362.96875
108255.203125
108141.65625
