25400.0
24804.43359375
24922.47265625
24636.703125
22525.9921875
21175.19921875
20612.916015625
21231.892578125
21588.05859375
21908.86328125
22727.501953125
23650.984375
24515.98046875
25055.357421875
24948.8203125
24942.595703125
24967.400390625
24996.78125
25026.48828125
25054.43359375
25077.0234375
25097.04296875
25113.1015625
25125.166015625
25135.58203125
25214.16015625
25609.89453125
27270.552734375
31043.931640625
36681.47265625
43171.12890625
49242.02734375
53080.41015625
56083.8046875
58905.69921875
61841.453125
65018.96484375
68429.7265625
71831.109375
74910.546875
78275.421875
81275.8984375
83901.3828125
86282.5078125
88315.7890625
90550.4921875
92525.8515625
94300.5859375
95935.4140625
97423.71875
98875.921875
100059.6328125
101053.1015625
101873.125
102591.4140625
103110.4296875
103795.3359375
104903.53125
105945.96875
106828.2734375
107532.421875
108124.6015625
108597.4375
108955.265625
109231.546875
109450.546875
109713.8046875
109922.640625
110029.3046875
110057.3046875
110028.3828125
109961.0703125
109862.2109375
109730.859375
109579.2890625
109418.921875
109252.7890625
109097.6796875
108925.6875
108744.9765625
108573.203125
108358.234375
108196.7734375
108099.0859375
107958.125
107790.828125
107622.4609375
107464.0859375
107305.078125
107154.734375
106989.125
106804.234375
106636.6640625
106452.9453125
106277.953125
106126.9765625
106013.15625
105893.234375
105763.7421875
105629.7890625
105485.359375
105341.21875
105188.34375
105030.8984375
104891.5390625
104746.8359375
104622.8203125
104510.9140625
104412.1640625
104317.890625
104188.84375
104041.8046875
103903.53125
103786.7109375
103676.046875
103578.765625
103527.109375
103485.2578125
103449.1015625
103393.703125
103303.5546875
103187.0
103055.4453125
102921.4375
102776.546875
102645.609375
102509.7109375
