25400.0
25400.0
24654.423828125
24712.451171875
23715.904296875
22923.6015625
22525.796875
22494.658203125
22932.060546875
23900.3203125
24401.416015625
24584.64453125
24655.091796875
24712.052734375
24768.337890625
24818.859375
24865.9375
24908.435546875
24943.38671875
24981.681640625
25019.34765625
25061.515625
25109.216796875
25141.455078125
25165.080078125
25182.447265625
25197.205078125
25208.443359375
25219.3671875
25271.595703125
25430.962890625
25937.802734375
27569.333984375
31108.71484375
35973.6484375
41347.08984375
47111.328125
51847.9453125
56073.3671875
59727.0390625
63053.95703125
66084.9296875
68421.859375
70941.3203125
73771.5
78008.6171875
82059.8125
87943.515625
94429.8984375
101020.8359375
106677.203125
109014.8125
111017.796875
112709.9609375
114116.9296875
115563.484375
116716.5859375
117505.7265625
118112.484375
118629.9765625
118967.6875
119338.515625
119500.4140625
119505.7421875
119391.46875
119176.484375
118862.75
118510.3984375
118158.7734375
118177.3984375
118481.015625
118634.7578125
118684.078125
118660.28125
118576.8984375
118441.796875
118251.6015625
118010.1328125
117742.6875
117433.609375
117137.6328125
116954.5625
116781.484375
116571.203125
116326.828125
116061.9375
115773.5625
115493.1015625
115202.3203125
114909.6953125
114641.5234375
114341.5
114047.765625
113747.6953125
113441.46875
113137.65625
112844.171875
112562.34375
112273.84375
112207.2109375
112324.359375
112213.984375
111987.75
111666.609375
111347.0703125
110984.3125
110656.15625
110463.828125
110270.765625
110053.3515625
109739.6640625
109614.1796875
109469.84375
109311.46875
109143.1171875
108982.7109375
108829.265625
108670.7578125
108529.9140625
108370.15625
108224.3359375
108095.578125
107984.1640625
107892.84375
107803.4140625
