25400.0
25400.0
24169.62890625
23359.904296875
22233.177734375
21403.90234375
20788.31640625
20791.1875
21094.216796875
21497.15625
22361.818359375
23341.2578125
24463.068359375
24912.783203125
25027.55859375
25059.783203125
25080.720703125
25100.447265625
25119.7578125
25138.521484375
25153.83203125
25178.93359375
25204.150390625
25218.154296875
25226.544921875
25231.123046875
25233.435546875
25277.8515625
25936.56640625
27771.294921875
32927.63671875
40428.79296875
47406.734375
55460.16796875
61435.0078125
65199.671875
68066.9296875
70598.8125
72852.046875
74790.5859375
76479.5078125
77803.109375
80106.921875
83035.875
85304.6875
88194.1875
90743.359375
92967.1328125
94964.3828125
96779.9296875
98618.7578125
100040.59375
101260.6640625
102295.34375
103239.296875
104159.5
104882.328125
105526.515625
106033.328125
106460.8125
106731.9140625
106950.9921875
107186.125
107802.640625
108578.3984375
109206.03125
109755.625
110224.5625
110596.7421875
110961.6015625
111228.5625
111462.2890625
111652.5078125
111813.3984375
111942.453125
112029.78125
112083.8125
112106.1640625
112100.5546875
112080.8515625
112077.21875
112043.5859375
111997.765625
111940.9765625
111856.0859375
111755.6953125
111647.828125
111535.0390625
111408.1796875
111276.359375
111129.2578125
110974.375
110831.3125
110670.5234375
110515.84375
110354.0
110123.3125
109890.6484375
109685.109375
109502.5625
109323.5859375
109158.765625
109067.703125
108997.890625
108917.8203125
108812.1875
108702.09375
108584.3828125
108468.7421875
108351.046875
108238.4453125
108135.671875
108035.5546875
107942.875
107850.5
107759.6484375
107680.90625
107594.28125
107513.9765625
107439.6953125
107367.140625
107283.375
107200.125
107123.6875
107047.7421875
106964.8046875
106876.1328125
