25400.0
25400.0
25016.50390625
24741.76953125
23535.9609375
22458.05078125
21642.986328125
21551.1875
21785.279296875
22146.083984375
22961.326171875
23343.46875
24196.591796875
24804.97265625
25002.466796875
25052.181640625
25063.517578125
25078.78515625
25097.78125
25116.4296875
25132.439453125
25147.763671875
25177.8046875
25199.64453125
25211.611328125
25219.234375
25223.763671875
25227.650390625
25226.681640625
25484.427734375
26401.63671875
29324.392578125
34488.22265625
41740.8984375
48893.421875
56384.5
63061.0625
68134.2265625
70872.9375
73243.8515625
75403.1171875
77267.4609375
78859.0625
80236.921875
81378.65625
84317.9140625
86729.9765625
89221.5625
91863.640625
94174.390625
96212.40625
98005.1875
99687.21875
101263.515625
102541.421875
103611.890625
104463.046875
105293.1015625
106083.6953125
106784.9609375
107328.1875
107772.0
108123.125
108288.4140625
108471.1796875
108645.5390625
108835.0859375
109457.8671875
110029.1015625
110552.7421875
110949.1875
111281.5
111553.671875
111795.546875
112007.046875
112181.40625
112328.0546875
112443.21875
112533.0234375
112587.3671875
112610.0859375
112607.2421875
112581.1328125
112541.203125
112513.2109375
112456.046875
112391.84375
112323.2734375
112238.109375
112143.890625
112037.71875
111918.3828125
111801.828125
111661.5
111516.125
111360.03125
111206.1484375
111044.2734375
110886.5234375
110687.9140625
110455.0234375
110249.2265625
110059.234375
109882.7578125
109729.9921875
109567.5390625
109452.890625
109398.5
109329.0859375
109241.328125
109145.6875
109052.53125
108958.484375
108868.3984375
108776.0078125
108685.3984375
108605.78125
108517.953125
108434.1015625
108347.78125
108264.046875
108176.78125
108085.3203125
107982.1484375
107885.1875
107787.3671875
107689.4921875
