25400.0
25400.0
24581.671875
24903.69140625
24109.220703125
23357.265625
23103.197265625
23035.10546875
23099.6171875
23331.82421875
24154.125
24778.82421875
24986.619140625
25046.4375
25073.263671875
25094.001953125
25113.986328125
25128.859375
25133.33203125
25160.1015625
25183.28515625
25196.36328125
25204.6015625
25209.505859375
25212.86328125
25230.244140625
25822.298828125
27290.6484375
31862.275390625
39020.47265625
46350.54296875
54592.4453125
62354.28125
69295.3828125
74701.9921875
79057.3828125
81454.34375
83372.0234375
84917.859375
86119.1953125
87279.3125
88535.8671875
89428.328125
90127.4375
90849.1875
92921.015625
94809.8515625
96712.5625
98711.0234375
100360.8203125
101872.4296875
103125.4609375
104301.2421875
105456.9453125
106232.4375
106903.8984375
107470.1953125
107979.6484375
108453.578125
108865.265625
109127.078125
109191.78125
109239.046875
109271.7578125
109276.34375
109252.5390625
109663.21875
110051.5625
110459.5234375
110817.3125
111091.3359375
111314.390625
111490.4296875
111629.9375
111728.1640625
111803.3359375
111864.6015625
111906.1484375
111925.6328125
111931.6953125
111914.875
111873.546875
111812.484375
111730.328125
111656.03125
111588.4375
111502.6796875
111424.03125
111332.921875
111227.7421875
111124.8515625
111008.8046875
110889.4765625
110759.4140625
110629.765625
110492.9609375
110294.7890625
110103.9140625
109942.84375
109814.0625
109696.765625
109591.8359375
109501.921875
109405.2890625
109313.1328125
109222.6171875
109214.21875
109184.046875
109130.0390625
109062.0234375
108980.0234375
108894.1640625
108802.53125
108707.59375
108619.3046875
108519.5078125
108420.7734375
108315.6171875
108206.2421875
108093.3984375
107981.6796875
107876.8515625
107776.90625
107691.8046875
107606.21875
