25400.0
24959.8515625
24853.890625
23641.802734375
21147.626953125
20154.17578125
19075.671875
18806.134765625
19729.806640625
20777.517578125
21558.060546875
22299.076171875
23025.169921875
23701.404296875
24298.015625
24853.09765625
25193.689453125
25120.595703125
25114.732421875
25124.435546875
25141.609375
25157.541015625
25173.126953125
25186.28125
25197.4921875
25206.546875
25211.447265625
25223.876953125
25313.76171875
25700.169921875
27334.314453125
30209.568359375
35372.3671875
40988.29296875
45400.7265625
47845.375
49981.2421875
52563.55078125
54771.3828125
56784.4296875
59037.6796875
61660.78125
64283.1484375
66781.1875
69441.0078125
71814.1953125
74251.296875
76719.9453125
78910.8125
80822.53125
82594.171875
84202.3515625
85745.5234375
87357.765625
88900.390625
90133.546875
91402.109375
92597.21875
93805.9765625
94887.3828125
95990.796875
96983.4921875
97818.328125
98575.5234375
99254.9765625
100332.234375
101287.7265625
102056.234375
102727.4375
103365.9375
104206.890625
104955.1171875
105607.7421875
106178.140625
106666.6015625
107100.75
107455.8828125
107766.5078125
108024.0859375
108215.1796875
108385.546875
108548.9375
108683.7578125
108800.921875
108903.7734375
108962.796875
108975.609375
108946.9296875
108892.515625
108823.8359375
108739.3671875
108651.7265625
108542.4375
108425.4140625
108293.3359375
108166.9921875
108038.34375
107908.65625
107780.09375
107643.90625
107507.9140625
107363.203125
107215.171875
107078.9140625
106973.3359375
106914.6796875
106821.75
106713.1796875
106591.5
106467.890625
106349.359375
106212.75
106087.2578125
105962.8359375
105845.453125
105743.671875
105635.328125
105514.359375
105386.953125
105266.21875
105146.296875
105035.6640625
104954.4765625
104873.578125
104790.8046875
104699.78125
