25400.0
25400.0
24861.091796875
24842.732421875
23324.6953125
22198.83203125
21462.275390625
21401.732421875
22061.015625
22856.30078125
23370.837890625
24279.978515625
24844.80859375
25021.15625
25052.41796875
25069.7109375
25087.583984375
25106.56640625
25124.681640625
25140.634765625
25154.333984375
25185.22265625
25204.49609375
25214.845703125
25220.150390625
25221.791015625
25310.333984375
26085.44921875
28202.69140625
33624.59375
41452.71875
48744.0703125
57314.55078125
64591.27734375
68538.2890625
71649.7890625
74264.40625
76672.6015625
78549.25
80081.015625
81314.578125
82458.265625
83736.515625
84771.0546875
85686.7265625
86285.328125
87151.296875
89048.4609375
90879.0234375
92748.8125
94628.375
96311.9140625
97782.4296875
99109.9375
100278.0625
101426.4375
102397.546875
103145.9609375
103814.5703125
104405.28125
104963.046875
105486.2421875
105912.7265625
106268.890625
106497.4921875
106657.5234375
106814.84375
107018.6875
107586.2265625
108060.359375
108478.0625
108918.1875
109315.84375
109639.7109375
109899.6796875
110120.640625
110305.234375
110468.5859375
110604.8046875
110711.0078125
110805.625
110874.8359375
110926.296875
110959.8046875
110959.8984375
110933.7890625
110894.75
110842.265625
110782.265625
110750.0546875
110693.90625
110634.3203125
110568.296875
110493.9375
110405.21875
110313.28125
110212.6015625
110101.796875
109987.96875
109866.9609375
109744.0546875
109613.2109375
109458.0390625
109279.359375
109093.109375
108937.484375
108792.421875
108662.8515625
108534.8515625
108412.484375
108298.3359375
108202.75
108195.4140625
108176.1953125
108137.578125
108094.1328125
108038.3359375
107979.8046875
107918.71875
107857.5546875
107792.5625
107726.0390625
107660.0234375
107589.65625
107520.4453125
107429.1484375
