25400.0
25400.0
24894.669921875
24675.857421875
22790.537109375
21758.560546875
21051.828125
21008.130859375
21284.349609375
21678.1796875
22562.306640625
23612.115234375
24601.47265625
24947.3515625
25027.8828125
25041.087890625
25057.884765625
25077.470703125
25097.35546875
25116.765625
25132.62890625
25151.91796875
25181.859375
25198.8046875
25207.529296875
25213.0703125
25217.46484375
25219.27734375
25464.75390625
26308.146484375
29146.13671875
34946.7421875
41577.69921875
49055.1015625
56174.23046875
62532.45703125
65704.0390625
68336.9375
70878.4609375
72963.6015625
74787.2421875
76144.609375
79493.9609375
82462.921875
84935.1015625
88042.953125
90614.84375
92940.15625
94997.046875
97042.34375
98831.25
100249.015625
101526.328125
102612.0
103674.34375
104610.9609375
105317.328125
105948.8984375
106450.796875
106771.53125
107065.7890625
107403.390625
107778.5859375
108308.140625
109042.6953125
109646.5546875
110185.4453125
110652.578125
110989.1015625
111311.796875
111579.3515625
111816.65625
112007.9375
112156.8203125
112260.7890625
112323.8515625
112365.8828125
112422.0703125
112454.0078125
112463.875
112448.703125
112404.9140625
112332.9140625
112244.5703125
112146.890625
112033.4609375
111906.59375
111772.0625
111625.1015625
111476.0625
111320.7265625
111159.671875
110974.7109375
110728.5390625
110510.7890625
110307.7265625
110125.6328125
109945.8125
109870.328125
109794.6015625
109691.9609375
109576.21875
109446.5390625
109313.5625
109191.3203125
109056.0625
108927.4453125
108800.2578125
108684.7578125
108572.3984375
108465.21875
108364.7109375
108264.03125
108168.2578125
108080.890625
107997.1171875
107918.7890625
107828.4296875
107743.9921875
107658.2578125
107569.0703125
107473.59375
107380.9375
107292.4765625
107201.09375
107112.46875
107019.9296875
