25400.0
25155.357421875
24610.466796875
25110.55078125
24436.037109375
23112.86328125
22132.458984375
23054.7890625
23762.333984375
24572.95703125
24961.30078125
24863.958984375
24852.494140625
24877.21484375
24913.1171875
24949.154296875
24988.685546875
25026.830078125
25056.427734375
25086.95703125
25112.609375
25135.2890625
25154.37109375
25170.4296875
25182.59765625
25192.6328125
25199.470703125
25219.7421875
25334.662109375
25831.044921875
27434.046875
30750.603515625
35363.28125
40678.4921875
45938.35546875
50851.6796875
55140.2578125
60346.953125
65430.1328125
68923.390625
72580.9375
76048.0390625
78986.1328125
82514.046875
85382.6015625
87901.9609375
90186.25
92284.59375
94352.0703125
96280.6796875
97933.671875
99362.234375
100750.3046875
101944.4375
103019.515625
104029.75
104808.8046875
105455.5234375
105988.875
106452.0390625
106778.0078125
107209.7109375
107885.03125
108762.484375
109477.359375
110056.703125
110495.015625
110890.25
111196.6796875
111434.90625
111596.5234375
111704.5703125
111757.1015625
111810.5234375
111900.75
111953.90625
111941.328125
111868.4140625
111762.1953125
111616.9375
111465.7265625
111295.9375
111123.265625
110913.0625
110698.2265625
110500.046875
110314.2734375
110141.0234375
109967.3359375
109790.1953125
109625.84375
109439.9765625
109252.453125
109108.7109375
109011.4765625
108865.7421875
108698.3984375
108525.875
108344.296875
108168.5078125
107990.0078125
107816.1484375
107662.25
107497.28125
107320.546875
107133.8359375
106958.03125
106784.5078125
106613.078125
106489.9453125
106370.0390625
106247.9140625
106114.1484375
105970.1875
105832.484375
105677.5390625
105526.9453125
105379.96875
105241.7734375
105075.53125
104899.7109375
104729.5625
104656.828125
104702.6484375
104692.1875
