25400.0
24693.583984375
25288.005859375
23679.052734375
20712.46484375
19471.384765625
18740.013671875
18871.267578125
19678.333984375
20134.150390625
20976.908203125
21857.765625
22684.87890625
23471.478515625
24172.984375
24772.55078125
25220.328125
25141.857421875
25131.646484375
25145.380859375
25160.55859375
25176.484375
25190.6015625
25201.041015625
25211.587890625
25330.328125
25925.359375
28237.984375
32976.36328125
39198.6328125
44120.515625
47205.26171875
49713.33984375
52607.83203125
55026.37109375
57206.12890625
59731.875
62670.3046875
65602.765625
68516.9140625
71300.265625
73973.734375
76790.6640625
79178.9296875
81136.703125
83072.5390625
84885.7578125
86767.6484375
88470.8984375
90031.4609375
91507.2109375
92895.28125
94222.015625
95506.890625
96632.609375
97599.171875
98378.8203125
99549.2109375
100664.9765625
101550.1328125
102365.765625
103433.640625
104355.65625
105117.34375
105792.203125
106348.765625
106823.2265625
107206.5703125
107491.2734375
107743.1796875
107978.0625
108205.46875
108390.3828125
108507.796875
108555.4375
108547.9375
108510.7421875
108447.59375
108360.1171875
108248.5234375
108134.1796875
108000.1875
107875.6796875
107741.9921875
107604.8828125
107454.5546875
107296.046875
107135.2734375
106960.609375
106880.8984375
106780.03125
106645.7265625
106511.296875
106359.5703125
106218.7890625
106082.6953125
105957.6875
105827.2109375
105690.3671875
105542.328125
105388.0546875
105243.8046875
105098.53125
104979.6953125
104893.453125
104799.1015625
104703.1875
104597.1875
104489.96875
104376.65625
104261.5234375
104149.890625
104032.9609375
103919.921875
103804.1796875
103703.109375
103623.390625
103542.5546875
103466.0390625
103386.984375
103279.34375
103160.3984375
103056.0625
102968.5625
102886.6171875
102812.1484375
102738.4375
