25400.0
25400.0
24942.865234375
24755.123046875
24629.8671875
23370.9140625
22523.798828125
22405.212890625
23009.029296875
23080.9375
23331.8359375
24218.583984375
24785.08984375
24967.052734375
25020.24609375
25045.83203125
25066.583984375
25074.939453125
25087.080078125
25100.369140625
25122.19140625
25153.17578125
25170.169921875
25179.7421875
25186.93359375
25191.3125
25194.080078125
25217.28515625
25671.234375
26875.140625
30812.033203125
36713.734375
44097.7265625
51588.19921875
58872.03515625
65571.6796875
70929.9375
75248.421875
77528.6953125
79489.6171875
81187.1875
82688.1015625
84071.421875
85211.1171875
87907.7421875
90157.3125
92471.6796875
95006.7421875
97207.890625
99175.0390625
100877.1953125
102440.2578125
103928.3203125
105100.90625
106058.046875
106815.2578125
107544.4375
108237.8125
108831.8515625
109273.234375
109618.5078125
109791.359375
109919.375
110040.3203125
110144.859375
110189.2890625
110674.609375
111133.140625
111532.1328125
111845.015625
112112.453125
112325.3203125
112509.3125
112664.984375
112787.640625
112882.5625
112950.0859375
112993.546875
112998.21875
112967.3984375
112912.3671875
112843.0625
112787.6328125
112728.1875
112652.0859375
112571.4453125
112479.2265625
112366.34375
112246.7578125
112117.1171875
111974.921875
111839.25
111682.8046875
111524.1015625
111355.2421875
111191.6953125
110971.15625
110736.0703125
110533.640625
110346.5234375
110179.375
110017.0546875
109865.453125
109737.78125
109681.7578125
109653.296875
109605.71875
109544.3515625
109470.828125
109390.484375
109309.5234375
109223.359375
109119.9765625
109011.109375
108902.9296875
108804.578125
108694.7890625
108587.65625
108476.2421875
108365.6875
108243.515625
108137.6328125
108040.5078125
107943.53125
107851.5859375
107756.484375
