25400.0
24762.201171875
25165.35546875
23824.013671875
20930.197265625
19709.49609375
18954.609375
18922.1953125
19761.033203125
20491.626953125
20999.125
21457.9375
22403.9375
23265.224609375
24072.25390625
24784.421875
25170.345703125
25113.341796875
25109.771484375
25127.16796875
25149.16796875
25168.091796875
25185.966796875
25199.9921875
25210.19140625
25216.283203125
25307.98828125
25765.98046875
27774.669921875
32169.845703125
38201.7890625
44737.9453125
47891.3046875
50461.4921875
53625.40234375
56472.82421875
59629.1484375
62899.6328125
66333.0
69604.1171875
72480.2265625
75593.59375
78363.3671875
80798.2734375
83053.4609375
84845.1796875
86717.8125
88601.359375
90337.984375
91860.65625
93328.546875
94738.625
95981.6875
97225.484375
98246.21875
99147.7421875
100356.3515625
101446.28125
102513.6171875
103415.8515625
104142.96875
104896.40625
105768.6328125
106472.8046875
107036.8671875
107531.171875
107934.2890625
108283.3515625
108561.7890625
108760.984375
108926.1015625
109068.7265625
109150.7734375
109187.0625
109235.09375
109236.9375
109191.8359375
109099.40625
108987.3203125
108859.7109375
108716.7265625
108572.7421875
108409.96875
108247.6328125
108074.0234375
107902.3671875
107721.6953125
107540.5625
107367.03125
107189.5625
107018.6171875
106899.2421875
106830.7890625
106734.3125
106599.21875
106442.7578125
106281.109375
106125.359375
105970.578125
105819.671875
105679.125
105539.546875
105409.3125
105264.3515625
105114.59375
104982.5625
104871.6796875
104774.1796875
104671.515625
104566.203125
104451.53125
104331.90625
104213.625
104091.2890625
103976.78125
103862.59375
103750.96875
103652.1484375
103557.6484375
103474.40625
103390.9921875
103308.7265625
103220.3359375
103130.1484375
102994.8984375
102862.4140625
102752.5625
102656.65625
