25400.0
25400.0
25400.0
25400.0
25400.0
25400.0
25400.0
25400.0
25400.0
25400.0
25400.0
25400.0
25400.0
25400.0
25400.0
25400.0
25400.0
25400.0
25400.0
25400.0
25400.0
25400.0
30436.404296875
52089.09765625
69462.203125
83982.6796875
95371.875
105146.4453125
113810.5625
120092.03125
125405.125
129753.7578125
133445.890625
136465.15625
139183.328125
141276.375
142992.078125
144482.375
145720.390625
146780.625
147728.6875
148676.078125
149610.6875
150930.25
154489.65625
154308.140625
153753.65625
160748.453125
168780.28125
164903.421875
162308.328125
160202.046875
158314.28125
156783.046875
155022.546875
153229.875
151410.671875
149709.78125
148018.109375
146397.328125
144894.265625
143405.296875
142022.703125
140644.078125
139499.859375
138560.71875
137571.265625
136669.78125
135804.703125
135017.34375
134022.09375
133171.21875
132433.9375
131719.0
131060.3125
130407.625
129718.9140625
129071.734375
128341.9453125
127594.3203125
126820.8828125
126142.03125
125473.71875
124807.7578125
124165.9140625
123519.4375
122912.875
122317.078125
121750.65625
121361.3359375
120900.5859375
120439.5859375
119952.7109375
119476.234375
118982.140625
118494.6796875
118024.8046875
117558.6875
117115.03125
116664.5546875
116219.171875
115822.046875
115402.8046875
114964.109375
114538.8828125
114180.0078125
113890.6015625
113747.59375
113668.9921875
113554.4296875
113393.2578125
113185.828125
112947.8515625
112713.3046875
112430.484375
112135.09375
111804.4375
111471.96875
111122.5625
110748.6953125
110356.15625
109966.3125
109609.796875
109262.28125
