25400.0
25400.0
25400.0
25244.541015625
24870.552734375
24723.302734375
24723.30078125
24784.146484375
24797.5234375
24799.962890625
24801.884765625
24803.830078125
24805.828125
24807.759765625
24809.57421875
24811.458984375
24813.912109375
24815.46875
24816.837890625
24818.0
24819.2109375
24820.359375
24821.498046875
24822.552734375
24823.62890625
24824.666015625
24825.626953125
24826.626953125
24827.546875
24828.498046875
24828.875
24832.609375
24866.265625
29966.595703125
40068.3125
48034.62890625
55647.83203125
62054.6015625
67867.5859375
72482.75
76296.390625
80177.5703125
83385.5078125
85900.2578125
88391.6953125
90576.1640625
92864.2734375
94838.75
96746.96875
98651.296875
100144.140625
101642.9375
102650.5703125
105345.6796875
109093.265625
112992.015625
118720.171875
124516.3359375
130448.015625
136904.453125
142742.328125
148275.84375
153766.90625
159246.4375
162754.890625
159938.21875
157590.78125
155461.625
153080.125
150721.96875
148249.140625
146138.25
144403.890625
142533.71875
140931.40625
139271.859375
137663.46875
135963.359375
134178.890625
133248.921875
132580.734375
131640.921875
130504.4921875
129500.578125
128564.4765625
127876.4140625
127651.875
127367.0078125
127054.765625
126781.9140625
126560.859375
126414.5703125
126335.46875
126325.96875
126377.1796875
126520.0078125
126752.3828125
127087.046875
127424.5078125
127754.6171875
128042.640625
128291.3359375
128480.9765625
128607.359375
128852.8671875
129175.4453125
129358.21875
129389.7890625
129270.96875
129022.125
128712.53125
128355.6015625
128016.15625
127692.296875
127351.8125
127017.453125
126588.3984375
126036.328125
125468.328125
124960.6015625
124519.9921875
124098.5078125
123765.9375
123408.359375
123007.2265625
122538.984375
