25400.0
25400.0
25400.0
25400.0
25400.0
25400.0
25400.0
25400.0
25400.0
25400.0
25400.0
25400.0
25400.0
25400.0
25400.0
25400.0
25400.0
25400.0
25400.0
26950.9765625
48465.22265625
68638.3046875
84980.28125
98355.5625
109608.1484375
118531.9609375
125423.1015625
130751.046875
135020.3125
138453.046875
141080.6875
143317.0
145036.5625
146463.15625
147595.09375
148961.390625
151281.046875
154503.40625
152473.828125
158571.046875
152366.671875
148949.015625
147115.4375
145550.9375
144306.046875
142911.03125
141607.875
140250.421875
138795.53125
137370.8125
135992.328125
134708.34375
133460.046875
132281.0
131269.515625
130219.9921875
129270.609375
128440.078125
127842.6796875
127272.5625
126740.8515625
126278.8515625
125835.8828125
125231.8984375
124714.40625
124266.234375
123841.609375
123465.046875
123071.3671875
122644.7421875
122219.1015625
121746.4921875
121247.734375
120825.78125
120370.4921875
119918.2734375
119423.125
118949.3671875
118527.1328125
118109.8828125
117804.03125
117453.203125
117083.1171875
116683.4921875
116278.9296875
115884.2734375
115476.5
115085.5390625
114687.1328125
114291.3671875
113952.6953125
113643.78125
113385.6796875
113085.703125
112871.609375
112808.3515625
112777.15625
112692.0625
112548.375
112368.171875
112147.7890625
111890.2421875
111624.09375
111298.9609375
110968.4921875
110617.8125
110267.703125
109852.078125
109450.9609375
109082.3671875
108718.890625
108383.0234375
108052.2109375
107736.4453125
107466.7734375
107186.2734375
106928.640625
106676.0625
106443.796875
106215.40625
105992.6015625
105766.890625
105508.4375
105236.3203125
104947.3125
