25400.0
25400.0
25400.0
25400.0
25400.0
25400.0
25400.0
25400.0
25400.0
25400.0
25400.0
25400.0
25400.0
25400.0
25400.0
25400.0
25400.0
25400.0
25400.0
28739.1015625
51107.921875
70283.71875
86221.828125
99353.78125
109891.140625
119107.7109375
126015.4296875
131487.1875
135787.125
138804.734375
141642.921875
144079.140625
145982.90625
147418.125
148561.328125
149523.9375
150618.8125
154644.1875
156179.734375
154429.171875
157126.359375
152923.5
150019.359375
148455.28125
148004.28125
147107.1875
145773.5625
144262.71875
143006.359375
141577.625
140145.671875
138706.421875
137316.109375
136116.84375
134850.46875
133678.390625
132521.234375
131449.4375
130389.3359375
129398.296875
128666.1640625
127967.7421875
127322.9375
126701.9921875
126136.109375
125623.7890625
124937.2421875
124386.65625
123845.171875
123348.0390625
122848.3359375
122398.03125
121941.75
121451.484375
120966.3671875
120438.2890625
119914.203125
119463.6015625
118989.8203125
118526.6640625
118047.875
117589.0546875
117133.46875
116694.2421875
116283.6328125
115881.46875
115598.8515625
115284.8671875
114955.1328125
114647.171875
114291.8515625
113951.1875
113607.2109375
113279.046875
112945.8828125
112623.8046875
112340.2578125
112097.7265625
111865.609375
111680.3203125
111533.1015625
111350.15625
111151.7734375
110963.75
110854.7421875
110850.234375
110815.671875
110737.3984375
110626.234375
110482.3046875
110320.7421875
110135.3984375
109925.71875
109715.328125
109458.4296875
109195.3125
108913.3046875
108635.7734375
108289.3046875
107957.734375
107656.7265625
107365.4609375
107099.796875
106840.109375
