25400.0
25400.0
25400.0
25400.0
25400.0
25400.0
25400.0
25400.0
25400.0
25400.0
25400.0
25400.0
25400.0
25400.0
25400.0
25400.0
25400.0
25400.0
25400.0
27415.49609375
49271.109375
68579.828125
84719.6328125
98004.90625
108599.5859375
117924.03125
124939.203125
130499.375
134766.03125
137850.921875
140862.609375
143352.15625
145282.203125
146753.359375
147930.859375
148897.125
149981.453125
152985.625
155631.125
152936.140625
160608.421875
156920.984375
153249.828125
151331.625
150431.671875
149385.3125
147891.546875
146324.34375
144921.40625
143366.75
141829.484375
140300.5
138832.0625
137559.40625
136211.875
134961.34375
133724.671875
132578.4375
131434.140625
130494.7890625
129697.0859375
128918.4921875
128200.921875
127527.765625
126869.4453125
126160.3671875
125510.8046875
124952.2578125
124376.5
123820.625
123323.109375
122801.234375
122276.0390625
121722.5078125
121161.375
120596.203125
120034.375
119575.46875
119067.65625
118577.0234375
118076.8125
117614.953125
117153.5859375
116712.546875
116332.5078125
116025.2578125
115708.1171875
115363.359375
114997.8046875
114668.546875
114310.53125
113967.796875
113613.5546875
113286.96875
112956.421875
112629.59375
112313.609375
112018.1328125
111796.78125
111534.3359375
111291.3515625
111139.4453125
111031.1875
111044.8203125
111026.3046875
110963.28125
110856.765625
110718.0859375
110559.7421875
110372.8828125
110165.109375
109922.140625
109654.9296875
109400.21875
109109.5859375
108800.0
108447.359375
108126.5
107816.421875
107525.0859375
107258.3984375
106997.203125
106756.4375
106519.390625
