25400.0
25400.0
24592.091796875
24922.759765625
24482.9375
23973.712890625
23221.5234375
23013.732421875
22924.89453125
22921.625
22994.783203125
23181.02734375
23555.546875
24217.384765625
24659.625
24811.830078125
24864.119140625
24890.595703125
24907.56640625
24921.2734375
24937.85546875
24954.982421875
24992.34375
25017.578125
25032.017578125
25042.75390625
25050.623046875
25057.98046875
25067.150390625
25077.96875
25089.26171875
25097.908203125
25147.3203125
25478.7578125
26206.306640625
28656.0546875
33238.7890625
39085.59765625
44966.51171875
50672.11328125
55657.4375
59926.046875
63888.51171875
67110.59375
69840.515625
72397.5703125
74624.3203125
76827.8515625
78953.640625
81179.21875
83518.1875
86619.0859375
90255.078125
95054.703125
100709.609375
106755.796875
112983.3203125
120391.6640625
126925.390625
128339.6640625
129154.203125
129940.4296875
130580.640625
130786.484375
130756.2734375
130677.0
130418.0390625
130169.0234375
129834.46875
129323.625
128728.1796875
127942.3125
127162.6171875
126367.65625
125591.3203125
125343.375
125222.8125
124982.6171875
124637.25
124225.5625
123829.609375
123355.7265625
122891.46875
122419.125
121970.0546875
121511.625
121058.265625
120690.703125
120375.21875
120052.359375
119680.015625
119269.6796875
118877.6796875
118875.703125
118720.90625
118403.7578125
117957.2265625
117606.28125
117031.5546875
116428.46875
115824.3828125
115221.6484375
114728.3359375
114300.1484375
113903.890625
113434.2890625
113205.5546875
113103.6953125
112930.4765625
112779.6328125
112627.671875
112453.0546875
112232.53125
112021.3046875
111810.03125
111623.5234375
111473.3203125
111322.8828125
111197.6328125
111082.1328125
110987.6484375
110911.1484375
110899.40625
110917.6328125
110949.4375
110981.71875
111010.9921875
