25400.0
25400.0
24838.708984375
24827.8828125
24375.466796875
23530.697265625
22866.5859375
22607.7734375
22683.3203125
23068.58984375
23931.0
24400.994140625
24541.388671875
24601.697265625
24659.646484375
24746.09375
24820.40625
24882.42578125
24933.24609375
24971.44921875
25022.158203125
25062.20703125
25088.14453125
25109.015625
25129.89453125
25153.98046875
25235.814453125
25576.501953125
26427.40625
29574.544921875
35130.7265625
41285.9375
48280.6328125
54556.87109375
60272.828125
65067.8046875
69028.8359375
72716.109375
75674.7265625
78453.0078125
81003.890625
83861.4609375
87359.265625
91010.34375
96078.578125
102634.25
106938.15625
108990.265625
111372.75
113154.7890625
114339.3359375
115301.2109375
116151.578125
116835.015625
117515.7265625
117872.09375
118081.6796875
118155.3046875
118159.625
118091.6484375
118008.7890625
117871.3046875
117644.734375
117430.15625
117570.46875
117503.5390625
117374.125
117259.78125
117116.28125
116971.515625
117056.421875
117030.8046875
116910.4375
116736.296875
116517.4609375
116279.046875
116034.3125
115781.0390625
115533.3515625
115311.1875
115062.5390625
114824.75
114611.6015625
114445.1796875
114279.2734375
114083.859375
113861.9609375
113603.5390625
113338.2578125
113052.8671875
112759.3359375
112494.484375
112255.5703125
112251.9453125
112143.234375
111960.4765625
111694.109375
111383.2265625
111067.140625
110728.9140625
110377.2734375
110127.390625
109940.96875
109820.96875
109532.0390625
109234.59375
109051.5078125
108906.7734375
108733.7421875
108595.2265625
108484.515625
108369.5
108225.8828125
108040.109375
107859.640625
107713.0859375
107583.0859375
107479.15625
107408.2578125
107369.578125
107330.0078125
107291.5234375
107256.53125
107227.265625
107207.328125
107194.1015625
