20000.0
20000.0
20000.0
20000.0
20000.0
20000.0
20000.0
20000.0
20000.0
20000.0
20000.0
20000.0
20000.0
20000.0
20000.0
20000.0
20000.0
20000.0
20000.0
20000.0
20000.0
20000.0
20000.0
20000.0
20000.0
20000.001953125
20000.0
20000.0
20000.0
20000.0
20000.0
20000.017578125
20000.0
20000.0
20000.0
19999.94921875
20000.0
19999.998046875
20000.0
19999.99609375
19999.998046875
20000.0
20000.0
20000.0
20000.0
19999.998046875
20000.0
20000.0
19999.9921875
19999.99609375
20000.0
19716.28125
18657.09765625
17905.58984375
17273.298828125
17018.40625
16784.068359375
16340.9384765625
15917.380859375
15478.07421875
15065.5224609375
14693.388671875
14322.3193359375
13973.919921875
13621.06640625
13284.6162109375
12989.787109375
12675.109375
12378.404296875
12079.0771484375
11780.193359375
11467.5078125
11162.5986328125
10873.140625
10578.4248046875
10298.46484375
10021.2666015625
9781.4765625
9560.654296875
9315.833984375
9085.6376953125
8854.2734375
8638.2119140625
8422.9755859375
8217.3955078125
8026.7763671875
7839.896484375
7661.19482421875
7482.9697265625
7309.65234375
7160.1552734375
7003.0673828125
6858.12060546875
6714.83984375
6579.02099609375
6441.26318359375
6311.6533203125
6193.6923828125
6077.96142578125
5971.4248046875
5865.654296875
5764.28173828125
5676.759765625
5582.94384765625
5494.955078125
5412.40283203125
5333.75927734375
5255.06494140625
5180.43505859375
5111.75634765625
5047.50341796875
4987.0029296875
4925.86083984375
4856.2841796875
4792.42724609375
4724.15185546875
4660.90478515625
4598.30322265625
4540.005859375
4481.84765625
4425.509765625
4372.72607421875
4320.36083984375
4271.86572265625
4224.22412109375
