20000.0
20000.0
20000.0
20000.0
20000.0
20000.0
20000.0
20000.0
20000.0
20000.0
20000.0
20000.0
20000.0
20000.0
20000.0
20000.0
20000.0
20000.0
20000.0
20000.0
20000.0
20000.0
20000.0
20000.0
20000.0
20000.0
20000.0
20000.0
20000.0
20000.0
19999.998046875
20000.0
20000.0
20000.0
20000.0
19999.94921875
20000.0
20000.0
20000.0
19999.998046875
20000.0
19999.947265625
20000.0
20000.0
20000.0
19999.9921875
19999.876953125
20000.0
20000.0
19295.1875
18506.353515625
17783.166015625
17036.591796875
16402.41796875
15817.822265625
15282.015625
14808.5654296875
14316.9189453125
13917.1064453125
13514.6298828125
13136.458984375
12763.830078125
12417.2490234375
12099.2333984375
11787.7880859375
11502.6806640625
11225.046875
10963.2919921875
10738.66015625
10530.2587890625
10347.509765625
10163.4345703125
9991.3955078125
9820.787109375
9656.1953125
9501.84765625
9347.3056640625
9202.2421875
9057.083984375
8916.0546875
8792.30078125
8672.083984375
8556.1875
8436.404296875
8321.224609375
8204.0732421875
8084.04638671875
7966.5595703125
7851.49365234375
7745.67138671875
7641.0
7540.22412109375
7451.1533203125
7355.0732421875
7264.6416015625
7173.787109375
7088.32177734375
7002.28173828125
6918.8017578125
6840.18701171875
6760.302734375
6684.19482421875
6606.46630859375
6530.0546875
6462.423828125
6389.3466796875
6320.3623046875
6250.8701171875
6185.31591796875
6119.271484375
6054.70166015625
5993.41748046875
5930.19287109375
5869.65234375
5794.87060546875
5716.8310546875
5650.93994140625
5584.89306640625
5525.3955078125
5468.287109375
5416.0
5364.779296875
5315.2802734375
5269.78955078125
5224.88720703125
5183.78564453125
5142.84619140625
