20000.0
20000.0
20000.0
20000.0
20000.0
20000.0
20000.0
20000.0
20000.0
20000.0
20000.0
20000.0
20000.0
20000.0
20000.0
20000.0
20000.0
20000.0
20000.0
20000.0
20000.0
20000.0
20000.0
20000.0
20000.0
20000.0
20000.0
20000.0
20000.0
20000.0
20000.0
20000.0
19995.603515625
20000.0
19999.998046875
20000.0
20000.0
19999.99609375
19999.98046875
20000.0
19999.99609375
19999.9921875
20000.0
20000.0
20000.0
20000.0
20000.0
20000.0
20000.0
20000.0
20000.0
19164.806640625
18258.6796875
17403.9375
16624.1640625
15972.8955078125
15342.7001953125
14789.1572265625
14264.630859375
13798.9013671875
13394.6142578125
13040.9296875
12709.3857421875
12357.994140625
12039.4560546875
11735.078125
11452.259765625
11212.2578125
10961.0908203125
10730.703125
10502.3310546875
10289.771484375
10022.8369140625
9811.8701171875
9630.455078125
9418.2333984375
9164.791015625
8938.6650390625
8748.2958984375
8590.8681640625
8420.587890625
8266.1865234375
8105.14892578125
7947.9501953125
7788.17236328125
7633.41650390625
7492.7783203125
7357.7802734375
7229.95068359375
7099.47265625
6960.35986328125
6844.638671875
6727.75341796875
6622.8681640625
6520.68896484375
6425.30908203125
6329.6416015625
6237.10009765625
6150.25
6061.9453125
5974.6796875
5884.57177734375
5795.2060546875
5715.5322265625
5628.71826171875
5546.38623046875
5468.92041015625
5399.6591796875
5327.9697265625
5255.8583984375
5186.4208984375
5116.04833984375
5049.19580078125
4983.7646484375
4923.14111328125
4871.33056640625
4816.31884765625
4765.4296875
4717.51318359375
4672.388671875
4628.25048828125
4589.2744140625
4553.7587890625
4517.81787109375
4483.4658203125
4448.36767578125
