20000.0
20000.0
20000.0
20000.0
20000.0
20000.0
20000.0
20000.0
20000.0
20000.0
20000.0
20000.0
20000.0
20000.0
20000.0
20000.0
20000.0
20000.0
20000.0
20000.0
20000.0
20000.0
20000.0
20000.0
20000.0
20000.0
20000.0
20000.0
20000.0
20000.0
20000.0
20000.0
20000.0
20000.0
20000.0
20000.0
20000.0
20000.0
20000.0
20000.0
20000.0
20000.0
20000.0
20000.0
19999.9921875
20000.0
20000.0
20000.0
20000.0
19999.99609375
19999.998046875
19999.943359375
20000.0
20000.0
20000.0
19999.9921875
20000.0
20000.0
20000.0
20000.0
20000.0
20000.0
20000.0
20000.0
20000.0
20000.0
20000.0
20000.0
19510.142578125
18810.912109375
18153.1796875
17493.609375
16874.853515625
16309.5654296875
15803.79296875
15319.4619140625
14908.501953125
14531.2783203125
14177.5947265625
13875.423828125
13557.10546875
13261.8544921875
12927.7333984375
12600.958984375
12314.451171875
12068.7060546875
11852.775390625
11534.80859375
11241.560546875
10984.10546875
10768.1279296875
10575.0888671875
10370.24609375
10174.244140625
9971.2724609375
9777.748046875
9576.275390625
9372.5263671875
9191.7841796875
9015.6962890625
8854.98046875
8700.642578125
8560.123046875
8442.6044921875
8322.0263671875
8209.1142578125
8093.1640625
7981.55419921875
7863.75830078125
7744.4921875
7629.458984375
7512.07861328125
7400.48583984375
7292.51708984375
7195.185546875
7109.056640625
7012.47705078125
6918.62255859375
6822.568359375
6731.27197265625
6641.68310546875
6557.58740234375
6480.6220703125
6404.5615234375
6333.47900390625
6262.45361328125
