20000.0
20000.0
20000.0
20000.0
20000.0
20000.0
20000.0
20000.0
20000.0
20000.0
20000.0
20000.0
20000.0
20000.0
20000.0
20000.0
20000.0
20000.0
20000.0
20000.0
20000.0
19999.958984375
20000.0
20000.0
19999.818359375
20000.0
20000.0
20000.0
19419.029296875
18526.125
17720.373046875
17064.181640625
16465.189453125
15941.8046875
15441.5869140625
14984.818359375
14579.8701171875
14194.423828125
13849.998046875
13533.1123046875
13226.5771484375
12957.748046875
12671.71875
12407.50390625
12148.365234375
11909.7578125
11684.5322265625
11488.8994140625
11303.07421875
11116.54296875
10943.041015625
10707.462890625
10507.224609375
10343.6162109375
10172.9248046875
10015.3232421875
9858.849609375
9701.3349609375
9574.20703125
9459.2451171875
9351.8544921875
9242.453125
9139.1474609375
8987.5615234375
8792.6318359375
8638.6240234375
8511.404296875
8417.1396484375
8333.1865234375
8243.2705078125
8147.14697265625
8056.80078125
7959.0849609375
7848.2158203125
7746.05859375
7646.58203125
7549.779296875
7468.38916015625
7388.71337890625
7318.984375
7248.716796875
7177.53125
7102.05615234375
7030.1845703125
6970.3046875
6915.93017578125
6866.07177734375
6814.41552734375
6761.9033203125
6713.98388671875
6660.67919921875
6609.3388671875
6556.1494140625
6504.40283203125
6450.80126953125
6398.22802734375
6348.41259765625
6297.22509765625
6247.005859375
6194.07861328125
6140.7578125
6092.86865234375
6041.17333984375
5996.2119140625
5954.11865234375
5915.1796875
5875.7216796875
5836.81201171875
5799.81884765625
5762.51708984375
5727.37841796875
5692.11669921875
5657.66796875
5627.39306640625
5594.65673828125
5563.7353515625
5532.57421875
5503.16357421875
5473.53173828125
5444.6796875
5417.53662109375
5389.5146484375
5360.2392578125
5329.08203125
