20000.0
20000.0
20000.0
20000.0
20000.0
20000.0
20000.0
20000.0
20000.0
20000.0
20000.0
20000.0
20000.0
20000.0
20000.0
20000.0
20000.0
20000.0
20000.0
20000.0
20000.0
20000.0
20000.0
20000.0
20000.0
20000.0
20000.0
20000.0
20000.0
20000.0
20000.0
20000.0
20000.0
20000.0
19999.990234375
20000.0
20000.0
20000.0
20000.0
20000.0
20000.0
19999.998046875
20000.0
20000.0
19999.986328125
19999.98828125
20000.0
20000.0
20000.0
20000.0
20000.0
20000.0
20000.0
20000.0
20000.0
20000.0
20000.0
19717.423828125
18805.662109375
17992.0546875
17240.740234375
16573.345703125
15982.556640625
15460.3994140625
14984.1748046875
14511.35546875
14031.4794921875
13682.908203125
13325.939453125
12999.513671875
12680.7646484375
12391.751953125
12111.6708984375
11846.9501953125
11603.4658203125
11359.5908203125
11073.0185546875
10835.90234375
10618.1240234375
10434.8388671875
10140.1611328125
9893.05859375
9681.298828125
9504.9736328125
9323.5888671875
9149.4091796875
8981.298828125
8808.90625
8644.380859375
8477.98046875
8320.283203125
8185.26171875
8025.94921875
7878.498046875
7737.88671875
7614.15478515625
7496.5322265625
7386.580078125
7286.81787109375
7188.0595703125
7094.06982421875
6997.369140625
6901.06689453125
6812.86767578125
6713.48486328125
6617.4423828125
6519.53759765625
6427.06201171875
6339.4296875
6259.544921875
6183.00634765625
6102.95556640625
6025.32763671875
5945.96142578125
5869.3505859375
5803.19775390625
5734.29296875
5670.85498046875
5607.71484375
5549.001953125
5490.35498046875
5434.248046875
5382.95751953125
5335.2158203125
5291.3603515625
5246.861328125
