20000.0
20000.0
20000.0
20000.0
20000.0
20000.0
20000.0
20000.0
20000.0
20000.0
20000.0
20000.0
20000.0
20000.0
20000.0
20000.0
20000.0
20000.0
20000.0
20000.0
20000.0
20000.0
20000.0
20000.0
20000.0
20000.0
20000.0
20000.0
20000.0
20000.0
20000.0
20000.0
20000.0
20000.0
20000.0
20000.0
20000.0
20000.0
19999.99609375
20000.0
19999.998046875
20000.0
19999.998046875
20000.0
19999.974609375
19999.83203125
20000.0
20000.0
20000.0
20000.0
20000.0
20000.0
20000.0
20000.0
20000.0
20000.0
19950.791015625
18979.46484375
18154.462890625
17398.939453125
16716.490234375
16154.234375
15602.638671875
15059.744140625
14538.3603515625
14102.5283203125
13753.51171875
13386.5849609375
13051.78515625
12728.974609375
12436.5390625
12151.5693359375
11881.3935546875
11574.74609375
11282.732421875
11044.384765625
10822.109375
10547.1923828125
10278.509765625
10027.6279296875
9827.1259765625
9625.28515625
9439.09375
9248.7802734375
9060.3935546875
8878.6865234375
8695.533203125
8528.56640625
8359.7060546875
8183.94384765625
8034.3115234375
7883.6259765625
7751.5302734375
7624.71923828125
7510.54638671875
7399.01318359375
7291.5849609375
7189.17236328125
7083.68310546875
6979.306640625
6870.45556640625
6761.943359375
6665.25
6560.08837890625
6461.6123046875
6372.89794921875
6288.63720703125
6200.56201171875
6112.2353515625
6027.60107421875
5942.787109375
5864.45751953125
5787.8349609375
5716.16845703125
5654.09130859375
5588.05908203125
5526.611328125
5466.00927734375
5410.74365234375
5359.5517578125
5310.53564453125
5263.8642578125
5216.318359375
5171.3271484375
5127.2861328125
