20000.0
20000.0
19999.63671875
19005.82421875
18004.6875
17354.3359375
17011.95703125
17202.41796875
17503.388671875
17919.08203125
18421.96875
18956.541015625
19458.43359375
19897.4609375
20000.0
20000.0
20000.0
20000.0
20000.0
20000.0
20000.0
20000.0
20000.0
20000.0
20000.0
20000.0
20000.0
20000.0
20000.0
20000.0
20000.001953125
20000.0
20000.0
19999.712890625
19267.623046875
18391.0078125
17653.70703125
17063.060546875
16393.162109375
15765.9736328125
15132.23828125
14535.9892578125
13981.7490234375
13425.0966796875
12942.404296875
12487.0068359375
12061.599609375
11651.0986328125
11281.087890625
10979.8544921875
10660.7509765625
10373.5478515625
10092.3388671875
9825.388671875
9597.28125
9358.7197265625
9137.845703125
8919.5078125
8723.4501953125
8570.30078125
8423.939453125
8286.8857421875
8149.30029296875
8019.70751953125
7889.37158203125
7762.25537109375
7649.9091796875
7528.56298828125
7413.99658203125
7304.0078125
7206.97314453125
7095.67822265625
6985.7109375
6884.32763671875
6783.85595703125
6689.31103515625
6594.1787109375
6501.568359375
6419.97802734375
6332.1484375
6249.439453125
6165.970703125
6086.96826171875
6006.900390625
5928.34814453125
5854.33984375
5780.12255859375
5710.41552734375
5641.20751953125
5574.5498046875
5515.783203125
5452.34716796875
5392.48876953125
5331.341796875
5272.2958984375
5212.48681640625
5154.517578125
5100.11083984375
5045.7490234375
4994.78369140625
4943.63134765625
4893.8466796875
4849.9599609375
4802.7568359375
4758.22216796875
4713.51806640625
4671.408203125
4629.13818359375
4587.89306640625
4548.7373046875
4508.712890625
4470.7236328125
4432.328125
4394.75439453125
4358.5625
4317.537109375
4280.04150390625
4243.44580078125
4209.53125
4175.77392578125
4143.0849609375
4112.31640625
4081.431884765625
4052.31640625
4023.0048828125
