20000.0
20000.0
20000.0
19999.998046875
20000.0
20000.0
20000.0
20000.0
20000.0
20000.0
20000.0
20000.0
20000.0
20000.0
20000.0
20000.0
20000.0
20000.0
20000.0
20000.0
20000.0
20000.0
19999.759765625
19998.84375
20000.0
20000.0
20000.0
20000.0
20000.0
20000.0
19277.78125
18516.298828125
17808.546875
17191.71875
16619.404296875
16116.345703125
15668.8408203125
15233.6796875
14837.54296875
14447.4384765625
14073.2919921875
13724.2119140625
13279.271484375
12935.8046875
12616.8369140625
12325.39453125
12056.2119140625
11805.345703125
11585.6025390625
11403.3291015625
11231.236328125
11058.654296875
10844.1171875
10581.134765625
10309.279296875
10115.953125
9957.1611328125
9800.9375
9647.861328125
9479.6435546875
9310.732421875
9140.099609375
8976.6142578125
8819.162109375
8675.791015625
8550.4619140625
8411.0927734375
8283.3837890625
8163.1064453125
8056.40185546875
7950.99267578125
7850.408203125
7764.26806640625
7679.22509765625
7597.17724609375
7510.90576171875
7423.82861328125
7344.72314453125
7256.166015625
7171.08349609375
7083.2939453125
6997.31298828125
6908.2646484375
6822.26171875
6746.03466796875
6679.013671875
6620.12451171875
6562.02685546875
6505.6318359375
6455.783203125
6402.12255859375
6351.67822265625
6300.97900390625
6247.48291015625
6190.56103515625
6134.53857421875
6082.3720703125
6030.7431640625
5982.9072265625
5935.6884765625
5890.46630859375
5851.1396484375
5809.46337890625
5770.62744140625
5732.0947265625
5696.15771484375
5660.41015625
5625.91552734375
5593.77978515625
5561.65966796875
5531.67041015625
5501.7421875
5472.73291015625
5446.9931640625
5419.142578125
5393.27392578125
5367.40625
5343.07275390625
5318.646484375
5294.93505859375
5272.63427734375
5250.2626953125
5229.1572265625
5208.06396484375
