20000.0
20000.0
20000.0
20000.0
20000.0
20000.0
20000.0
20000.0
20000.0
20000.0
20000.0
20000.0
20000.0
20000.0
20000.0
20000.0
20000.0
20000.0
20000.0
20000.0
20000.0
20000.0
20000.02734375
20000.001953125
19999.671875
20000.0
20000.0
20000.0
20000.0
20000.0
20000.0
20000.0
20000.0
20000.0
19999.998046875
20000.0
19928.3359375
19147.091796875
18194.466796875
17496.08984375
16871.0078125
16303.7587890625
15823.3916015625
15420.134765625
15061.671875
14514.009765625
13946.2080078125
13509.8115234375
13118.2255859375
12766.1455078125
12409.259765625
12061.4228515625
11721.9267578125
11415.80859375
11147.0966796875
10863.408203125
10613.6181640625
10382.1669921875
10177.2900390625
9981.8837890625
9807.87109375
9643.3740234375
9469.2431640625
9296.5361328125
9118.267578125
8944.4912109375
8797.603515625
8655.62109375
8536.4306640625
8426.734375
8325.3935546875
8214.2080078125
8098.9677734375
7989.29541015625
7881.38427734375
7780.3212890625
7682.58837890625
7590.4189453125
7511.126953125
7427.615234375
7350.53759765625
7274.2392578125
7203.27783203125
7132.5927734375
7064.63525390625
7001.14453125
6937.9169921875
6879.00244140625
6820.30322265625
6763.5771484375
6716.87646484375
6668.7822265625
6622.4873046875
6575.15234375
6530.18994140625
6484.775390625
6440.576171875
6398.99755859375
6357.34716796875
6317.41162109375
6277.21044921875
6238.28271484375
6204.2255859375
6167.6953125
6133.58740234375
6099.47216796875
6067.62646484375
6035.841796875
6005.189453125
5976.4775390625
5947.6962890625
5920.75146484375
5893.81689453125
5867.73974609375
5844.8037109375
5820.1748046875
5796.99072265625
5773.748046875
5751.95458984375
5730.0888671875
5708.91357421875
5689.02587890625
5669.1083984375
5650.35693359375
5631.4970703125
