20000.0
18845.97265625
17156.23828125
16630.013671875
15857.4736328125
15596.94921875
15356.2392578125
15291.3271484375
15615.724609375
16074.5234375
16494.224609375
16917.892578125
17389.45703125
17845.912109375
18247.30859375
18622.29296875
18941.541015625
19231.658203125
19487.89453125
19699.50390625
19910.46484375
20000.0
20000.0
20000.0
20000.0
20000.0
20000.0
20000.0
20000.0
20000.0
20000.0
20000.0
19999.890625
19259.693359375
18215.84765625
17374.62890625
16652.271484375
16061.646484375
15552.2734375
15076.78125
14566.732421875
14025.27734375
13499.3876953125
13057.583984375
12580.234375
12117.552734375
11689.9755859375
11318.3583984375
10964.0771484375
10617.986328125
10298.576171875
9993.5146484375
9721.583984375
9486.818359375
9248.662109375
9040.6376953125
8818.771484375
8613.1298828125
8411.556640625
8226.9638671875
8046.9091796875
7909.47900390625
7789.9541015625
7668.01806640625
7548.8984375
7430.546875
7316.1884765625
7215.74755859375
7107.31298828125
7004.7666015625
6901.30322265625
6803.341796875
6704.326171875
6607.662109375
6516.41162109375
6424.44482421875
6337.5302734375
6249.88720703125
6171.92138671875
6096.46875
6014.68115234375
5938.0087890625
5861.0068359375
5788.271484375
5714.83837890625
5643.1259765625
5575.22998046875
5506.6552734375
5441.7822265625
5376.83984375
5313.75732421875
5257.81494140625
5196.9443359375
5139.1162109375
5080.60302734375
5025.09375
4968.9443359375
4914.11083984375
4862.2109375
4809.79736328125
4760.38818359375
4711.083984375
4663.36279296875
4621.15185546875
4575.3935546875
4532.0400390625
4488.1357421875
4445.8447265625
4402.21240234375
4359.2724609375
4318.69482421875
4277.978515625
4239.75537109375
4201.38720703125
4163.9951171875
4130.91748046875
4095.093505859375
4061.197265625
4026.960205078125
3994.56982421875
3961.903076171875
3930.0126953125
3899.85009765625
3869.38818359375
3840.531494140625
3811.33544921875
