20000.0
20000.0
20000.0
20000.0
20000.0
20000.0
20000.0
20000.0
20000.0
20000.0
20000.0
20000.0
20000.0
20000.0
20000.0
20000.0
20000.0
20000.0
20000.0
20000.0
20000.0
20000.0
20000.0
20000.0
20000.0
20000.0
20000.0
20000.0
20000.0
20000.0
20000.0
20000.0
20000.0
20000.0
20000.0
20000.0
20000.0
19999.990234375
19999.994140625
20000.0
19999.99609375
19999.99609375
20000.0
20000.0
20000.0
20000.0
20000.0
20000.0
20000.0
20000.0
20000.0
20000.0
19999.998046875
20000.0
20000.0
19674.181640625
18762.26953125
17911.140625
17180.556640625
16508.56640625
15893.9189453125
15378.9619140625
14879.8896484375
14395.919921875
13920.09375
13540.5908203125
13218.9267578125
12880.626953125
12570.4384765625
12267.98828125
11994.791015625
11727.9716796875
11474.5029296875
11238.53515625
10941.4248046875
10705.009765625
10489.1142578125
10290.5400390625
10018.4111328125
9754.634765625
9543.83203125
9362.21875
9185.6572265625
9008.7080078125
8833.294921875
8664.3564453125
8490.8798828125
8327.39453125
8168.32177734375
8019.35107421875
7876.529296875
7717.32568359375
7574.67138671875
7442.2998046875
7325.1015625
7211.99755859375
7104.52197265625
7005.25732421875
6906.31494140625
6812.1953125
6715.09326171875
6615.4326171875
6525.2294921875
6426.0673828125
6331.4130859375
6235.06884765625
6143.55224609375
6058.73388671875
5978.470703125
5900.31982421875
5819.06884765625
5740.9013671875
5661.83984375
5584.6806640625
5518.93310546875
5450.8564453125
5387.67138671875
5325.4892578125
5267.54345703125
5210.244140625
5155.41845703125
5105.52587890625
5059.5126953125
5016.63134765625
4973.0087890625
