20000.0
20000.0
19614.82421875
18594.09765625
17854.466796875
17576.068359375
17856.498046875
18192.439453125
18725.314453125
19302.525390625
19877.408203125
20000.0
20000.0
20000.0
20000.0
20000.0
20000.0
20000.0
20000.0
20000.0
20000.0
20000.0
20000.0
20000.0
20000.0
20000.0
20000.0
20000.001953125
20000.0
19999.9765625
20000.0
19408.517578125
18429.5859375
17675.955078125
16859.134765625
16087.2294921875
15384.548828125
14674.8447265625
14018.6845703125
13419.439453125
12878.0693359375
12409.275390625
11934.9697265625
11541.8642578125
11169.41015625
10822.87109375
10487.578125
10171.4296875
9883.4736328125
9604.185546875
9347.322265625
9094.8798828125
8878.2080078125
8720.40234375
8552.80859375
8396.0009765625
8239.150390625
8091.89599609375
7944.0595703125
7800.21923828125
7664.99072265625
7529.7861328125
7416.59521484375
7292.830078125
7165.38916015625
7054.7001953125
6937.3603515625
6827.6474609375
6718.00146484375
6615.28466796875
6512.4375
6412.82177734375
6319.2265625
6225.06591796875
6135.9033203125
6045.79248046875
5958.349609375
5881.7294921875
5800.00732421875
5724.32568359375
5648.6103515625
5577.392578125
5505.958984375
5436.21240234375
5369.02978515625
5300.912109375
5237.21826171875
5173.82763671875
5112.78515625
5059.45361328125
5002.1064453125
4948.1083984375
4893.900390625
4842.37451171875
4790.384765625
4739.9482421875
4692.59521484375
4644.953125
4600.01416015625
4554.66162109375
4510.5283203125
4471.53955078125
4426.91259765625
4381.8046875
4337.96728515625
4297.97607421875
4258.53662109375
4220.57177734375
4185.0322265625
4149.42529296875
4115.96533203125
4082.380859375
4049.717529296875
4020.917236328125
3989.80712890625
3961.620849609375
3934.243408203125
3908.61962890625
3883.075927734375
3857.976806640625
3833.204833984375
3807.466552734375
3782.962158203125
3758.5947265625
