20000.0
20000.0
20000.0
20000.0
20000.0
20000.0
20000.0
20000.0
20000.0
20000.0
20000.0
20000.0
20000.0
20000.0
20000.0
20000.0
20000.0
20000.0
20000.0
20000.0
20000.0
20000.0
20000.0
20000.0
20000.001953125
20000.0
20000.0
20000.0
20000.0
20000.0
19999.99609375
20000.0
20000.005859375
20000.0
20000.0
19586.048828125
18876.44921875
18248.568359375
17649.71484375
16971.515625
16310.2236328125
15774.8681640625
15341.21875
14901.232421875
14504.5654296875
14149.01953125
13860.3662109375
13572.5732421875
13139.4111328125
12697.1904296875
12360.994140625
12100.109375
11837.8740234375
11571.8291015625
11325.5634765625
11047.791015625
10791.1650390625
10548.974609375
10332.4658203125
10107.396484375
9889.2685546875
9694.505859375
9510.1240234375
9347.541015625
9189.1416015625
9038.21484375
8916.205078125
8785.22265625
8657.6748046875
8522.8974609375
8390.0283203125
8253.6025390625
8119.42041015625
7994.45751953125
7876.9697265625
7776.72900390625
7687.673828125
7605.97900390625
7534.6240234375
7454.17919921875
7370.56201171875
7283.65869140625
7201.69140625
7120.748046875
7043.7578125
6972.53662109375
6901.224609375
6836.05615234375
6771.8759765625
6710.44140625
6657.10009765625
6600.40771484375
6547.62158203125
6495.07763671875
6445.92724609375
6396.78857421875
6349.2294921875
6304.65673828125
6260.837890625
6222.7568359375
6183.8798828125
6145.07861328125
6110.474609375
6072.84814453125
6037.2724609375
6001.44873046875
5967.90380859375
5934.40673828125
5901.87744140625
5871.32275390625
5840.6357421875
5811.748046875
5782.728515625
5754.46826171875
5729.3115234375
5701.9482421875
5675.98779296875
5649.9541015625
5625.43603515625
5600.89794921875
5577.06298828125
5554.6484375
5532.333984375
5511.275390625
5490.1005859375
