20000.0
20000.0
19591.29296875
18823.53515625
17979.58984375
17558.267578125
17176.9921875
17010.947265625
17117.8203125
17297.361328125
17666.744140625
18130.841796875
18635.888671875
19120.123046875
19552.181640625
19955.76171875
20000.0
20000.0
20000.0
20000.0
20000.0
20000.0
20000.0
20000.0
20000.0
20000.0
20000.0
20000.0
20000.0
20000.0
20000.0
20000.0
19999.6796875
20000.0
19999.94140625
20000.0
20000.0
19631.8203125
18886.005859375
18268.125
17726.30078125
17213.04296875
16710.20703125
16184.966796875
15619.46484375
15079.1357421875
14550.966796875
14023.3271484375
13519.3076171875
13069.0908203125
12669.3837890625
12273.416015625
11908.55859375
11577.0185546875
11277.1298828125
11002.1875
10714.599609375
10457.5263671875
10205.923828125
9973.6201171875
9745.2607421875
9525.0556640625
9320.08203125
9117.060546875
8928.0078125
8760.109375
8627.7080078125
8511.1484375
8385.1220703125
8265.8935546875
8145.3720703125
8030.9560546875
7915.28515625
7801.8173828125
7701.3896484375
7604.13427734375
7501.84619140625
7392.5146484375
7287.90576171875
7197.26123046875
7101.42578125
7011.2392578125
6920.3466796875
6834.3115234375
6747.16015625
6661.615234375
6580.4189453125
6498.32763671875
6420.62109375
6341.810546875
6265.02197265625
6197.50390625
6124.9462890625
6057.59619140625
5990.27392578125
5926.72021484375
5862.14990234375
5797.5771484375
5735.80859375
5673.458984375
5614.91552734375
5556.3603515625
5499.66845703125
5449.89453125
5396.07177734375
5345.07177734375
5293.5244140625
5244.87158203125
5195.9228515625
5148.36376953125
5103.61669921875
5058.87255859375
5016.59716796875
4973.986328125
4932.39013671875
4895.5986328125
4855.794921875
4817.9755859375
4779.22998046875
4741.98095703125
4698.755859375
4657.46728515625
4619.8466796875
4583.01318359375
4548.8701171875
4514.85791015625
