20000.0
20000.0
18956.912109375
17584.2421875
16990.91015625
16570.96875
16676.013671875
16977.37109375
17286.36328125
17709.07421875
18193.451171875
18667.94140625
19093.853515625
19492.744140625
19840.27734375
20000.0
20000.0
20000.0
20000.0
20000.0
20000.0
20000.0
20000.0
20000.0
20000.0
20000.0
20000.0
20000.0
20000.0
20000.0
20000.0
20000.0
20000.0
19999.998046875
19979.912109375
19060.712890625
18293.76171875
17625.0234375
17067.94921875
16555.716796875
16015.9638671875
15508.7919921875
14950.533203125
14433.3203125
13927.529296875
13415.9609375
12943.25390625
12520.7412109375
12142.1689453125
11765.3984375
11416.30859375
11078.740234375
10793.5986328125
10548.8369140625
10277.12890625
10030.876953125
9788.8876953125
9564.6337890625
9344.8359375
9137.2314453125
8945.5712890625
8754.34375
8576.6083984375
8436.3916015625
8306.400390625
8192.9765625
8070.77685546875
7955.29833984375
7838.9931640625
7728.93798828125
7617.71484375
7508.70947265625
7405.3994140625
7301.0986328125
7202.23291015625
7110.01123046875
7022.12158203125
6932.92041015625
6836.7861328125
6747.439453125
6658.3740234375
6574.626953125
6491.29345703125
6409.81396484375
6332.548828125
6254.552734375
6180.66650390625
6105.98388671875
6032.74755859375
5967.93896484375
5897.384765625
5830.095703125
5762.26708984375
5698.435546875
5634.2119140625
5571.79833984375
5513.5205078125
5455.3408203125
5400.29541015625
5344.748046875
5290.39697265625
5241.6689453125
5187.70947265625
5136.26708984375
5084.42333984375
5035.7021484375
4986.7724609375
4939.2509765625
4894.5107421875
4849.34619140625
4806.6171875
4763.4892578125
4721.4326171875
4684.35302734375
4644.39794921875
4606.74609375
4568.8115234375
4533.0556640625
4496.9052734375
4461.54052734375
4427.97216796875
4394.0048828125
4361.7578125
4329.09375
