20000.0
19054.5546875
18324.185546875
17277.693359375
16356.44140625
15889.9443359375
15697.62890625
15997.1591796875
16473.474609375
16942.166015625
17362.73828125
17842.861328125
18312.01171875
18731.244140625
19117.40234375
19446.87109375
19745.927734375
20000.0
20000.0
20000.0
20000.0
20000.0
20000.0
20000.0
20000.0
20000.0
20000.0
20000.0
20000.0
20000.0
20000.0
19999.9921875
19999.998046875
18796.587890625
17801.6640625
16863.458984375
16164.25
15595.841796875
14961.576171875
14374.0
13784.69140625
13249.4296875
12754.1923828125
12254.7529296875
11822.98828125
11415.4326171875
11042.283203125
10671.912109375
10328.44140625
10024.115234375
9734.0078125
9489.111328125
9246.974609375
9009.2021484375
8801.6943359375
8582.669921875
8382.052734375
8186.576171875
8041.6572265625
7908.64794921875
7777.7890625
7650.93505859375
7520.9931640625
7400.013671875
7279.318359375
7162.14111328125
7058.80810546875
6947.31884765625
6842.34814453125
6736.54638671875
6636.66796875
6536.17236328125
6438.423828125
6346.275390625
6253.5185546875
6166.04931640625
6078.619140625
5997.07177734375
5922.5400390625
5842.10400390625
5766.3642578125
5690.0927734375
5618.09765625
5545.44873046875
5474.85546875
5408.451171875
5341.08837890625
5277.14501953125
5212.46044921875
5149.20703125
5093.236328125
5032.875
4975.96337890625
4918.7333984375
4864.79443359375
4810.49462890625
4757.3134765625
4706.88427734375
4655.75927734375
4607.21484375
4558.05322265625
4510.50048828125
4468.77294921875
4423.46728515625
4380.5341796875
4337.0947265625
4295.9423828125
4254.3857421875
4213.7587890625
4174.787109375
4134.66650390625
4096.3681640625
4057.78466796875
4020.302734375
3987.415283203125
3952.08740234375
3918.792236328125
3885.18359375
3853.34521484375
3821.150390625
3790.90869140625
3763.994140625
3737.137939453125
3711.781005859375
3686.05615234375
