20000.0
20000.0
20000.0
19579.556640625
18687.6953125
18285.921875
17992.3671875
17917.568359375
18276.53515625
18666.107421875
19143.51171875
19688.015625
20000.0
20000.0
20000.0
20000.0
20000.0
20000.0
20000.0
20000.0
20000.0
20000.0
20000.0
20000.0
20000.0
20000.0
20000.0
20000.0
20000.0
19999.990234375
20000.0
20000.001953125
19999.9140625
20000.0
19999.994140625
20000.0
19319.537109375
18362.458984375
17513.142578125
16697.849609375
15957.7763671875
15220.392578125
14530.4775390625
13968.14453125
13408.7265625
12892.0009765625
12400.306640625
11966.990234375
11587.5302734375
11227.525390625
10899.685546875
10575.5458984375
10276.72265625
9986.3408203125
9714.5166015625
9481.53125
9235.7099609375
9029.154296875
8854.466796875
8693.1162109375
8532.4033203125
8377.0107421875
8231.3271484375
8085.142578125
7947.44873046875
7808.82080078125
7674.1162109375
7555.798828125
7429.67626953125
7321.72802734375
7209.81689453125
7093.39697265625
6977.79541015625
6867.228515625
6764.18017578125
6660.93212890625
6564.01025390625
6466.69580078125
6372.1591796875
6289.04931640625
6199.6142578125
6115.56396484375
6031.1162109375
5951.3505859375
5871.12353515625
5793.05615234375
5719.47216796875
5645.51123046875
5576.787109375
5507.8564453125
5440.74267578125
5381.65869140625
5318.19921875
5258.58447265625
5198.68359375
5141.330078125
5082.3642578125
5024.62353515625
4970.0341796875
4915.0634765625
4863.50537109375
4811.837890625
4761.52783203125
4717.14892578125
4669.19287109375
4623.96044921875
4578.46630859375
4535.5869140625
4492.416015625
4450.26220703125
4410.3642578125
4370.064453125
4331.9423828125
4293.484375
4255.94384765625
4218.74072265625
4178.2275390625
4141.3291015625
4105.2607421875
4071.789794921875
4038.373046875
4007.1591796875
3979.306640625
3951.2060546875
3925.137939453125
3898.869873046875
