20000.0
20000.0
20000.0
20000.0
19999.998046875
20000.0
20000.0
20000.0
20000.0
20000.0
20000.0
20000.0
20000.0
20000.0
20000.0
20000.0
20000.0
20000.0
20000.0
20000.0
20000.0
19999.99609375
19999.962890625
20000.0
19999.818359375
20000.0
20000.0
20000.0
20000.0
20000.0
20000.0
19987.861328125
19163.5703125
18453.203125
17795.798828125
17208.15234375
16692.501953125
16208.791015625
15790.5712890625
15378.8544921875
14987.439453125
14651.40625
14299.935546875
13973.4091796875
13654.072265625
13275.5576171875
12917.41015625
12608.0302734375
12332.93359375
12078.8916015625
11855.169921875
11637.9697265625
11443.869140625
11296.607421875
11138.103515625
10985.0361328125
10817.2333984375
10543.0341796875
10284.9716796875
10100.76953125
9965.9150390625
9831.9169921875
9695.654296875
9562.9208984375
9418.0595703125
9278.2060546875
9122.5732421875
8973.6923828125
8831.578125
8710.970703125
8594.927734375
8479.1494140625
8367.6611328125
8259.05859375
8162.04296875
8070.228515625
7990.0107421875
7920.6171875
7845.07861328125
7772.462890625
7696.22705078125
7622.4296875
7546.25732421875
7469.6953125
7396.9931640625
7322.84912109375
7251.015625
7175.3583984375
7099.236328125
7032.08251953125
6962.52392578125
6904.23486328125
6849.216796875
6798.00146484375
6746.3408203125
6695.884765625
6647.91748046875
6599.82421875
6554.35107421875
6508.66796875
6464.07568359375
6421.44921875
6371.9599609375
6324.05810546875
6275.91650390625
6230.99951171875
6186.4287109375
6143.67529296875
6103.9951171875
6064.5126953125
6027.6826171875
5991.14404296875
5955.84765625
5925.02294921875
5892.07470703125
5861.17236328125
5830.31982421875
5801.3525390625
5772.49365234375
5744.4560546875
5718.146484375
5691.79296875
5667.025390625
5642.1796875
