20000.0
20000.0
20000.0
20000.0
20000.0
20000.0
20000.0
20000.0
20000.0
20000.0
20000.0
20000.0
20000.0
20000.0
20000.0
20000.0
20000.0
20000.0
20000.0
20000.0
20000.0
20000.0
20000.0
20000.0
19999.791015625
20000.0
20000.0
20000.0
20000.0
20000.0
20000.0
20000.0
20000.00390625
20000.001953125
20000.0
20000.0
20000.0
19516.734375
18517.421875
17797.4921875
17154.251953125
16570.59375
16077.95703125
15671.751953125
15310.7109375
14722.96484375
14149.3154296875
13712.9853515625
13309.064453125
12936.5068359375
12570.30859375
12217.2490234375
11873.4169921875
11561.076171875
11285.869140625
10994.765625
10738.22265625
10501.8369140625
10293.458984375
10096.9326171875
9918.8134765625
9751.6396484375
9575.7314453125
9403.087890625
9226.6279296875
9056.36328125
8913.54296875
8774.8056640625
8656.4150390625
8548.2216796875
8446.8759765625
8332.404296875
8216.798828125
8107.609375
7998.8291015625
7899.8369140625
7803.03515625
7711.3818359375
7632.4375
7549.1103515625
7471.88671875
7395.31201171875
7324.02978515625
7253.18408203125
7185.00634765625
7121.49609375
7061.19775390625
7006.87890625
6951.208984375
6896.50244140625
6848.29248046875
6796.44970703125
6747.7451171875
6698.9443359375
6652.7958984375
6605.8740234375
6560.2021484375
6517.3681640625
6474.5869140625
6434.5732421875
6394.73681640625
6356.1962890625
6322.49755859375
6286.4423828125
6252.67822265625
6218.9833984375
6187.4951171875
6155.93896484375
6125.46923828125
6096.80126953125
6068.22265625
6041.38330078125
6014.5078125
5988.43212890625
5965.546875
5940.96923828125
5917.82568359375
5894.6279296875
5872.82275390625
5851.09814453125
5829.94140625
5810.01416015625
5790.115234375
5771.32861328125
5752.47021484375
