20000.0
18907.951171875
17333.4453125
16585.38671875
15914.4404296875
15916.8173828125
16437.62109375
17030.544921875
17520.486328125
18059.087890625
18599.22265625
19085.982421875
19495.150390625
19859.248046875
20000.0
20000.0
20000.0
20000.0
20000.0
20000.0
20000.0
20000.0
20000.0
20000.0
20000.0
20000.009765625
20000.0
18926.990234375
17697.791015625
16738.056640625
15968.7919921875
15238.9853515625
14516.43359375
13832.6376953125
13186.3154296875
12543.92578125
12000.474609375
11498.015625
11041.9677734375
10601.98046875
10203.9384765625
9876.001953125
9554.67578125
9269.69140625
8984.2451171875
8720.6181640625
8464.94140625
8226.0673828125
8053.36962890625
7891.7578125
7737.64599609375
7578.0185546875
7423.40576171875
7287.7021484375
7143.73095703125
7009.43896484375
6875.90478515625
6750.82470703125
6625.77294921875
6504.8642578125
6391.58935546875
6278.2763671875
6171.91455078125
6067.53662109375
5967.435546875
5878.54833984375
5783.33251953125
5693.9931640625
5604.4541015625
5520.6298828125
5436.79345703125
5354.88818359375
5277.521484375
5199.5859375
5126.18994140625
5052.619140625
4981.22607421875
4918.66064453125
4851.755859375
4788.7314453125
4725.4365234375
4665.61376953125
4605.1357421875
4546.126953125
4491.11328125
4435.96142578125
4383.87353515625
4331.35791015625
4280.2216796875
4235.201171875
4186.703125
4140.30859375
4092.7626953125
4047.75439453125
4002.785400390625
3959.4384765625
3918.91357421875
3878.22998046875
3839.867919921875
3802.923828125
3769.22216796875
3739.73046875
3707.91943359375
3677.780517578125
3647.254150390625
3618.25634765625
3588.834228515625
3559.961181640625
3530.586669921875
3499.2177734375
3470.4052734375
3442.167724609375
3414.7890625
3390.67724609375
3364.64990234375
3340.02392578125
3315.11279296875
3291.485595703125
3267.58544921875
3244.21533203125
3222.080810546875
3199.721435546875
3178.56591796875
3157.18994140625
