20000.0
20000.0
20000.0
20000.0
20000.0
20000.0
20000.0
20000.0
20000.0
20000.0
20000.0
20000.0
20000.0
20000.0
20000.0
20000.0
20000.0
20000.0
20000.0
20000.0
20000.0
20000.0
20000.0
20000.0
19999.76953125
20000.0
20000.0
20000.0
20000.0
20000.0
20000.0
20000.013671875
20000.0
20000.0
20000.0
19999.998046875
20000.0
20000.0
20000.0
20000.0
20000.0
20000.0
20000.0
20000.0
20000.0
19999.125
20000.0
19999.642578125
20000.0
19925.982421875
18867.283203125
17841.83984375
17027.087890625
16461.9453125
16001.134765625
15610.1689453125
15231.25390625
14866.384765625
14481.8232421875
14124.322265625
13800.8330078125
13481.255859375
13180.00390625
12874.53515625
12578.6533203125
12320.4619140625
12043.47265625
11783.46484375
11521.40625
11273.1142578125
11013.1064453125
10742.8408203125
10485.99609375
10226.6953125
9978.86328125
9726.3740234375
9478.4375
9272.8505859375
9065.8671875
8863.623046875
8654.9853515625
8457.8603515625
8259.1416015625
8067.70703125
7888.32080078125
7709.638671875
7542.919921875
7380.2783203125
7223.45166015625
7084.02490234375
6934.92138671875
6794.67431640625
6655.3525390625
6527.14501953125
6400.8046875
6279.95068359375
6167.40869140625
6052.89501953125
5944.82666015625
5839.38720703125
5739.74658203125
5653.85400390625
5562.89013671875
5478.47021484375
5393.86279296875
5319.40576171875
5245.35009765625
5173.04638671875
5106.01416015625
5039.17578125
4976.18212890625
4912.681640625
4851.06884765625
4796.76123046875
4739.814453125
4689.22607421875
4638.21435546875
4589.67333984375
4535.033203125
4477.09326171875
4421.85546875
4366.9677734375
4315.9287109375
4265.22412109375
