20000.0
20000.0
20000.0
20000.0
20000.0
20000.0
20000.0
20000.0
20000.0
20000.0
20000.0
20000.0
20000.0
20000.0
20000.0
20000.0
20000.0
20000.0
20000.0
20000.0
19999.75
19989.486328125
20000.00390625
20000.0
20000.0
20000.0
20000.0
20000.0
20000.0
20000.0
20000.0
20000.0
20000.0
20000.0
19909.875
18820.890625
18002.640625
17310.5703125
16666.53515625
16192.8662109375
15761.9873046875
15036.048828125
14462.755859375
13973.9599609375
13539.0693359375
13089.1171875
12677.0439453125
12284.2451171875
11925.13671875
11585.451171875
11248.359375
10951.50390625
10682.21875
10439.1904296875
10251.802734375
10052.57421875
9860.6845703125
9666.04296875
9484.6796875
9308.3564453125
9147.623046875
9009.501953125
8881.0986328125
8765.8984375
8642.1298828125
8517.5556640625
8408.2607421875
8292.701171875
8186.4169921875
8082.2763671875
7986.6015625
7894.54345703125
7811.95068359375
7733.59375
7654.423828125
7579.86376953125
7505.498046875
7433.48876953125
7369.71630859375
7301.61767578125
7238.73779296875
7176.611328125
7119.009765625
7061.8193359375
7007.02099609375
6955.8671875
6905.03857421875
6857.6396484375
6810.40478515625
6764.91455078125
6725.27783203125
6683.05029296875
6643.4921875
6604.08740234375
6567.3095703125
6530.650390625
6495.32177734375
6462.2666015625
6429.20654296875
6398.234375
6367.44970703125
6337.65283203125
6311.5712890625
6283.7490234375
6257.51025390625
6231.3232421875
6206.75146484375
6182.12353515625
6158.27685546875
6135.90234375
6113.501953125
6092.46533203125
6071.40380859375
6051.30029296875
6033.7001953125
6014.7412109375
5996.92724609375
5978.904296875
5961.90234375
5944.82421875
5928.19287109375
5912.51220703125
5896.73486328125
5881.853515625
5866.86083984375
