20000.0
20000.0
20000.0
20000.0
20000.0
20000.0
20000.0
20000.0
20000.0
20000.0
20000.0
20000.0
20000.0
20000.0
20000.0
20000.0
20000.0
20000.0
20000.0
20000.0
19999.486328125
19998.966796875
20000.0
20000.0
19999.998046875
20000.0
19999.85546875
20000.0
20000.0
20000.0
20000.0
20000.0
20000.0
20000.0
19169.94140625
18309.6640625
17552.326171875
16893.5078125
16409.25390625
15831.4013671875
15084.244140625
14475.3466796875
14007.6513671875
13510.296875
13060.494140625
12636.0888671875
12255.3134765625
11870.572265625
11511.205078125
11206.7353515625
10933.068359375
10709.4091796875
10489.2919921875
10275.5859375
10090.1943359375
9894.1796875
9715.9541015625
9549.7783203125
9407.9609375
9275.873046875
9144.8203125
9013.3828125
8879.111328125
8754.85546875
8632.724609375
8517.53125
8418.779296875
8315.19921875
8219.5986328125
8128.0771484375
8047.71142578125
7966.28369140625
7886.59375
7811.85205078125
7736.7021484375
7665.54248046875
7594.98828125
7527.97119140625
7469.7626953125
7408.14306640625
7350.82861328125
7293.9892578125
7241.0625
7188.52294921875
7137.984375
7090.87890625
7044.099609375
7000.36962890625
6956.97021484375
6915.08154296875
6878.5732421875
6839.53076171875
6803.201171875
6767.07470703125
6733.15771484375
6699.51611328125
6666.85595703125
6636.5234375
6606.09375
6577.673828125
6549.2626953125
6521.77490234375
6497.70556640625
6471.943359375
6447.8447265625
6423.685546875
6401.09130859375
6378.42138671875
6356.45361328125
6335.8515625
6315.13037109375
6295.625
6276.11474609375
6257.3046875
6241.0263671875
6223.4541015625
6206.79638671875
6190.0810546875
6174.2783203125
6158.33251953125
6142.8251953125
6128.12060546875
6113.32470703125
6099.3994140625
6085.35595703125
