20000.0
20000.0
20000.0
20000.0
20000.0
20000.0
20000.0
20000.0
20000.0
20000.0
20000.0
20000.0
20000.0
20000.0
20000.0
20000.0
20000.0
20000.0
20000.0
20000.0
20000.0
20000.0
20000.0
20000.0
20000.0
20000.0
20000.0
20000.0
20000.0
20000.0
20000.0
20000.0
20000.0
20000.0
19464.794921875
18576.69140625
17693.35546875
17015.189453125
16400.265625
15860.12890625
15421.1513671875
15033.6083984375
14530.064453125
13921.1533203125
13458.443359375
13061.1943359375
12731.1875
12381.419921875
12024.40234375
11705.197265625
11398.521484375
11110.4130859375
10827.408203125
10574.38671875
10370.3037109375
10173.94140625
9999.568359375
9827.0869140625
9663.2080078125
9498.5078125
9339.21484375
9190.6630859375
9045.625
8919.447265625
8802.3896484375
8700.7373046875
8613.072265625
8506.10546875
8400.4521484375
8293.966796875
8194.0361328125
8095.71875
8003.17041015625
7918.02685546875
7834.53759765625
7757.63427734375
7681.74267578125
7609.08154296875
7545.9345703125
7478.60791015625
7416.9775390625
7359.6240234375
7304.79296875
7248.890625
7194.224609375
7142.82373046875
7091.236328125
7042.9697265625
6994.2373046875
6946.68212890625
6905.341796875
6861.1767578125
6819.94873046875
6778.84716796875
6740.40478515625
6702.0341796875
6664.9521484375
6630.2021484375
6595.50634765625
6563.03857421875
6530.47900390625
6498.990234375
6471.40771484375
6441.84912109375
6414.15966796875
6386.48974609375
6360.5263671875
6334.443359375
6309.20068359375
6285.5478515625
6261.72705078125
6239.4423828125
6217.107421875
6195.42822265625
6176.40771484375
6155.97216796875
6136.806640625
6117.61083984375
6099.44970703125
6081.28076171875
6063.6337890625
6046.984375
6030.29833984375
6014.474609375
5998.6630859375
