20000.0
20000.0
20000.0
19999.982421875
20000.0
20000.0
20000.0
20000.0
20000.0
20000.0
20000.0
20000.0
20000.0
20000.0
20000.0
20000.0
20000.0
20000.0
20000.0
20000.0
20000.0
19992.48828125
20000.001953125
20000.0
19999.814453125
20000.0
20000.0
20000.0
20000.0
20000.0
20000.005859375
20000.0
20000.0
20000.0
20000.0
19458.564453125
18526.318359375
17780.9609375
17142.8984375
16547.55859375
16075.755859375
15714.9443359375
15144.45703125
14538.6640625
14050.5244140625
13619.8134765625
13209.0625
12825.0234375
12450.2021484375
12091.984375
11777.744140625
11456.1962890625
11147.494140625
10892.06640625
10641.0126953125
10422.2958984375
10225.69140625
10046.6982421875
9865.185546875
9685.626953125
9516.599609375
9349.2568359375
9196.439453125
9052.9833984375
8925.267578125
8819.41015625
8712.615234375
8604.634765625
8489.6201171875
8380.8037109375
8273.2119140625
8170.66162109375
8076.17626953125
7983.2041015625
7897.56640625
7814.044921875
7739.94091796875
7674.1142578125
7602.3994140625
7534.70458984375
7466.8544921875
7403.22802734375
7339.17236328125
7276.62841796875
7218.0458984375
7160.1640625
7106.56640625
7053.2236328125
7001.98388671875
6957.2412109375
6909.44384765625
6864.80126953125
6820.2412109375
6778.53271484375
6736.91796875
6696.701171875
6659.064453125
6621.60009765625
6586.48486328125
6551.30859375
6517.3603515625
6487.5380859375
6455.650390625
6425.83203125
6395.8759765625
6367.8525390625
6339.75927734375
6312.5791015625
6287.09912109375
6261.63232421875
6237.6748046875
6213.70458984375
6190.31005859375
6169.83837890625
6147.81689453125
6127.00146484375
6106.18359375
6086.58642578125
6066.94775390625
6047.88720703125
6029.9501953125
6012.029296875
5995.1025390625
5978.19970703125
