20000.0
20000.0
20000.0
20000.0
20000.0
20000.0
20000.0
20000.0
20000.0
20000.0
20000.0
20000.0
20000.0
20000.0
20000.0
20000.0
20000.0
20000.0
20000.0
20000.0
19998.0625
20000.0
20000.0
20000.0
20000.0
20000.0
20000.0
20000.0
20000.0
20000.0
20000.0
20000.0
20000.0
20000.0
20000.0
19586.09375
18638.580078125
17883.306640625
17237.79296875
16634.8046875
16165.892578125
15795.6328125
15201.66796875
14591.48828125
14109.2080078125
13674.5224609375
13248.49609375
12861.521484375
12485.19921875
12121.62109375
11800.796875
11473.7724609375
11164.162109375
10909.8486328125
10661.177734375
10442.1513671875
10247.7099609375
10067.693359375
9883.4248046875
9701.359375
9530.7275390625
9362.95703125
9210.6416015625
9068.873046875
8943.232421875
8838.8837890625
8728.2314453125
8617.1376953125
8500.7734375
8391.8349609375
8284.087890625
8181.58544921875
8087.12255859375
7994.400390625
7908.63427734375
7828.8583984375
7753.65869140625
7686.8671875
7614.38818359375
7546.080078125
7477.955078125
7413.95849609375
7349.02734375
7286.0576171875
7227.853515625
7170.09326171875
7116.552734375
7063.36279296875
7011.97509765625
6967.21337890625
6919.455078125
6874.783203125
6830.19970703125
6788.4658203125
6746.779296875
6706.720703125
6669.06494140625
6631.56591796875
6596.43603515625
6561.29150390625
6527.2919921875
6497.599609375
6465.78466796875
6435.85791015625
6406.037109375
6377.947265625
6349.93701171875
6322.79541015625
6297.42041015625
6271.97021484375
6247.9677734375
6223.92822265625
6200.630859375
6180.13427734375
6158.0517578125
6137.322265625
6116.48193359375
6096.9208984375
6077.31982421875
6058.31494140625
6040.4267578125
6022.62646484375
6006.06884765625
5989.34375
