20000.0
20000.0
20000.0
20000.0
20000.0
20000.0
20000.0
20000.0
20000.0
20000.0
20000.0
20000.0
20000.0
20000.0
20000.0
20000.0
20000.0
20000.0
20000.0
20000.0
20000.0
19998.888671875
20000.0
19999.390625
20000.0
20000.0
20000.0
19999.96484375
19999.9296875
19999.9765625
20000.009765625
20000.0
20000.0
20000.0
20000.0
20000.0
19065.35546875
18207.703125
17529.310546875
16909.947265625
16344.55859375
15961.984375
15568.306640625
14992.7705078125
14375.3671875
13918.6689453125
13507.8486328125
13122.3310546875
12772.16796875
12406.08203125
12077.587890625
11762.1484375
11451.248046875
11186.884765625
10924.79296875
10698.818359375
10497.068359375
10318.302734375
10140.833984375
9967.3681640625
9803.609375
9640.287109375
9488.1484375
9339.7958984375
9206.349609375
9098.1640625
8991.189453125
8893.4833984375
8783.2255859375
8674.83984375
8563.8564453125
8457.3603515625
8359.533203125
8263.51171875
8175.17822265625
8088.373046875
8005.64453125
7933.95263671875
7857.78759765625
7787.04345703125
7716.654296875
7655.52001953125
7594.7177734375
7534.57958984375
7477.40478515625
7419.78759765625
7365.61279296875
7311.20947265625
7257.9150390625
7211.1259765625
7161.45703125
7114.81298828125
7068.47900390625
7025.01806640625
6981.6455078125
6939.7548828125
6900.5771484375
6861.4658203125
6824.8125
6788.0732421875
6752.5068359375
6721.318359375
6687.91650390625
6656.63671875
6625.28466796875
6595.87109375
6566.404296875
6537.85205078125
6511.08203125
6484.28759765625
6459.17041015625
6433.947265625
6409.3837890625
6387.83935546875
6364.66748046875
6342.8369140625
6320.93310546875
6300.39990234375
6279.8779296875
6259.89697265625
6241.08154296875
6222.1572265625
6204.337890625
6186.4423828125
