20000.0
20000.0
20000.0
19999.99609375
20000.0
20000.0
20000.0
20000.0
20000.0
20000.0
20000.0
20000.0
20000.0
20000.0
20000.0
20000.0
20000.0
20000.0
20000.0
20000.0
20000.0
19999.6328125
20000.0
19999.666015625
20000.0
20000.0
20000.0
19999.96484375
20000.0
20000.0
20000.0
20000.0
20000.0
20000.0
19999.994140625
20000.0
19405.90625
18457.88671875
17753.404296875
17116.60546875
16536.751953125
16093.65625
15702.1181640625
15236.4521484375
14579.3935546875
14061.193359375
13646.5703125
13284.3173828125
12916.15234375
12545.740234375
12211.021484375
11889.0791015625
11584.3603515625
11320.1298828125
11054.8408203125
10826.0693359375
10623.1787109375
10443.2275390625
10266.998046875
10094.1240234375
9930.8505859375
9767.826171875
9615.3759765625
9465.20703125
9330.08984375
9219.291015625
9112.6591796875
9015.158203125
8906.935546875
8797.548828125
8686.0634765625
8577.47265625
8477.3291015625
8379.6572265625
8289.802734375
8201.669921875
8117.84033203125
8045.2568359375
7968.236328125
7896.552734375
7825.3427734375
7758.74853515625
7692.681640625
7628.88037109375
7569.3330078125
7513.91357421875
7462.2705078125
7409.3408203125
7357.29541015625
7311.29150390625
7261.7080078125
7215.33154296875
7168.13671875
7123.57763671875
7079.1044921875
7036.06201171875
6995.630859375
6955.3857421875
6917.61083984375
6879.84619140625
6843.3134765625
6811.2314453125
6776.94482421875
6744.732421875
6712.6630859375
6682.4501953125
6652.25244140625
6623.02880859375
6595.533203125
6568.0283203125
6542.0849609375
6516.1826171875
6491.01416015625
6468.89892578125
6445.08056640625
6422.673828125
6400.26171875
6379.0869140625
6357.94580078125
6337.4208984375
6318.0732421875
6298.654296875
6280.34716796875
6261.9423828125
