20000.0
20000.0
20000.0
20000.0
20000.0
20000.0
20000.0
20000.0
20000.0
20000.0
20000.0
20000.0
20000.0
20000.0
20000.0
20000.0
20000.0
20000.0
20000.0
20000.0
20000.0
20000.0
19998.474609375
20000.0
19999.17578125
20000.0
20000.0
20000.0
20000.0
20000.0
20000.0
20000.0078125
20000.001953125
20000.0
20000.0
19999.99609375
19749.083984375
18768.740234375
17961.275390625
17301.49609375
16694.4453125
16139.5419921875
15769.2666015625
15384.6689453125
14785.8798828125
14176.666015625
13738.591796875
13336.7001953125
12956.8515625
12609.966796875
12251.361328125
11925.771484375
11609.626953125
11301.1533203125
11044.5068359375
10793.439453125
10575.7783203125
10380.173828125
10204.0361328125
10028.8857421875
9855.154296875
9689.9140625
9523.0283203125
9366.537109375
9216.474609375
9083.2900390625
8975.9345703125
8869.8779296875
8769.28515625
8655.6064453125
8544.2255859375
8432.49609375
8324.259765625
8225.8359375
8129.5654296875
8041.0888671875
7954.25927734375
7871.64990234375
7799.99853515625
7723.8876953125
7653.1240234375
7582.71533203125
7517.20556640625
7451.90185546875
7389.0712890625
7334.63037109375
7280.1396484375
7227.73486328125
7174.63427734375
7122.7939453125
7077.54638671875
7029.10888671875
6983.119140625
6936.60791015625
6892.693359375
6848.81201171875
6806.40185546875
6766.69921875
6727.1650390625
6690.11328125
6653.12353515625
6617.34423828125
6586.02197265625
6552.52685546875
6521.10400390625
6489.63037109375
6460.12841796875
6430.568359375
6402.03125
6375.31591796875
6348.537109375
6323.34619140625
6298.2333984375
6273.74853515625
6252.2001953125
6229.10791015625
6207.37109375
6185.56884765625
6165.046875
6144.4814453125
6124.46875
6105.65283203125
6086.8193359375
6069.015625
6051.1005859375
