20000.0
20000.0
20000.0
20000.0
20000.0
20000.0
20000.0
20000.0
20000.0
20000.0
20000.0
20000.0
20000.0
20000.0
20000.0
20000.0
20000.0
20000.0
20000.0
19999.99609375
20000.0
20000.00390625
20000.0
20000.0
20000.0
20000.0
20000.0
20000.0
20000.0
20000.0
20000.0
20000.0
20000.0
19479.421875
18516.3203125
17703.875
16986.255859375
16433.455078125
15966.11328125
15223.72265625
14562.2822265625
14018.2744140625
13585.4873046875
13107.8525390625
12665.353515625
12246.5263671875
11873.9453125
11501.09375
11163.8701171875
10880.1435546875
10619.9296875
10401.828125
10184.640625
9970.783203125
9782.6220703125
9582.984375
9403.478515625
9239.048828125
9099.3447265625
8970.5927734375
8835.3623046875
8701.3671875
8567.4072265625
8444.271484375
8324.123046875
8210.8349609375
8113.79345703125
8011.8486328125
7917.98486328125
7831.900390625
7751.83056640625
7670.7900390625
7592.03076171875
7518.310546875
7444.4013671875
7375.03564453125
7306.341796875
7240.5927734375
7183.58740234375
7123.06494140625
7066.85888671875
7011.23193359375
6959.28857421875
6907.80224609375
6858.294921875
6812.291015625
6766.61083984375
6723.97900390625
6681.64453125
6640.8955078125
6605.375
6567.54443359375
6532.11572265625
6496.8232421875
6464.03564453125
6431.31396484375
6399.8271484375
6370.248046875
6340.8291015625
6313.2705078125
6285.71337890625
6259.0537109375
6235.75537109375
6210.76318359375
6187.40625
6164.1005859375
6142.17431640625
6120.3134765625
6099.2392578125
6079.34228515625
6059.40869140625
6040.71435546875
6021.94873046875
6004.091796875
5988.392578125
5971.400390625
5955.47216796875
5939.412109375
5924.18603515625
5908.90966796875
5894.03173828125
5879.95556640625
5865.85791015625
5852.47314453125
5839.00830078125
