20000.0
20000.0
20000.0
20000.0
20000.0
20000.0
20000.0
20000.0
20000.0
20000.0
20000.0
20000.0
20000.0
20000.0
20000.0
20000.0
20000.0
20000.0
20000.0
20000.0
20000.0
20000.0
19999.77734375
20000.0
20000.0
19999.96875
20000.0
20000.0
20000.0
20000.0
20000.0
20000.0
20000.0
20000.0
19509.8359375
18473.84765625
17684.919921875
17018.47265625
16395.69140625
15926.544921875
15508.70703125
14838.7109375
14266.6708984375
13791.7431640625
13358.353515625
12934.8271484375
12542.947265625
12157.880859375
11804.103515625
11479.03515625
11150.4384765625
10858.412109375
10591.27734375
10351.7373046875
10163.076171875
9967.3505859375
9781.4267578125
9590.814453125
9410.978515625
9233.1455078125
9067.8544921875
8925.673828125
8795.7109375
8684.787109375
8566.5244140625
8445.2041015625
8334.2822265625
8218.1552734375
8110.84814453125
8006.0068359375
7909.79833984375
7815.78076171875
7726.16162109375
7643.2802734375
7568.3193359375
7497.17529296875
7424.93994140625
7354.56591796875
7292.814453125
7226.75341796875
7164.74169921875
7102.47607421875
7044.39453125
6986.8046875
6931.5810546875
6880.14501953125
6829.02001953125
6781.474609375
6734.04541015625
6688.37548828125
6648.5107421875
6605.92236328125
6566.17919921875
6526.6787109375
6489.64208984375
6452.85498046875
6417.22119140625
6384.0341796875
6350.89892578125
6319.82958984375
6288.8935546875
6258.9140625
6232.6826171875
6204.67626953125
6178.40673828125
6152.2470703125
6127.56201171875
6102.95654296875
6079.10302734375
6056.68310546875
6034.208984375
6013.1572265625
5992.01171875
5971.53369140625
5953.583984375
5934.3115234375
5916.1875
5898.13134765625
5881.1171875
5864.06396484375
5847.43798828125
5831.75
5816.0458984375
5801.25732421875
5786.6103515625
