20000.0
20000.0
20000.0
20000.0
20000.0
20000.0
20000.0
20000.0
20000.0
20000.0
20000.0
20000.0
20000.0
20000.0
20000.0
20000.0
20000.0
20000.0
20000.0
19999.998046875
19999.970703125
19999.91015625
19649.662109375
18310.35546875
17223.857421875
16297.353515625
15550.1005859375
14867.2177734375
14305.5986328125
13859.2646484375
13414.66796875
13019.3623046875
12638.134765625
12298.5556640625
11975.7724609375
11675.70703125
11404.2724609375
11142.150390625
10906.1240234375
10707.7470703125
10523.7919921875
10362.2880859375
10189.900390625
10029.2783203125
9869.4638671875
9719.96484375
9567.6328125
9419.02734375
9280.908203125
9144.2294921875
9016.916015625
8889.2021484375
8765.62109375
8657.52734375
8540.822265625
8425.52734375
8306.037109375
8196.4638671875
8089.0830078125
7986.24658203125
7890.22509765625
7794.369140625
7687.53564453125
7568.3212890625
7467.8740234375
7384.42041015625
7296.140625
7226.8408203125
7160.81298828125
7097.380859375
7032.65380859375
6969.2666015625
6909.640625
6851.89404296875
6782.5595703125
6672.07421875
6568.36279296875
6493.880859375
6431.111328125
6382.2626953125
6339.0107421875
6298.41015625
6251.20263671875
6200.376953125
6152.4931640625
6108.0546875
6064.921875
6014.23681640625
5959.642578125
5911.9130859375
5867.1513671875
5827.2333984375
5786.73974609375
5748.27197265625
5709.9140625
5673.6064453125
5640.3125
5606.72802734375
5573.447265625
5537.8251953125
5501.40625
5468.3515625
5432.31591796875
5398.7373046875
5366.06591796875
5336.529296875
5308.3056640625
5281.08740234375
5255.1591796875
5228.25146484375
5201.94482421875
5174.32373046875
5146.35693359375
5120.99609375
5093.2705078125
5066.7529296875
5039.837890625
5015.560546875
4992.6083984375
4970.5634765625
4949.404296875
4927.67431640625
4906.3564453125
4884.2265625
