20000.0
20000.0
20000.0
20000.0
20000.0
20000.0
20000.0
20000.0
20000.0
20000.0
20000.0
20000.0
20000.0
20000.0
20000.0
20000.0
20000.0
20000.0
20000.0
20000.0
19999.044921875
19999.677734375
20000.0
19999.6640625
20000.0
20000.0
20000.0
20000.0
20000.0
20000.0
20000.0
20000.001953125
20000.0
20000.0
20000.0
19940.43359375
18866.994140625
18088.62890625
17388.673828125
16774.990234375
16284.623046875
15860.2392578125
15216.791015625
14543.4599609375
14070.75
13651.96484375
13228.283203125
12816.470703125
12433.97265625
12090.0390625
11745.787109375
11432.4697265625
11145.9931640625
10892.0087890625
10699.7744140625
10497.423828125
10309.208984375
10119.0703125
9942.4423828125
9767.232421875
9602.1435546875
9458.541015625
9326.134765625
9213.4638671875
9097.9033203125
8975.08984375
8862.703125
8740.94140625
8629.5400390625
8520.3720703125
8420.4365234375
8322.4765625
8229.5556640625
8143.70703125
8058.8994140625
7980.17626953125
7902.236328125
7829.46630859375
7769.40478515625
7703.71142578125
7641.16650390625
7578.13818359375
7518.89453125
7459.0625
7401.1611328125
7347.017578125
7293.1474609375
7242.83154296875
7192.73291015625
7144.45947265625
7102.294921875
7057.4326171875
7015.4189453125
6973.4736328125
6934.244140625
6895.07275390625
6857.31396484375
6821.95947265625
6786.67578125
6753.63134765625
6720.63623046875
6688.7265625
6660.8447265625
6631.01123046875
6602.9130859375
6574.85791015625
6548.4873046875
6522.07470703125
6496.5283203125
6472.58642578125
6448.5859375
6426.13818359375
6403.60595703125
6381.75634765625
6362.5263671875
6341.833984375
6322.3720703125
6302.79345703125
6284.357421875
6265.89501953125
6247.919921875
6230.95068359375
6213.916015625
6197.8046875
6181.6259765625
