20000.0
20000.0
20000.0
20000.0
19999.98828125
20000.0
20000.0
20000.0
20000.0
20000.0
20000.0
20000.0
20000.0
20000.0
20000.0
20000.0
20000.0
20000.0
20000.0
20000.0
20000.0
20000.0
19999.82421875
20000.0
20000.0
20000.0
20000.0
20000.0
20000.0
20000.0
20000.0
20000.0
20000.0
19962.158203125
19188.95703125
18429.970703125
17564.388671875
16888.97265625
16312.59765625
15770.9921875
15275.1650390625
14947.9248046875
14592.095703125
14077.703125
13529.9111328125
13103.4091796875
12745.7373046875
12437.0673828125
12122.7119140625
11786.89453125
11483.7470703125
11200.1318359375
10924.115234375
10679.15625
10428.4189453125
10213.6845703125
10013.453125
9841.1953125
9677.3486328125
9519.216796875
9366.154296875
9208.4033203125
9058.0732421875
8905.9140625
8760.2294921875
8640.7919921875
8522.7099609375
8425.478515625
8330.880859375
8238.197265625
8134.3701171875
8030.22802734375
7932.7421875
7836.86328125
7747.19091796875
7660.02734375
7577.5244140625
7506.4091796875
7431.390625
7362.09228515625
7293.40087890625
7229.525390625
7165.9873046875
7104.7646484375
7047.58740234375
6990.6513671875
6937.45166015625
6885.66455078125
6838.60888671875
6796.50390625
6750.279296875
6706.27197265625
6661.94189453125
6620.43505859375
6579.08349609375
6538.966796875
6501.36083984375
6463.2197265625
6426.94189453125
6390.40185546875
6355.041015625
6324.10400390625
6290.9521484375
6259.89697265625
6228.8154296875
6199.7099609375
6170.5634765625
6142.37158203125
6116.00048828125
6089.6591796875
6064.759765625
6039.89892578125
6015.8232421875
5994.68505859375
5972.05224609375
5950.80615234375
5929.46240234375
5909.36962890625
5889.25146484375
5869.673828125
5851.19580078125
5832.67919921875
5815.2353515625
5797.76806640625
