20000.0
20000.0
20000.0
20000.0
19999.998046875
20000.0
20000.0
20000.0
20000.0
20000.0
20000.0
20000.0
20000.0
20000.0
20000.0
20000.0
20000.0
20000.0
20000.0
20000.0
19999.958984375
19999.998046875
20000.0
20000.0
20000.0
20000.0
20000.0
19999.998046875
20000.0
20000.0
20000.0
20000.0
20000.0
20000.0
19682.216796875
18941.28515625
18117.724609375
17340.572265625
16725.4765625
16161.4423828125
15646.4951171875
15258.0634765625
14900.2197265625
14510.0546875
13919.0517578125
13408.71484375
13031.9345703125
12708.30859375
12404.4326171875
12092.712890625
11785.306640625
11483.7119140625
11201.5478515625
10951.2099609375
10689.7265625
10464.005859375
10256.2314453125
10080.427734375
9914.658203125
9756.5556640625
9605.5205078125
9451.0517578125
9305.5625
9159.02734375
9016.48046875
8896.3076171875
8777.8466796875
8675.8466796875
8581.029296875
8492.8642578125
8393.72265625
8290.6376953125
8193.009765625
8096.03662109375
8006.205078125
7917.25244140625
7833.439453125
7761.21044921875
7685.1630859375
7614.78857421875
7545.3447265625
7480.779296875
7416.5703125
7354.7216796875
7296.85595703125
7239.20458984375
7185.298828125
7131.49755859375
7081.0302734375
7039.2275390625
6993.40966796875
6949.4501953125
6904.8408203125
6862.64599609375
6820.18408203125
6779.11474609375
6740.7509765625
6702.23681640625
6665.4609375
6628.4501953125
6592.54833984375
6561.03564453125
6527.2451171875
6495.50439453125
6463.75
6433.96337890625
6404.16259765625
6375.26611328125
6348.13671875
6321.1162109375
6295.58447265625
6270.095703125
6245.35791015625
6223.68798828125
6200.36376953125
6178.35009765625
6156.27490234375
6135.50439453125
6114.66064453125
6094.4033203125
6075.3408203125
6056.251953125
6038.2314453125
6020.11669921875
