20000.0
20000.0
20000.0
20000.0
19999.99609375
20000.0
20000.0
20000.0
20000.0
20000.0
20000.0
20000.0
20000.0
20000.0
20000.0
20000.0
20000.0
20000.0
20000.0
20000.0
20000.0
20000.0
20000.0
19999.873046875
19999.9765625
20000.0
20000.0
20000.0
20000.0
20000.0
20000.0
20000.0
20000.0
19457.818359375
18462.111328125
17679.00390625
17014.455078125
16393.873046875
15962.1220703125
15479.884765625
14760.5693359375
14225.6962890625
13757.998046875
13333.71875
12898.7177734375
12482.1025390625
12089.564453125
11733.9208984375
11399.1025390625
11072.162109375
10785.265625
10524.31640625
10285.5517578125
10099.935546875
9901.2294921875
9708.333984375
9511.9072265625
9328.5478515625
9150.8583984375
8990.2607421875
8853.0029296875
8723.900390625
8609.9384765625
8485.9130859375
8361.1357421875
8252.29296875
8137.45361328125
8031.94775390625
7928.6884765625
7833.8583984375
7743.4716796875
7661.40576171875
7583.55517578125
7504.90576171875
7431.05859375
7357.28759765625
7286.18310546875
7223.19580078125
7156.07275390625
7093.99658203125
7032.49658203125
6975.4541015625
6918.80029296875
6864.443359375
6813.7890625
6763.47021484375
6716.5234375
6669.83349609375
6624.87939453125
6585.74755859375
6543.89306640625
6504.8408203125
6465.85498046875
6429.6298828125
6393.58837890625
6358.62548828125
6326.03125
6293.4580078125
6263.02392578125
6232.6796875
6203.3212890625
6177.59814453125
6150.05517578125
6124.2236328125
6098.4384765625
6074.2529296875
6049.98779296875
6026.59326171875
6004.6376953125
5982.65185546875
5961.9970703125
5941.3173828125
5921.29736328125
5903.96923828125
5885.353515625
5867.8330078125
5850.23486328125
5833.5966796875
5816.8857421875
5800.61328125
5785.287109375
5769.84130859375
5755.28369140625
5740.650390625
