20000.0
20000.0
20000.0
19999.998046875
19999.998046875
20000.0
20000.0
20000.0
20000.0
20000.0
20000.0
20000.0
20000.0
20000.0
20000.0
20000.0
20000.0
20000.0
20000.0
20000.001953125
20000.009765625
19999.158203125
20000.0
20000.0
19999.921875
19999.998046875
20000.0
20000.0
20000.0
20000.0
20000.0
19780.287109375
18729.20703125
17844.32421875
17094.2265625
16432.005859375
15886.3837890625
15452.7353515625
14903.505859375
14241.125
13716.671875
13288.76953125
12871.1083984375
12494.048828125
12101.0244140625
11746.576171875
11402.65234375
11069.564453125
10775.615234375
10509.91015625
10281.0029296875
10078.7138671875
9883.76171875
9710.3583984375
9522.7470703125
9347.6611328125
9175.640625
9022.2568359375
8882.3271484375
8755.3173828125
8649.5146484375
8530.4267578125
8413.3134765625
8293.337890625
8180.01513671875
8082.708984375
7980.77197265625
7887.34765625
7796.0048828125
7711.61279296875
7630.7421875
7557.44482421875
7487.74609375
7417.24658203125
7350.88623046875
7284.603515625
7220.66015625
7164.0888671875
7103.373046875
7047.12060546875
6991.67041015625
6940.16455078125
6889.12744140625
6840.0263671875
6794.353515625
6748.82275390625
6706.33544921875
6664.18994140625
6623.52099609375
6587.94287109375
6549.92578125
6514.53173828125
6479.19873046875
6446.16015625
6413.169921875
6381.392578125
6351.6728515625
6322.09912109375
6294.4228515625
6266.74951171875
6239.9833984375
6216.560546875
6191.4443359375
6167.91845703125
6144.44384765625
6122.33984375
6100.33447265625
6078.95068359375
6058.9501953125
6038.95263671875
6020.11865234375
6001.240234375
5982.97412109375
5966.88623046875
5949.62890625
5933.3583984375
5917.04296875
5901.70703125
5886.43359375
5871.5224609375
5857.470703125
5843.32421875
5830.08642578125
5816.97314453125
