20000.0
20000.0
20000.0
20000.0
20000.0
20000.0
20000.0
20000.0
20000.0
20000.0
20000.0
20000.0
20000.0
20000.0
20000.0
20000.0
20000.0
20000.0
20000.0
20000.0
20000.0
20000.0
19993.802734375
19999.876953125
20000.0
20000.0
20000.0
20000.0
19999.96875
20000.0
20000.0
20000.00390625
20000.0
20000.0
20000.0
19322.07421875
18547.748046875
17676.166015625
16993.74609375
16412.7578125
15867.244140625
15371.5849609375
15041.5546875
14688.1083984375
14151.9453125
13604.2080078125
13181.05859375
12817.66796875
12503.2607421875
12186.150390625
11848.7900390625
11543.33984375
11257.673828125
10979.9248046875
10732.591796875
10478.6923828125
10260.6015625
10057.8193359375
9883.927734375
9717.83984375
9558.3564453125
9404.8701171875
9247.5146484375
9098.3251953125
8948.09375
8804.6298828125
8686.1298828125
8570.7060546875
8472.462890625
8378.4619140625
8284.736328125
8181.49853515625
8078.41162109375
7981.80712890625
7885.6796875
7797.00146484375
7710.3662109375
7628.31640625
7557.4072265625
7482.61669921875
7413.39404296875
7344.78076171875
7280.92041015625
7217.4404296875
7156.31982421875
7099.47705078125
7047.46875
6997.77001953125
6946.86767578125
6896.86474609375
6852.66943359375
6805.14794921875
6760.50634765625
6715.931640625
6674.36328125
6632.560546875
6591.57421875
6553.1201171875
6514.47119140625
6478.30615234375
6442.14892578125
6407.1884765625
6376.61279296875
6343.9130859375
6313.12158203125
6282.42626953125
6253.587890625
6224.7451171875
6196.7529296875
6170.52880859375
6144.24755859375
6119.53564453125
6094.81201171875
6070.89599609375
6049.85595703125
6027.31884765625
6006.10986328125
5984.8857421875
5964.845703125
5944.74560546875
5925.22021484375
5906.79443359375
5888.33837890625
5870.93505859375
5853.4951171875
