20000.0
20000.0
20000.0
19999.998046875
20000.0
20000.0
20000.0
20000.0
20000.0
20000.0
20000.0
20000.0
20000.0
20000.0
20000.0
20000.0
20000.0
20000.0
20000.0
20000.0
19998.115234375
20000.0
20000.0
20000.0
20000.0
20000.0
20000.0
20000.0
20000.013671875
20000.0
20000.0
20000.0
20000.0
19694.17578125
18665.0390625
17835.22265625
17110.66015625
16515.90625
16045.8916015625
15416.916015625
14716.8818359375
14152.42578125
13711.8095703125
13232.3759765625
12802.0791015625
12392.1044921875
12026.5908203125
11650.6474609375
11300.0263671875
11002.8232421875
10734.4677734375
10515.3720703125
10300.5859375
10091.3916015625
9907.5224609375
9711.845703125
9532.80859375
9364.7109375
9221.48046875
9088.7080078125
8962.9091796875
8835.484375
8702.353515625
8579.1552734375
8458.2353515625
8343.94921875
8246.0087890625
8143.45166015625
8049.1025390625
7956.31103515625
7876.912109375
7797.35302734375
7719.41162109375
7645.97265625
7572.595703125
7503.46044921875
7433.875
7367.3837890625
7309.9130859375
7248.98974609375
7192.3046875
7136.11474609375
7083.83154296875
7031.900390625
6981.98828125
6935.400390625
6889.25634765625
6846.115234375
6803.28466796875
6762.04931640625
6725.9658203125
6687.45068359375
6651.54443359375
6615.85693359375
6582.50927734375
6549.27001953125
6517.21728515625
6487.16650390625
6457.29541015625
6429.31494140625
6401.3798828125
6374.31689453125
6350.6162109375
6325.2080078125
6301.38330078125
6277.59716796875
6255.36376953125
6233.10888671875
6211.60546875
6191.37841796875
6171.158203125
6152.1298828125
6132.974609375
6114.4033203125
6098.03515625
6080.568359375
6064.28515625
6048.03662109375
6032.7119140625
6017.2548828125
6002.16162109375
5987.9013671875
5973.52685546875
5959.9150390625
5946.20849609375
