20000.0
20000.0
20000.0
20000.0
20000.0
20000.0
20000.0
20000.0
20000.0
20000.0
20000.0
20000.0
20000.0
20000.0
20000.0
20000.0
20000.0
20000.0
20000.0
20000.0
20000.0
20000.0
19998.892578125
20000.0
20000.0
20000.0
20000.0
20000.0
20000.0
20000.0
20000.0
20000.0
20000.0
20000.0
20000.0
20000.0
19931.24609375
18953.529296875
18122.34375
17451.474609375
16835.87890625
16274.1533203125
15899.1201171875
15510.513671875
14907.2431640625
14293.443359375
13853.794921875
13440.3037109375
13052.8388671875
12704.5771484375
12341.9033203125
12012.3017578125
11693.3193359375
11381.8623046875
11121.3310546875
10865.0771484375
10643.5693359375
10445.9990234375
10267.744140625
10091.10546875
9916.8671875
9752.3330078125
9587.0302734375
9432.7138671875
9284.1103515625
9151.69140625
9042.814453125
8937.578125
8837.357421875
8724.6650390625
8614.5146484375
8502.8544921875
8395.9248046875
8298.0419921875
8202.125
8113.8330078125
8027.13232421875
7944.47607421875
7872.8017578125
7796.6513671875
7725.86669921875
7655.50927734375
7589.921875
7530.25927734375
7471.2705078125
7414.85546875
7357.6298828125
7303.736328125
7249.630859375
7197.349609375
7151.056640625
7101.22265625
7054.5859375
7008.0400390625
6964.376953125
6920.8798828125
6878.78564453125
6839.47607421875
6800.24560546875
6763.47021484375
6726.78515625
6691.154296875
6660.0107421875
6626.6162109375
6595.32861328125
6563.92041015625
6534.5556640625
6505.11669921875
6476.62548828125
6449.99267578125
6423.21142578125
6398.17822265625
6372.96435546875
6348.53857421875
6326.97607421875
6303.87744140625
6282.1708984375
6260.3798828125
6239.90185546875
6219.337890625
6199.412109375
6180.59326171875
6161.775390625
6143.9921875
6126.13671875
