20000.0
20000.0
20000.0
19999.99609375
20000.0
20000.0
20000.0
20000.0
20000.0
20000.0
20000.0
20000.0
20000.0
20000.0
20000.0
20000.0
20000.0
20000.0
20000.0
20000.0
20000.0
20000.0
20000.0
20000.001953125
20000.0
20000.0
19999.955078125
20000.0
20000.0
20000.0
20000.0
20000.0
20000.0
20000.0
20000.0
19917.654296875
19127.89453125
18188.517578125
17458.728515625
16844.326171875
16271.833984375
15754.3515625
15411.01171875
15043.2431640625
14459.6728515625
13890.34765625
13467.4697265625
13079.248046875
12735.6455078125
12406.25
12059.55859375
11746.771484375
11449.8935546875
11155.015625
10900.0556640625
10643.3916015625
10422.8076171875
10217.578125
10046.07421875
9875.7265625
9709.4921875
9550.5908203125
9389.810546875
9238.5029296875
9087.91015625
8948.9482421875
8836.2744140625
8724.234375
8628.4609375
8530.15234375
8427.73046875
8320.4794921875
8216.306640625
8118.111328125
8022.80615234375
7934.80078125
7848.74169921875
7766.81982421875
7696.0126953125
7621.14501953125
7551.49267578125
7482.38916015625
7418.0029296875
7356.84033203125
7299.73388671875
7245.10205078125
7189.51953125
7136.8662109375
7083.9072265625
7032.62158203125
6987.5849609375
6939.18408203125
6893.53955078125
6847.8828125
6805.0947265625
6762.4169921875
6721.0693359375
6682.3916015625
6643.74951171875
6607.6123046875
6571.5517578125
6536.6435546875
6505.98193359375
6473.13671875
6442.3056640625
6411.46533203125
6382.587890625
6353.62841796875
6325.4990234375
6299.1796875
6272.8310546875
6248.08056640625
6223.33642578125
6199.30029296875
6178.22119140625
6155.53759765625
6134.16650390625
6112.76513671875
6092.56005859375
6072.3203125
6052.65869140625
6034.17529296875
6015.6376953125
5998.1552734375
5980.66259765625
