20000.0
20000.0
20000.0
20000.0
20000.0
20000.0
20000.0
20000.0
20000.0
20000.0
20000.0
20000.0
20000.0
20000.0
20000.0
20000.0
20000.0
20000.0
20000.0
20000.0
20000.0
20000.0
20000.0
20000.0
20000.0
20000.0
20000.0
20000.0
20000.0
20000.0
20000.0
20000.0
20000.0
20000.0
20000.0
20000.0
20000.0
20000.0
20000.0
20000.0
20000.0
20000.0
20000.0
20000.0
19999.982421875
19999.99609375
20000.0
19999.896484375
20000.0
20000.0
20000.0
20000.00390625
20000.0
20000.0
20000.0
20000.0
20000.0
20000.0
20000.0
20000.0
20000.0
20000.0
20000.0
20000.015625
19553.599609375
18757.634765625
18065.0546875
17365.609375
16769.7890625
16169.958984375
15636.3232421875
15128.1796875
14673.73828125
14283.71875
13922.0595703125
13593.3125
13268.5556640625
12967.119140625
12659.74609375
12306.9599609375
12048.5732421875
11798.2138671875
11571.72265625
11228.5576171875
10942.66796875
10698.8046875
10480.0791015625
10275.16796875
10068.98046875
9869.197265625
9660.490234375
9453.3994140625
9258.705078125
9064.41015625
8889.3984375
8715.921875
8559.064453125
8410.580078125
8274.9599609375
8154.49951171875
8034.833984375
7920.32958984375
7801.02978515625
7678.4853515625
7568.380859375
7447.375
7331.72900390625
7214.16015625
7108.10986328125
7008.4814453125
6909.01123046875
6811.81884765625
6711.5517578125
6616.38330078125
6520.7646484375
6430.69384765625
6354.56787109375
6274.564453125
6200.0625
6125.8740234375
6057.16845703125
5989.37353515625
5927.01318359375
5871.43310546875
5815.66015625
5762.5615234375
5708.62939453125
