20000.0
20000.0
20000.0
19999.998046875
20000.0
20000.0
20000.0
20000.0
20000.0
20000.0
20000.0
20000.0
20000.0
20000.0
20000.0
20000.0
20000.0
20000.0
19999.994140625
19999.01171875
20000.0
20000.0
20000.0
20000.0
20000.0
20000.0
20000.0
20000.0
20000.0
20000.0
20000.0
20000.0
20000.0
18973.130859375
18117.142578125
17369.548828125
16734.328125
16253.9189453125
15644.333984375
14906.9033203125
14320.8291015625
13869.7890625
13371.1689453125
12927.43359375
12510.287109375
12135.2841796875
11750.91015625
11397.857421875
11102.9609375
10840.529296875
10619.9658203125
10402.818359375
10190.203125
10004.0966796875
9805.3251953125
9624.8154296875
9459.08984375
9316.8984375
9188.7216796875
9055.3193359375
8921.703125
8784.4189453125
8658.724609375
8535.90625
8420.30078125
8321.3525390625
8217.62890625
8122.1103515625
8028.13720703125
7941.3388671875
7858.55517578125
7782.39306640625
7709.95068359375
7636.61865234375
7567.7998046875
7498.8857421875
7431.9609375
7373.486328125
7311.42822265625
7253.63232421875
7196.25
7142.82470703125
7089.82763671875
7038.9521484375
6991.5849609375
6944.4970703125
6900.7158203125
6857.12353515625
6815.03955078125
6778.36181640625
6739.19482421875
6702.74267578125
6666.50341796875
6632.5966796875
6598.81298828125
6566.2841796875
6535.78076171875
6505.45068359375
6477.04248046875
6448.5859375
6421.09033203125
6396.97119140625
6371.15234375
6347.00390625
6322.88525390625
6300.31982421875
6277.7509765625
6255.91162109375
6235.3828125
6214.78564453125
6195.400390625
6175.92919921875
6156.97412109375
6140.4228515625
6122.49658203125
6105.638671875
6088.6494140625
6072.6875
6056.61669921875
6040.912109375
6026.072265625
6011.466796875
5997.5986328125
5983.48486328125
