20000.0
20000.0
20000.0
20000.0
20000.0
20000.0
20000.0
20000.0
20000.0
20000.0
20000.0
20000.0
20000.0
20000.0
20000.0
20000.0
20000.0
20000.0
20000.0
20000.0
20000.0
20000.0
20000.0
20000.0
20000.0
20000.0
20000.0
20000.0
20000.0
20000.0
19999.96484375
20000.0
20000.0
20000.0
20000.0
20000.0
19435.544921875
18458.791015625
17702.4296875
17069.001953125
16481.408203125
15949.92578125
15599.1611328125
15223.5595703125
14619.54296875
14037.150390625
13610.978515625
13216.2138671875
12850.33984375
12515.6455078125
12164.5322265625
11845.6103515625
11540.1103515625
11237.865234375
10979.9892578125
10723.6376953125
10502.4189453125
10299.859375
10125.9296875
9952.4716796875
9782.9443359375
9621.1171875
9458.6845703125
9306.6416015625
9156.7998046875
9020.572265625
8910.8115234375
8801.3857421875
8705.8818359375
8601.2109375
8495.6708984375
8387.4931640625
8281.0869140625
8183.953125
8088.60400390625
8000.90625
7914.89990234375
7832.884765625
7761.85693359375
7686.712890625
7616.75
7547.3203125
7485.662109375
7426.0595703125
7367.1669921875
7311.0283203125
7254.35986328125
7200.970703125
7147.5634765625
7095.740234375
7049.81640625
7000.6640625
6954.69140625
6908.970703125
6866.04931640625
6823.25732421875
6781.8583984375
6743.07861328125
6704.5380859375
6668.3857421875
6632.1826171875
6597.16650390625
6566.42578125
6533.470703125
6502.6103515625
6471.7275390625
6442.77099609375
6413.66748046875
6385.62939453125
6359.1279296875
6332.81005859375
6308.03173828125
6283.22265625
6259.11669921875
6237.96923828125
6215.1787109375
6193.724609375
6172.2138671875
6152.01708984375
6131.72998046875
6112.001953125
6093.48291015625
6074.87939453125
6057.37548828125
6039.81982421875
