20000.0
20000.0
20000.0
20000.0
20000.0
20000.0
20000.0
20000.0
20000.0
20000.0
20000.0
20000.0
20000.0
20000.0
20000.0
20000.0
20000.0
20000.0
20000.0
20000.0
20000.0
20000.0
20000.0
20000.0
19999.998046875
20000.0
20000.0
20000.0
20000.021484375
20000.005859375
20000.0
20000.0
20000.0
20000.0
19822.375
18842.072265625
18026.955078125
17317.517578125
16766.978515625
16238.080078125
15405.396484375
14764.9111328125
14277.0078125
13757.63671875
13271.013671875
12833.3466796875
12433.630859375
12030.48046875
11669.0908203125
11367.7421875
11108.1875
10879.9072265625
10655.1064453125
10435.07421875
10243.4365234375
10040.9482421875
9861.810546875
9701.056640625
9563.1435546875
9426.9267578125
9280.7265625
9137.9140625
8996.599609375
8867.7568359375
8742.5009765625
8624.6279296875
8523.7421875
8417.630859375
8319.8232421875
8223.37890625
8134.29541015625
8046.25390625
7962.77978515625
7890.87158203125
7817.5263671875
7747.8916015625
7678.478515625
7610.37255859375
7550.3935546875
7486.4345703125
7426.51611328125
7367.29248046875
7312.10009765625
7257.37451171875
7204.83935546875
7155.94677734375
7107.54638671875
7062.26806640625
7017.2373046875
6973.91845703125
6936.14794921875
6896.0087890625
6858.400390625
6821.09716796875
6786.177734375
6751.44580078125
6717.89013671875
6686.51953125
6655.13671875
6625.7294921875
6596.38232421875
6568.04296875
6543.1875
6516.67822265625
6491.78515625
6466.91845703125
6443.6171875
6420.224609375
6397.43212890625
6375.99658203125
6354.54541015625
6334.23779296875
6313.86669921875
6294.02099609375
6276.4990234375
6257.5986328125
6239.73291015625
6221.68505859375
6204.61962890625
6187.275390625
6170.427734375
6154.42724609375
6138.271484375
6122.90673828125
6107.740234375
