20000.0
20000.0
20000.0
20000.0
20000.0
20000.0
20000.0
20000.0
20000.0
20000.0
20000.0
20000.0
20000.0
20000.0
20000.0
20000.0
20000.0
20000.0
20000.0
20000.0
20000.0
19999.32421875
20000.0
19999.1796875
20000.0
19999.96484375
20000.0
19999.978515625
20000.0
20000.0
20000.00390625
20000.0
20000.0
19999.998046875
19999.998046875
19822.810546875
18828.583984375
18056.02734375
17350.265625
16767.4921875
16309.435546875
15663.853515625
15019.6337890625
14450.2548828125
13976.07421875
13489.052734375
13048.7568359375
12634.7275390625
12255.9375
11891.365234375
11539.0146484375
11240.4453125
10971.490234375
10741.3671875
10546.9326171875
10339.0693359375
10139.3876953125
9937.970703125
9751.44140625
9573.619140625
9417.783203125
9283.5849609375
9160.001953125
9030.48046875
8893.501953125
8759.67578125
8644.6611328125
8524.517578125
8414.6318359375
8307.40234375
8208.7353515625
8111.65771484375
8018.99658203125
7933.24267578125
7848.517578125
7775.083984375
7702.25537109375
7630.55029296875
7567.12353515625
7499.24951171875
7435.525390625
7371.26318359375
7310.8564453125
7250.86376953125
7193.1484375
7139.36279296875
7085.90087890625
7035.96630859375
6986.46728515625
6938.82421875
6897.361328125
6852.96728515625
6811.67333984375
6770.42138671875
6731.98876953125
6693.69921875
6656.6484375
6622.08056640625
6587.56884765625
6555.35986328125
6523.228515625
6492.16455078125
6464.97021484375
6435.818359375
6408.47607421875
6381.07373046875
6355.41796875
6329.71533203125
6304.8466796875
6281.544921875
6258.30419921875
6236.31884765625
6214.4404296875
6193.16552734375
6174.4755859375
6154.353515625
6135.4375
6116.4765625
6098.54638671875
6080.5400390625
6062.95654296875
6046.5068359375
6029.86572265625
6014.103515625
5998.2451171875
