20000.0
20000.0
20000.0
19999.998046875
20000.0
20000.0
20000.0
20000.0
20000.0
20000.0
20000.0
20000.0
20000.0
20000.0
20000.0
20000.0
20000.0
20000.0
20000.0
20000.0
19994.869140625
20000.0
20000.0
19999.83984375
20000.0
20000.0
20000.0
20000.0
20000.0
20000.0
20000.0
20000.0
20000.0
19178.6171875
18251.626953125
17464.052734375
16768.408203125
16219.9072265625
15765.6455078125
15093.986328125
14429.1982421875
13896.0009765625
13474.98828125
13013.955078125
12590.259765625
12190.158203125
11835.3076171875
11467.6669921875
11125.43359375
10834.97265625
10572.349609375
10353.7412109375
10142.2470703125
9935.814453125
9752.85546875
9557.099609375
9377.166015625
9207.8916015625
9063.4775390625
8930.095703125
8807.2685546875
8682.166015625
8550.7001953125
8428.1826171875
8308.263671875
8194.849609375
8097.67724609375
7996.115234375
7902.65380859375
7810.767578125
7732.0126953125
7653.41796875
7576.40869140625
7503.76025390625
7431.31494140625
7363.51318359375
7294.96044921875
7229.302734375
7172.2998046875
7111.9423828125
7055.91796875
7000.3642578125
6948.654296875
6897.376953125
6848.03515625
6802.0107421875
6756.31787109375
6713.716796875
6671.466796875
6630.78564453125
6595.142578125
6557.14794921875
6521.8046875
6486.54296875
6453.623046875
6420.828125
6389.17626953125
6359.60791015625
6330.12060546875
6302.5986328125
6275.138671875
6248.47021484375
6225.11572265625
6200.13134765625
6176.6494140625
6153.138671875
6131.20947265625
6109.31640625
6088.1083984375
6068.283203125
6048.373046875
6029.7197265625
6010.9912109375
5992.80517578125
5976.78955078125
5959.53564453125
5943.30712890625
5927.4375
5912.498046875
5897.3740234375
5882.6455078125
5868.7080078125
5854.70458984375
5841.43115234375
5828.04443359375
