20000.0
20000.0
20000.0
20000.0
20000.0
20000.0
20000.0
20000.0
20000.0
20000.0
20000.0
20000.0
20000.0
20000.0
20000.0
20000.0
20000.0
20000.0
20000.0
20000.0
20000.0
20000.0
20000.0
20000.0
20000.0
20000.0
20000.0
20000.0
20000.0
20000.0
20000.001953125
20000.0
20000.0
20000.0
19875.75390625
18761.310546875
17941.392578125
17248.45703125
16605.990234375
16102.560546875
15676.5244140625
15035.6259765625
14442.02734375
13938.4541015625
13492.2158203125
13053.20703125
12655.5185546875
12265.00390625
11906.2490234375
11572.9248046875
11240.2587890625
10947.63671875
10682.8076171875
10444.7109375
10259.1337890625
10061.6943359375
9873.3681640625
9680.134765625
9497.5029296875
9317.6044921875
9152.443359375
9012.83203125
8884.806640625
8774.15625
8649.7880859375
8523.654296875
8409.94921875
8291.568359375
8182.8291015625
8076.8759765625
7979.5380859375
7884.544921875
7793.9150390625
7710.1904296875
7627.41943359375
7551.0703125
7481.44287109375
7412.87158203125
7351.81884765625
7285.83056640625
7223.8291015625
7162.1884765625
7104.41845703125
7046.134765625
6989.90576171875
6937.40869140625
6885.19287109375
6836.501953125
6788.11328125
6741.498046875
6700.78271484375
6657.36767578125
6616.89453125
6576.64501953125
6538.9423828125
6501.462890625
6465.24560546875
6431.40869140625
6397.68701171875
6366.08642578125
6334.603515625
6304.12060546875
6277.5009765625
6249.02197265625
6222.35791015625
6195.69580078125
6170.64111328125
6145.63916015625
6121.384765625
6098.55322265625
6075.75537109375
6054.361328125
6032.88623046875
6012.123046875
5993.93408203125
5974.36083984375
5955.970703125
5937.65771484375
5920.34716796875
5902.939453125
5886.06982421875
5870.1787109375
5854.2021484375
5839.04931640625
5823.8779296875
