20000.0
20000.0
20000.0
19999.998046875
20000.0
20000.0
20000.0
20000.0
20000.0
20000.0
20000.0
20000.0
20000.0
20000.0
20000.0
20000.0
20000.0
20000.0
19999.9609375
19999.181640625
20000.0
20000.0
20000.0
20000.0
20000.0
19999.97265625
20000.0
20000.017578125
20000.0
19999.998046875
20000.0
20000.0
20000.0
18889.392578125
18036.158203125
17299.8203125
16657.71875
16158.580078125
15724.8349609375
14941.6357421875
14303.7880859375
13858.279296875
13424.919921875
12999.69140625
12575.142578125
12197.2353515625
11829.6669921875
11479.0078125
11176.5322265625
10903.0390625
10679.4609375
10466.1806640625
10262.4375
10082.751953125
9891.5576171875
9714.119140625
9541.884765625
9393.5185546875
9256.3154296875
9137.4091796875
9017.525390625
8888.3076171875
8763.26953125
8639.6513671875
8523.11328125
8423.2705078125
8318.845703125
8223.21875
8129.35693359375
8042.7333984375
7957.1708984375
7875.40380859375
7802.67431640625
7732.73876953125
7666.03955078125
7598.58349609375
7533.10009765625
7475.69970703125
7413.41943359375
7355.42724609375
7297.74169921875
7244.25732421875
7190.943359375
7139.73876953125
7092.078125
7044.5576171875
7000.4697265625
6956.4345703125
6913.96435546875
6876.85791015625
6837.30859375
6800.39453125
6763.59521484375
6729.1826171875
6694.8740234375
6661.82275390625
6630.80078125
6600.02294921875
6571.14013671875
6542.22509765625
6514.31298828125
6489.75927734375
6463.60498046875
6438.99072265625
6414.53759765625
6391.697265625
6368.72998046875
6346.4287109375
6325.51171875
6304.49560546875
6284.7861328125
6264.970703125
6245.8056640625
6228.9345703125
6210.77783203125
6193.65966796875
6176.4326171875
6160.26708984375
6144.04443359375
6128.099609375
6113.052734375
6097.9189453125
6083.50439453125
6069.0712890625
