20000.0
20000.0
20000.0
19999.990234375
20000.0
20000.0
20000.0
20000.0
20000.0
20000.0
20000.0
20000.0
20000.0
20000.0
20000.0
20000.0
20000.0
20000.0
20000.0
20000.0
20000.0
20000.0
20000.0
20000.0
20000.0
19999.96875
20000.0
20000.0
20000.0
20000.0
20000.0
20000.0
20000.0
19903.125
19140.634765625
18434.400390625
17597.27734375
16906.791015625
16333.30859375
15798.380859375
15306.818359375
14963.8720703125
14615.7021484375
14201.28125
13651.8740234375
13180.4140625
12818.96484375
12509.181640625
12218.1484375
11916.2265625
11617.03125
11324.1435546875
11053.41015625
10816.3173828125
10557.5966796875
10326.439453125
10113.384765625
9926.32421875
9760.3662109375
9604.1826171875
9457.193359375
9307.80859375
9166.1748046875
9024.5244140625
8887.4140625
8767.6708984375
8644.6611328125
8538.1552734375
8437.603515625
8352.3291015625
8266.3515625
8172.78173828125
8080.455078125
7986.98095703125
7899.35009765625
7811.86865234375
7729.37060546875
7657.990234375
7582.89208984375
7513.447265625
7444.86181640625
7381.26416015625
7318.1259765625
7257.94775390625
7205.85986328125
7152.93310546875
7102.126953125
7050.70068359375
7000.43310546875
6956.2734375
6908.775390625
6864.23388671875
6819.71630859375
6777.47216796875
6734.85791015625
6693.53369140625
6655.01513671875
6616.6904296875
6581.0
6545.19091796875
6510.62890625
6480.375
6447.86279296875
6417.3818359375
6386.76708984375
6358.0283203125
6329.19482421875
6301.2529296875
6274.96044921875
6248.5703125
6223.84765625
6199.0068359375
6174.9228515625
6153.77490234375
6131.04345703125
6109.6572265625
6088.09814453125
6067.82763671875
6047.5224609375
6027.751953125
6009.1171875
5990.44873046875
5972.8349609375
5955.13623046875
