20000.0
20000.0
20000.0
20000.0
20000.0
20000.0
20000.0
20000.0
20000.0
20000.0
20000.0
20000.0
20000.0
20000.0
20000.0
20000.0
20000.0
20000.0
20000.0
20000.0
19992.765625
20000.0
20000.0
20000.0
20000.0
20000.0
20000.0
20000.0
20000.0
20000.005859375
20000.0
20000.0
20000.0
20000.0
19658.640625
18686.61328125
17882.927734375
17185.080078125
16624.59765625
16168.154296875
15331.5888671875
14667.65625
14193.52734375
13708.3408203125
13242.12890625
12800.578125
12400.3056640625
12009.1396484375
11651.318359375
11350.482421875
11086.1669921875
10859.9677734375
10638.828125
10422.14453125
10234.087890625
10032.7255859375
9850.26953125
9685.138671875
9544.2802734375
9413.5107421875
9274.9501953125
9136.1669921875
8995.5986328125
8865.515625
8739.509765625
8621.3603515625
8520.00390625
8413.9892578125
8316.341796875
8220.1103515625
8131.05078125
8043.09326171875
7958.9248046875
7880.85595703125
7803.42529296875
7736.5283203125
7669.68896484375
7604.18115234375
7546.5654296875
7484.14794921875
7424.74755859375
7365.22802734375
7309.61083984375
7254.4833984375
7201.5
7152.13671875
7103.162109375
7057.41552734375
7012.046875
6968.50732421875
6930.33203125
6889.7548828125
6851.83935546875
6814.25341796875
6779.103515625
6744.05810546875
6710.2373046875
6678.56103515625
6646.97265625
6617.37841796875
6587.8583984375
6559.32177734375
6534.2060546875
6507.4833984375
6482.3798828125
6457.28759765625
6433.7578125
6410.13720703125
6387.28125
6365.701171875
6344.0693359375
6323.67578125
6303.12939453125
6283.068359375
6265.3837890625
6246.18408203125
6228.05859375
6209.69482421875
6192.3017578125
6174.65771484375
6157.48388671875
6141.181640625
6124.8193359375
6109.072265625
6092.95263671875
