20000.0
20000.0
20000.0
20000.0
20000.0
20000.0
20000.0
20000.0
20000.0
20000.0
20000.0
20000.0
20000.0
20000.0
20000.0
20000.0
20000.0
20000.0
20000.0
20000.0
20000.0
20000.0
20000.0
20000.0
20000.0
20000.0
20000.0
20000.0
20000.0
19999.998046875
20000.0
20000.0
20000.0
20000.0
20000.0
20000.0
20000.0
20000.0
20000.0
20000.0
20000.0
19987.232421875
19063.72265625
18197.90234375
17448.318359375
16644.615234375
15928.5048828125
15283.109375
14717.162109375
14155.1728515625
13629.5439453125
13186.5302734375
12775.466796875
12389.373046875
12002.169921875
11642.0390625
11334.61328125
11014.822265625
10723.779296875
10444.123046875
10234.0068359375
10025.8115234375
9825.150390625
9637.1767578125
9447.6962890625
9268.421875
9091.7080078125
8922.59765625
8775.119140625
8616.8955078125
8468.884765625
8320.873046875
8182.24951171875
8043.42529296875
7917.97900390625
7802.78125
7683.81689453125
7569.7275390625
7453.92919921875
7335.9423828125
7228.552734375
7116.3994140625
7013.822265625
6912.63037109375
6817.0283203125
6721.00634765625
6627.79150390625
6540.07080078125
6451.8076171875
6368.541015625
6284.7080078125
6204.06005859375
6133.03271484375
6055.5322265625
5981.587890625
5906.45947265625
5835.17236328125
5763.17138671875
5692.8818359375
5626.482421875
5559.59716796875
5497.16650390625
5432.81884765625
5352.20166015625
5281.14599609375
5208.30126953125
5142.98828125
5079.57958984375
5022.06494140625
4966.3896484375
4913.884765625
4864.7578125
4816.6162109375
4772.33056640625
4728.79345703125
4685.40625
4644.14013671875
4590.015625
4539.84326171875
4494.60302734375
4452.36376953125
4406.923828125
4360.86572265625
4310.634765625
4262.6904296875
4220.751953125
4178.515625
