20000.0
20000.0
20000.0
20000.0
20000.0
20000.0
20000.0
20000.0
20000.0
20000.0
20000.0
20000.0
20000.0
20000.0
20000.0
20000.0
20000.0
20000.0
20000.0
20000.0
20000.0
20000.0
19999.955078125
19999.7109375
20000.0
19999.919921875
19359.255859375
18328.787109375
17397.015625
16658.748046875
16080.353515625
15508.68359375
15001.140625
14526.1630859375
14106.947265625
13710.611328125
13344.3857421875
13027.7099609375
12715.0673828125
12422.8603515625
12135.8076171875
11864.6669921875
11632.2470703125
11397.0625
11201.16796875
11005.796875
10824.6328125
10643.478515625
10468.6845703125
10305.0947265625
10141.9833984375
9989.63671875
9822.326171875
9612.1796875
9455.814453125
9300.5625
9159.892578125
9027.8759765625
8928.4716796875
8826.751953125
8726.0732421875
8630.6318359375
8534.5625
8369.8740234375
8191.64453125
8054.6025390625
7960.9912109375
7880.9755859375
7808.0390625
7723.82177734375
7642.27392578125
7564.26953125
7477.46630859375
7384.7841796875
7293.9287109375
7210.6728515625
7127.5380859375
7051.2314453125
6990.12451171875
6929.77685546875
6871.81201171875
6815.5478515625
6759.513671875
6699.96728515625
6642.30908203125
6589.9619140625
6538.8916015625
6490.697265625
6441.060546875
6391.3505859375
6346.46142578125
6297.46728515625
6251.857421875
6206.2177734375
6162.57470703125
6117.576171875
6072.22021484375
6027.779296875
5981.984375
5938.13818359375
5894.44873046875
5855.96630859375
5823.263671875
5787.63623046875
5753.25390625
5717.7783203125
5683.767578125
5649.08642578125
5615.33642578125
5583.69873046875
5551.77783203125
5521.66259765625
5491.2705078125
5461.71875
5435.6083984375
5407.3916015625
5380.77685546875
5353.95458984375
5328.63427734375
5303.14013671875
5278.322265625
5254.962890625
5231.44384765625
5209.2978515625
5186.98388671875
