20000.0
20000.0
20000.0
20000.0
20000.0
19999.998046875
20000.0
20000.0
20000.0
20000.0
20000.0
20000.0
20000.0
20000.0
20000.0
20000.0
20000.0
20000.0
20000.0
20000.0
20000.0
20000.0
20000.0
20000.0
20000.0
20000.0
20000.0
20000.0
20000.0
20000.0
20000.0
20000.0
20000.0
20000.0
20000.0
20000.0
20000.0
19999.998046875
20000.0
20000.0
20000.0
19999.9296875
20000.0
20000.0
20000.0
20000.0
20000.0
20000.0
20000.0
19155.12890625
18290.1171875
17471.048828125
16745.44140625
16145.6083984375
15520.3427734375
14958.0390625
14414.6484375
13945.3037109375
13505.296875
13100.6181640625
12735.4794921875
12380.0556640625
12059.806640625
11780.94921875
11537.892578125
11304.7548828125
11057.13671875
10833.359375
10614.9501953125
10413.6259765625
10212.3203125
10017.4560546875
9835.0712890625
9653.9296875
9485.55859375
9320.4365234375
9161.439453125
9021.373046875
8871.3583984375
8731.859375
8592.5361328125
8459.5595703125
8325.8671875
8198.451171875
8061.85107421875
7907.00927734375
7770.9658203125
7644.86083984375
7511.16064453125
7397.0537109375
7289.46484375
7194.15576171875
7099.41552734375
7004.7958984375
6907.0029296875
6815.7333984375
6726.10546875
6629.79296875
6538.10205078125
6435.47705078125
6335.01953125
6250.61865234375
6165.5009765625
6089.15380859375
6012.88232421875
5938.73681640625
5863.23388671875
5790.49169921875
5724.03271484375
5659.74072265625
5600.263671875
5541.24169921875
5484.9716796875
5434.53173828125
5377.92578125
5323.13037109375
5267.10888671875
5213.6416015625
5159.6455078125
5106.98876953125
5056.24267578125
5003.93798828125
4953.5830078125
4900.87744140625
