20000.0
20000.0
20000.0
20000.0
20000.0
20000.0
20000.0
20000.0
20000.0
20000.0
20000.0
20000.0
20000.0
20000.0
20000.0
20000.0
20000.0
20000.0
20000.0
20000.0
20000.0
20000.0
20000.0
20000.0
20000.0
20000.0
20000.0
20000.0
20000.0
20000.0
20000.0
20000.001953125
20000.0
20000.0
19999.970703125
20000.0
20000.0
20000.0
20000.0
20000.0
20000.0
20000.0
20000.0
20000.0
19999.998046875
19830.08984375
19005.810546875
18238.4140625
17466.25
16733.630859375
16108.599609375
15521.1513671875
14974.3623046875
14465.3837890625
14015.58984375
13623.0966796875
13202.8369140625
12820.46484375
12453.296875
12118.28125
11792.0517578125
11485.40625
11206.0625
10933.212890625
10680.6943359375
10473.5341796875
10276.4833984375
10106.359375
9925.2275390625
9755.63671875
9586.384765625
9427.798828125
9269.490234375
9116.1982421875
8985.806640625
8852.119140625
8722.4560546875
8589.7578125
8459.3427734375
8334.26953125
8200.4599609375
8078.6708984375
7958.9775390625
7847.783203125
7737.18896484375
7629.380859375
7528.04931640625
7426.60595703125
7331.2626953125
7235.86767578125
7143.18994140625
7060.89599609375
6971.638671875
6886.63134765625
6800.46533203125
6719.22265625
6637.61181640625
6558.31298828125
6483.6748046875
6408.5546875
6336.7158203125
6262.8037109375
6190.19775390625
6126.97119140625
6059.013671875
5995.19287109375
5924.89794921875
5846.16357421875
5768.72509765625
5697.8662109375
5634.58837890625
5574.29296875
5519.66748046875
5466.21484375
5415.52880859375
5371.71044921875
5325.6396484375
5282.21240234375
5234.16796875
5186.63671875
5136.5185546875
5082.2744140625
5024.1826171875
4970.052734375
4918.6357421875
4867.67724609375
