25400.0
25400.0
24657.859375
24667.82421875
23807.8984375
22678.263671875
22488.8828125
22881.4140625
23934.392578125
24401.08203125
24559.4453125
24632.4921875
24683.6171875
24736.931640625
24786.5234375
24833.751953125
24877.0390625
24916.849609375
24958.552734375
24998.076171875
25036.8671875
25069.927734375
25100.912109375
25142.6640625
25168.51953125
25187.1875
25200.544921875
25212.283203125
25221.119140625
25226.908203125
25258.0703125
25372.701171875
25736.48828125
26748.796875
29427.474609375
33720.01171875
38539.76953125
43966.48828125
48736.60546875
53003.4375
56840.98046875
60082.40234375
63625.5859375
66953.203125
71285.25
76215.4296875
82050.4453125
88670.140625
91713.8515625
94591.8125
97691.671875
100338.953125
102487.0
104167.4375
105836.71875
107142.8046875
108375.7890625
109638.421875
110625.9765625
111374.984375
111977.9765625
112507.0859375
112978.2421875
113356.2734375
113675.1171875
113933.421875
114095.7421875
114164.953125
114164.7578125
114219.6953125
114578.1171875
114850.484375
115050.5390625
115080.6484375
115113.4453125
115163.9296875
115291.921875
115514.2578125
115644.5703125
115684.7109375
115660.921875
115602.625
115516.2890625
115408.8515625
115294.125
115165.671875
115029.2421875
114874.234375
114700.109375
114532.1796875
114337.5390625
114162.1796875
113977.3828125
113791.5
113617.25
113478.8671875
113337.21875
113175.0390625
113000.921875
112805.734375
112599.5078125
112415.3046875
112212.6640625
112015.5703125
111808.859375
111606.3125
111403.59375
111200.6953125
111003.453125
110798.5390625
110593.8359375
110385.3359375
110178.984375
109993.90625
109788.8671875
109590.9609375
109397.5625
109553.53125
109600.0234375
109499.390625
109319.03125
109090.046875
108870.21875
108616.8671875
