25400.0
25400.0
25400.0
25400.0
25400.0
25400.0
25400.0
25400.0
25400.0
25400.0
25400.0
25400.0
25400.0
25400.0
25400.0
25400.0
25400.0
25400.0
25400.0
25400.0
25400.0
25400.0
29255.017578125
42844.41015625
54540.078125
71003.109375
84988.0546875
96436.078125
106191.0390625
114608.8359375
121107.828125
125782.8984375
130045.0
133523.984375
136638.15625
138976.859375
140984.59375
142711.578125
144152.828125
145430.328125
146612.28125
147610.671875
148495.796875
149249.734375
153155.390625
154080.28125
151599.0
159166.984375
165650.265625
161490.078125
158696.21875
156107.359375
154081.28125
152532.8125
150828.546875
149215.65625
147511.578125
145936.84375
144374.015625
142935.375
141521.734375
140190.109375
138971.265625
137924.65625
137085.5
136277.71875
135539.234375
134917.5
134271.125
133458.375
132721.28125
132101.65625
131517.125
130994.7890625
130431.21875
129827.8515625
129222.4453125
128531.5
127871.0078125
127299.8671875
126623.4609375
125968.2890625
125310.8515625
124696.09375
124069.109375
123607.265625
123148.375
122638.375
122118.1640625
121557.0078125
120997.9453125
120493.1484375
119955.28125
119439.2890625
118909.1484375
118396.640625
117895.109375
117406.9453125
116909.8203125
116440.3125
116107.5625
115913.0234375
115807.734375
115642.6171875
115403.953125
115134.265625
114822.046875
114482.9140625
114089.765625
113662.984375
113233.8125
112781.6875
112306.796875
111805.9140625
111329.0390625
110919.7578125
110490.53125
110095.484375
109706.7109375
109350.0390625
109002.8671875
108673.328125
108369.703125
108071.078125
107796.140625
107525.3671875
