25400.0
25400.0
24970.611328125
24732.962890625
24584.80078125
23981.9765625
23264.2421875
23023.736328125
22970.748046875
23050.90625
23316.85546875
24158.85546875
24755.908203125
24950.76953125
25007.1640625
25033.533203125
25054.7109375
25075.08984375
25094.64453125
25110.576171875
25138.53515625
25165.42578125
25180.630859375
25189.462890625
25184.88671875
25183.9609375
25182.412109375
25390.29296875
26194.263671875
28697.708984375
34122.41796875
40897.23828125
48490.10546875
56298.91796875
63696.3203125
69705.75
74744.1796875
79194.1328125
83233.6328125
86007.15625
87239.609375
88442.34375
89744.078125
90721.9765625
91408.1953125
93136.109375
95151.5859375
96928.9140625
99087.9609375
101054.375
102703.6796875
104200.96875
105417.7734375
106759.1171875
107767.453125
108467.421875
109128.453125
109670.7734375
110174.6015625
110542.921875
110730.0625
110806.9453125
110864.421875
110885.546875
110866.3203125
110821.296875
110786.7421875
111134.7890625
111555.09375
111874.1328125
112140.890625
112347.7265625
112503.3671875
112621.2265625
112711.9609375
112780.4296875
112820.984375
112843.5234375
112837.734375
112807.3046875
112746.7578125
112682.4765625
112636.203125
112582.6015625
112510.9765625
112420.578125
112314.046875
112193.0078125
112068.875
111934.609375
111792.0625
111657.3984375
111440.921875
111225.6953125
111033.4765625
110878.40625
110740.453125
110615.5625
110502.0859375
110391.953125
110268.890625
110220.3359375
110198.2421875
110153.75
110080.953125
109997.703125
109902.875
109804.84375
109698.5625
109590.5703125
109482.9453125
109369.0546875
109249.578125
109123.9453125
108998.5625
108890.96875
108774.859375
108666.9765625
108572.015625
108484.0234375
108392.5234375
108298.0625
108215.1796875
108089.7265625
107947.640625
107790.8359375
