25400.0
25400.0
24624.7265625
24618.025390625
23858.216796875
22797.369140625
22574.23828125
22772.462890625
23356.71484375
24122.404296875
24428.748046875
24554.345703125
24626.05078125
24689.59765625
24745.29296875
24797.763671875
24845.81640625
24893.99609375
24938.607421875
24980.341796875
25019.982421875
25053.81640625
25100.958984375
25134.029296875
25156.95703125
25174.724609375
25190.548828125
25202.88671875
25213.603515625
25221.640625
25228.57421875
25250.533203125
25346.07421875
25629.46484375
26415.1328125
28644.232421875
32396.25390625
37023.265625
41909.01953125
46734.91796875
50944.296875
54387.80859375
57639.6640625
61368.2734375
65370.16015625
69698.09375
74871.09375
81112.9140625
87548.4375
94468.875
102124.1796875
104886.53125
107353.421875
109332.9765625
111157.546875
112665.4609375
114217.8828125
115405.71875
116283.8046875
116937.3515625
117528.3671875
118002.78125
118347.9765625
118680.0390625
118830.7421875
118842.578125
118752.6015625
118603.59375
118409.75
118155.734375
118093.8671875
118145.65625
118164.6640625
118433.53125
118596.15625
118635.203125
118594.890625
118516.7109375
118400.0625
118260.296875
118094.0703125
117911.171875
117682.1875
117406.65625
117136.2109375
116856.9140625
116636.34375
116411.8671875
116219.78125
116065.734375
115877.8125
115670.0078125
115430.1953125
115179.515625
114909.3125
114642.765625
114384.1015625
114116.1953125
113855.09375
113577.1953125
113290.65625
113042.734375
112779.8203125
112530.03125
112474.703125
112439.1640625
112321.5390625
112105.875
111906.0859375
111675.4375
111416.4765625
111086.5234375
110722.828125
110504.0234375
110310.671875
110083.09375
109865.328125
109572.46875
109396.0078125
109272.5859375
109142.2265625
108987.0
108872.34375
108768.0859375
