25400.0
25400.0
25400.0
24907.50390625
24574.134765625
24415.27734375
24160.783203125
24088.58203125
24072.119140625
24073.59375
24077.955078125
24082.685546875
24087.919921875
24095.6328125
24104.654296875
24115.8828125
24130.150390625
24151.470703125
24182.53515625
24226.59375
24289.775390625
24388.14453125
24556.005859375
24971.30078125
25136.9140625
25186.1796875
25200.8125
25207.49609375
25212.02734375
25215.326171875
25219.015625
25216.896484375
25451.904296875
26135.26953125
28249.443359375
32583.84765625
38393.4921875
44489.4609375
50418.25390625
55628.4609375
59952.6875
63929.48828125
67554.59375
70479.34375
73247.5078125
75630.4765625
77938.4609375
82953.0625
87930.1953125
94465.78125
101280.90625
108586.1796875
116588.3046875
125062.2578125
132818.046875
139271.546875
146368.359375
153327.296875
160757.171875
160315.046875
158722.421875
157002.453125
155256.625
153340.109375
151532.78125
149519.09375
147465.921875
145955.5625
144496.0
142855.8125
141218.015625
139673.328125
138175.375
136819.921875
135797.765625
134807.015625
133760.453125
132475.71875
131212.703125
130023.0234375
128554.7890625
127142.15625
126964.9140625
126546.0546875
125755.9609375
124755.5625
123987.546875
123186.75
122617.6796875
122197.4296875
121864.3671875
121592.1171875
121305.859375
121079.5703125
120898.2109375
120750.4453125
120631.0625
120556.1640625
120525.0703125
120532.4609375
120564.6796875
120662.6640625
120955.1484375
121150.7109375
121291.5234375
121382.8203125
121449.0625
121475.03125
121445.8125
121385.4453125
121299.8046875
121219.7421875
121169.5625
121109.5390625
121025.2734375
120923.3828125
120779.9765625
120527.4765625
120227.5703125
119950.84375
119664.0625
119379.703125
119104.609375
118817.6875
118565.78125
118268.84375
