25400.0
25400.0
25118.4609375
24632.94140625
24726.259765625
23945.39453125
23047.8359375
22855.26171875
22913.89453125
23119.138671875
23543.388671875
24239.017578125
24581.24609375
24691.71484375
24737.654296875
24761.42578125
24776.337890625
24796.056640625
24818.53515625
24844.69921875
24869.01171875
24917.32421875
24949.0546875
24970.7421875
24989.505859375
25013.060546875
25036.224609375
25068.359375
25103.068359375
25132.4765625
25154.072265625
25172.412109375
25197.4296875
25266.4453125
25461.46484375
25952.63671875
27412.708984375
30617.837890625
35120.2265625
39742.1484375
44883.91796875
49229.48828125
52743.71484375
56105.390625
59206.9765625
62576.3125
66085.53125
70362.09375
75194.7109375
80856.4453125
87271.765625
93755.1875
101874.5
109757.296875
116565.0234375
122332.1640625
123681.7421875
125354.8203125
126512.1640625
127248.8203125
127812.8515625
128150.2265625
128355.8828125
128495.8046875
128384.296875
128087.546875
127710.6328125
127189.1640625
126546.1171875
125886.21875
125245.359375
124888.71875
124923.4453125
124790.234375
124570.9765625
124300.8828125
123976.921875
123571.0
123178.453125
122714.21875
122257.453125
121790.84375
121351.9609375
120956.0859375
120674.625
120389.4609375
120058.1328125
119702.8203125
119307.6328125
118893.0078125
118520.8828125
118097.546875
117806.8203125
117770.0859375
117583.234375
117254.7265625
116860.1953125
116423.1171875
115929.0390625
115409.046875
114841.3515625
114329.625
113975.375
113637.3125
113309.5078125
113022.2734375
112823.46875
112603.2734375
112394.7890625
112226.171875
112048.5390625
111851.078125
111621.65625
111418.8203125
111253.9375
111096.578125
110960.453125
110834.3046875
110724.390625
110633.21875
110595.8046875
110584.9453125
110585.1484375
110586.4140625
110593.1171875
