25400.0
25400.0
25400.0
25267.79296875
24802.421875
24643.072265625
24707.67578125
24715.126953125
24715.361328125
24716.501953125
24718.498046875
24720.6796875
24722.951171875
24725.169921875
24727.2265625
24729.2578125
24731.744140625
24733.77734375
24735.39453125
24736.751953125
24738.1953125
24739.54296875
24740.880859375
24742.16015625
24743.4296875
24744.673828125
24745.873046875
24747.103515625
24748.71875
24750.57421875
24752.51171875
24754.396484375
24756.556640625
24758.76953125
24761.251953125
24763.962890625
24767.0859375
24770.611328125
24775.970703125
24791.80078125
24900.341796875
29070.62890625
34837.75
39888.2109375
45114.83984375
49363.05859375
53183.56640625
56375.390625
59582.6796875
62276.3828125
64783.16015625
69705.40625
74684.3046875
80482.7265625
86959.0859375
93053.9765625
101118.2265625
108690.9296875
115827.890625
123114.90625
130775.84375
138911.234375
145932.8125
152668.9375
158904.0625
165215.90625
171495.21875
176619.734375
181663.390625
185840.90625
189169.03125
187778.71875
183501.75
179728.546875
176418.0
172889.3125
169656.8125
165906.328125
162409.765625
159450.421875
156253.015625
152910.1875
151073.359375
149567.703125
147449.859375
145483.265625
143887.5625
142626.90625
141539.390625
140564.796875
139788.796875
139226.890625
138761.46875
138682.265625
138693.609375
138629.890625
138525.640625
138330.78125
138090.625
137823.3125
137531.0625
137325.6875
137112.875
136869.8125
136530.4375
135957.75
135334.765625
134767.265625
134195.390625
133601.046875
132974.0625
132232.9375
131481.484375
130692.8046875
129883.6953125
129141.203125
128285.1484375
127409.484375
126528.140625
125704.578125
124879.7265625
124066.96875
123286.1171875
122499.296875
121755.7421875
121004.1796875
