25400.0
25215.05078125
23713.70703125
22706.158203125
20961.162109375
19633.130859375
18537.658203125
18600.00390625
19205.3671875
20406.880859375
21570.662109375
22430.81640625
23124.642578125
23709.359375
24244.9140625
24704.2734375
25062.978515625
25038.087890625
25045.12890625
25071.70703125
25101.736328125
25127.98828125
25151.14453125
25171.41015625
25187.2265625
25200.0546875
25210.55859375
25218.15234375
25224.30859375
25266.109375
25433.443359375
25969.00390625
27742.359375
31618.923828125
36616.7578125
42372.05859375
45539.53125
48388.4921875
51840.640625
55542.80078125
59045.0546875
62423.3671875
65245.90625
68112.234375
70543.8359375
73247.6953125
75617.328125
77754.9296875
79664.65625
81399.546875
83111.28125
84630.8671875
86065.5078125
87319.1796875
88387.140625
89611.84375
90765.7109375
91906.390625
92944.265625
93935.078125
94851.03125
95665.484375
96644.1640625
97903.234375
99128.1953125
100287.96875
101232.7265625
102169.9453125
102985.21875
103742.84375
104404.3515625
105026.2265625
105591.8359375
106082.53125
106532.3046875
106930.8046875
107292.2734375
107604.6796875
107849.546875
108012.3359375
108236.90625
108493.9296875
108694.2265625
108856.796875
108985.3828125
109076.4140625
109143.5
109191.9375
109222.0625
109231.65625
109223.7578125
109197.1328125
109154.5625
109094.0703125
109048.9140625
108996.8984375
108932.0
108862.234375
108785.109375
108702.1875
108606.4375
108502.671875
108403.2890625
108280.609375
108153.3515625
108017.796875
107885.6015625
107747.453125
107610.7890625
107483.046875
107369.5703125
107275.453125
107176.203125
107072.25
106972.7578125
106858.96875
106747.7265625
106639.5078125
106538.3515625
106435.8671875
106335.390625
106239.75
106142.3984375
106047.7109375
105950.6796875
