25400.0
24781.34375
23343.955078125
21932.859375
20235.58984375
19140.591796875
18266.880859375
18059.970703125
19174.689453125
20180.3671875
20998.2578125
21757.576171875
22492.12109375
23165.138671875
23751.638671875
24290.4765625
24753.763671875
25177.7421875
25209.232421875
25186.28125
25185.43359375
25193.625
25202.720703125
25209.923828125
25214.7421875
25230.86328125
25358.203125
25937.66015625
28141.203125
32514.2421875
38596.609375
41822.8046875
44936.48046875
47385.96875
50045.015625
52282.55078125
54299.33203125
56145.3671875
58087.26171875
60580.6484375
62888.9765625
65601.703125
68196.5546875
70379.1328125
72743.6875
75173.3515625
77328.0
79162.390625
80939.6484375
82564.2109375
84098.9140625
85725.8203125
87182.2265625
88533.8671875
89799.375
90932.2578125
92120.421875
93246.34375
94389.7734375
95363.1484375
96251.9609375
97213.9921875
98362.078125
99425.3984375
100328.6953125
101097.390625
101873.078125
102753.5390625
103584.46875
104280.1171875
104912.3203125
105449.0234375
105928.6640625
106337.1015625
106671.390625
106946.6875
107168.28125
107393.109375
107596.140625
107770.7109375
107914.1875
107998.5
108033.734375
108027.9765625
108003.21875
107956.8125
107892.6171875
107808.2890625
107713.390625
107602.421875
107493.9921875
107395.9375
107285.0859375
107171.6171875
107046.484375
106917.6484375
106780.0859375
106637.03125
106501.1796875
106457.0
106370.4609375
106252.7265625
106120.78125
105997.9296875
105861.84375
105734.2734375
105609.7578125
105497.328125
105389.765625
105288.171875
105175.15625
105055.015625
104940.2265625
104815.6875
104690.4765625
104610.8671875
104532.25
104454.5234375
104370.1484375
104283.5
104190.078125
104095.0546875
104002.640625
103906.4140625
103812.53125
103715.2109375
