25400.0
23905.447265625
21422.322265625
20393.115234375
18795.18359375
18125.34765625
18552.376953125
19408.8828125
20912.19921875
22022.552734375
22841.890625
23493.720703125
24033.2734375
24532.55078125
24960.564453125
25108.560546875
25074.94140625
25070.19921875
25088.35546875
25113.294921875
25136.4453125
25153.9921875
25167.525390625
25185.751953125
25290.783203125
25754.369140625
27245.390625
31514.25390625
37511.8828125
41625.453125
45153.703125
48114.125
52379.22265625
56115.17578125
59909.3125
63443.15234375
66640.9453125
69516.5859375
72324.1640625
75034.3359375
77389.6015625
79290.6796875
81275.2265625
83068.8828125
84712.6015625
86155.7421875
87476.234375
88817.3359375
90099.1875
91357.8828125
92498.046875
93590.265625
94745.875
96153.6015625
97581.0078125
98896.875
100243.4765625
101386.7578125
102407.078125
103307.953125
104079.359375
104787.59375
105400.828125
105955.84375
106436.5546875
106827.4140625
107197.3984375
107499.0703125
107758.8515625
107945.5625
108138.53125
108347.4140625
108501.6875
108617.625
108696.7890625
108753.7890625
108782.59375
108782.6640625
108763.8046875
108729.5625
108676.8828125
108610.1484375
108538.40625
108461.3671875
108374.9765625
108276.7109375
108173.5
108061.4609375
107948.125
107841.0703125
107716.921875
107591.65625
107449.7890625
107309.0234375
107160.4453125
107017.734375
106879.8046875
106736.296875
106601.6171875
106485.390625
106377.078125
106276.2109375
106159.640625
106042.8828125
105922.8125
105814.8984375
105709.5
105606.546875
105508.828125
105407.546875
105323.234375
105287.1484375
105294.0703125
105290.234375
105279.7421875
105263.7578125
105241.8984375
105216.921875
105254.109375
105294.46875
105303.5625
105288.25
105257.8515625
105215.5546875
