25400.0
24952.859375
24857.50390625
24661.181640625
21842.130859375
20035.005859375
18820.2734375
19390.400390625
20463.724609375
21288.0078125
22024.603515625
22752.951171875
23433.037109375
24034.96875
24595.630859375
25081.931640625
25170.529296875
25136.9296875
25134.150390625
25146.033203125
25160.544921875
25175.65625
25188.607421875
25200.357421875
25208.8203125
25213.6640625
25224.7578125
25315.916015625
25699.267578125
27322.951171875
30230.580078125
35457.6015625
41130.15234375
44943.1171875
47411.125
49624.1484375
52169.21484375
54346.7265625
56342.0390625
58572.1640625
61179.96484375
63763.21875
66253.578125
68903.1328125
71266.1171875
73649.2421875
76106.421875
78294.5
80203.125
81948.953125
83556.7890625
85071.5078125
86624.1484375
88176.6796875
89421.5546875
90685.3046875
91850.5234375
93045.46875
94132.375
95215.90625
96253.734375
97125.8359375
97919.078125
98647.90625
99749.9296875
100733.4140625
101547.6484375
102304.25
102938.4609375
103624.6015625
104427.546875
105130.9765625
105726.65625
106237.40625
106704.4765625
107098.8203125
107439.40625
107728.0703125
107947.0625
108146.5
108301.78125
108459.5078125
108572.3203125
108670.140625
108762.15625
108816.0859375
108827.34375
108800.9765625
108741.375
108671.3984375
108597.0390625
108501.6015625
108397.7578125
108280.328125
108156.0546875
108027.765625
107897.3828125
107771.09375
107638.640625
107507.3046875
107368.578125
107227.3203125
107097.265625
106949.84375
106816.640625
106769.0859375
106690.9765625
106583.8515625
106466.15625
106347.96875
106226.390625
106109.859375
105989.3203125
105860.828125
105750.5390625
105634.0078125
105527.1953125
105421.5
105305.3125
105182.4296875
105061.3984375
104949.4609375
104850.7109375
104773.5234375
104694.4765625
