25400.0
25400.0
25262.673828125
24582.275390625
24442.0546875
24161.89453125
23791.58203125
23691.326171875
23668.9921875
23673.802734375
23689.53125
23713.087890625
23753.9296875
23832.03125
23965.30078125
24255.259765625
24832.625
25064.083984375
25141.919921875
25166.78515625
25179.240234375
25188.845703125
25197.833984375
25205.1328125
25210.576171875
25215.626953125
25215.251953125
25531.91015625
26508.7734375
29715.6484375
36114.97265625
42878.63671875
50629.4921875
57731.71875
64374.5234375
69679.015625
74185.21875
78388.640625
81716.03125
84672.953125
87494.765625
90324.1328125
92666.421875
94931.25
100314.2265625
105919.546875
113396.328125
120739.9296875
126517.84375
127808.8671875
128665.1015625
129129.28125
129292.71875
129187.1640625
128846.1328125
128421.4765625
127822.828125
127173.6484375
126583.84375
125959.734375
125267.140625
124528.125
123872.40625
123619.8203125
123272.3046875
122854.8984375
122432.1640625
122040.359375
121716.0546875
121356.8125
120937.28125
120470.3046875
120018.4140625
119557.8984375
119056.8984375
118599.53125
118201.875
117817.7578125
117446.4140625
117122.3125
116772.515625
116436.453125
116225.3125
116056.8515625
115585.0234375
115038.546875
114500.78125
113965.296875
114204.2109375
114226.75
114006.9609375
113728.3203125
113339.15625
112979.90625
112718.2578125
112474.8046875
112198.5078125
112058.7421875
112000.1796875
111920.96875
111854.8671875
111773.7265625
111662.7890625
111590.0703125
111545.1875
111532.734375
111535.1171875
111540.1875
111555.5390625
111582.8359375
111615.640625
111657.5546875
111702.1875
111752.3046875
111811.265625
112007.375
112179.0078125
112294.109375
112375.3359375
112429.4375
112468.0703125
112493.59375
112512.0859375
112585.421875
112653.796875
112770.390625
