25400.0
25192.583984375
23599.349609375
22758.865234375
21157.10546875
20132.146484375
19356.12890625
19115.1015625
19650.298828125
20662.431640625
22314.484375
23391.46875
24236.333984375
24946.05859375
24873.79296875
24880.568359375
24923.080078125
24978.435546875
25027.7890625
25067.181640625
25102.8046875
25131.451171875
25156.509765625
25176.44921875
25191.68359375
25209.12890625
25225.47265625
25273.708984375
25491.681640625
26165.033203125
28723.720703125
33003.96484375
38723.7265625
45326.0625
49880.16015625
52652.609375
57204.8046875
61091.29296875
64980.74609375
68605.1640625
71882.03125
74814.5
77850.0546875
80375.5859375
82782.875
84855.90625
86888.8203125
88724.671875
90425.0859375
91957.484375
93225.609375
94634.6796875
95931.6640625
97146.78125
98223.5546875
99084.0546875
99906.8046875
100669.71875
101919.015625
103027.5234375
104149.390625
105107.9140625
105914.1796875
106637.8515625
107247.4765625
107791.90625
108274.1640625
108655.953125
109013.4921875
109307.671875
109566.6328125
109769.0625
109932.2890625
109986.828125
110002.140625
110175.7421875
110287.859375
110352.953125
110381.109375
110383.2265625
110365.1484375
110327.546875
110267.3046875
110191.8671875
110095.515625
109982.8671875
109861.7109375
109738.9765625
109625.0078125
109501.4296875
109370.859375
109250.578125
109113.6484375
108979.2890625
108833.4765625
108682.125
108524.875
108367.375
108215.1796875
108059.3828125
107915.3125
107774.984375
107654.609375
107570.6328125
107481.546875
107389.75
107287.046875
107181.0
107070.3984375
106960.0
106852.1875
106739.8828125
106630.8984375
106506.5703125
106372.1875
106252.9296875
106123.5
105998.5859375
105869.6484375
105745.3515625
105618.5234375
105494.90625
105412.0859375
105452.46875
105494.4921875
105498.7890625
