25400.0
25324.89453125
24676.490234375
23450.69140625
22173.298828125
21291.001953125
21080.7578125
21888.2109375
23429.427734375
24376.708984375
24578.806640625
24644.50390625
24695.09375
24748.1484375
24822.779296875
24892.603515625
24955.3828125
25011.23046875
25054.63671875
25090.26953125
25131.416015625
25161.408203125
25181.39453125
25197.59375
25212.85546875
25274.150390625
25575.43359375
26432.1328125
29419.373046875
34757.67578125
40262.8125
47215.578125
53242.1328125
58891.203125
65211.1875
69366.3125
73793.4296875
77848.0078125
81685.1328125
84916.296875
88370.375
91410.8515625
93764.453125
96035.421875
98077.28125
99869.875
101325.6796875
102433.9609375
103644.921875
104701.546875
105595.921875
106306.0625
106889.3671875
107340.2265625
107663.2734375
108586.6640625
109382.4765625
110169.515625
110810.640625
111338.5234375
111764.515625
112092.7890625
112356.25
112554.1015625
112708.703125
112795.859375
112834.453125
112854.3046875
112839.6640625
112704.953125
112537.546875
112420.3046875
112454.953125
112426.625
112344.7265625
112232.078125
112093.4375
111942.328125
111796.6640625
111621.21875
111443.28125
111250.2109375
111057.8125
110855.2109375
110680.5
110518.0234375
110355.3203125
110212.4765625
110066.6953125
109927.0859375
109804.2109375
109669.6171875
109518.9140625
109355.5703125
109196.96875
109029.7734375
108864.203125
108716.875
108588.6171875
108468.1015625
108334.734375
108189.875
108050.453125
107895.6796875
107744.109375
107585.0703125
107429.1171875
107268.0390625
107106.71875
106950.515625
106792.375
106640.140625
106482.6796875
106322.1875
106180.5078125
106028.9921875
105917.6875
105853.1171875
105812.2109375
105854.0390625
106050.4140625
106169.578125
106178.109375
106120.234375
106018.8203125
