25400.0
24767.109375
24687.2109375
22731.56640625
20954.77734375
19900.12890625
19230.451171875
19385.173828125
20256.140625
20821.3515625
21289.1640625
21740.572265625
22679.78515625
23541.9453125
24349.60546875
25061.857421875
25103.16015625
25077.447265625
25094.3046875
25118.35546875
25142.5234375
25162.3203125
25180.5390625
25195.2578125
25205.41015625
25212.716796875
25300.294921875
25757.48046875
27712.134765625
32004.93359375
37970.2265625
44866.3828125
48464.55078125
51022.375
54131.89453125
56868.35546875
60011.80078125
63298.1640625
66682.578125
69988.7265625
72903.8984375
76051.8984375
78882.671875
81360.265625
83663.03125
85467.0234375
87396.2890625
89364.0
91101.6953125
92633.4375
94157.515625
95559.53125
96835.625
98036.203125
99013.8125
99875.15625
100898.703125
101974.015625
103005.875
103760.9609375
104541.84375
105487.796875
106280.390625
106935.546875
107469.8515625
107934.25
108305.6015625
108611.7421875
108844.8671875
109007.875
109170.0
109268.1328125
109366.328125
109422.1796875
109418.3671875
109359.328125
109265.46875
109153.53125
109028.40625
108878.3828125
108710.9921875
108557.9921875
108388.0
108220.6796875
108045.859375
107874.03125
107694.4140625
107510.8125
107334.0
107203.5703125
107132.9921875
107013.46875
106854.484375
106706.125
106540.609375
106382.6875
106225.5859375
106079.609375
105933.7265625
105795.515625
105648.25
105490.9296875
105342.65625
105203.078125
105096.7578125
105002.03125
104889.921875
104774.515625
104648.3125
104526.5859375
104402.734375
104279.8203125
104162.7421875
104044.046875
103931.4375
103824.875
103727.484375
103639.1875
103541.5859375
103449.15625
103352.546875
103211.8828125
103080.7578125
102968.78125
102873.8515625
102789.3828125
102718.109375
102652.9609375
