25400.0
24194.86328125
21677.89453125
20597.578125
19120.080078125
18564.720703125
19081.568359375
19961.556640625
21480.646484375
22697.634765625
23556.3671875
24222.046875
24781.013671875
25196.916015625
25137.296875
25124.18359375
25133.92578125
25146.349609375
25159.4140625
25169.69921875
25178.943359375
25184.63671875
25193.015625
25202.998046875
25286.865234375
25840.048828125
27655.55078125
32433.76171875
38887.88671875
44012.01953125
47618.140625
51286.38671875
55908.26953125
59948.6796875
63811.7109375
67411.1796875
70475.875
73520.5390625
76311.921875
78795.171875
80997.9609375
82883.21875
84825.609375
86491.4140625
88037.359375
89418.03125
90761.3671875
92108.171875
93362.7421875
94566.7421875
95621.0078125
96938.15625
98431.8359375
99671.359375
100930.4921875
102138.9296875
103269.78125
104204.7578125
105030.6875
105751.578125
106363.5
106914.65625
107374.515625
107777.515625
108122.6953125
108390.8359375
108632.71875
108818.15625
108966.375
109071.15625
109123.7890625
109233.203125
109300.078125
109334.9921875
109337.59375
109313.1171875
109269.5703125
109216.75
109145.7890625
109063.4140625
108965.0625
108857.8515625
108742.2421875
108635.6484375
108519.921875
108388.6484375
108250.15625
108104.8984375
107959.0078125
107827.0
107686.078125
107549.8125
107408.0234375
107264.6796875
107118.4765625
106980.375
106849.7421875
106713.109375
106582.203125
106447.9453125
106318.671875
106222.640625
106137.0859375
106056.09375
105968.71875
105880.375
105787.4921875
105719.1875
105710.390625
105726.328125
105728.9609375
105721.8828125
105705.9140625
105685.765625
105658.5
105627.296875
105589.59375
105548.015625
105499.7890625
105435.359375
105456.5234375
105452.6015625
105421.3671875
105369.0546875
