25400.0
23496.869140625
22245.134765625
21050.521484375
19680.830078125
18874.294921875
18262.5
18207.181640625
18443.90625
18808.412109375
19642.28125
20526.9296875
21609.3515625
23002.673828125
23881.19140625
24509.140625
25058.041015625
25267.880859375
25205.453125
25189.2578125
25197.052734375
25213.947265625
25241.205078125
25268.75
25279.833984375
25286.314453125
25288.90234375
25456.662109375
26330.212890625
29094.53125
35072.7734375
42469.26171875
46004.20703125
49329.984375
52480.375
55477.55078125
57761.53125
60055.98046875
61962.19140625
63511.31640625
64922.40625
67858.09375
70598.3125
73108.34375
75690.4609375
78222.984375
80427.7265625
82562.109375
84575.3359375
86643.515625
88391.171875
89924.375
91368.4296875
92686.6015625
93978.890625
95124.7734375
96038.90625
96926.4609375
97692.15625
98383.7734375
98935.484375
99799.875
100966.6640625
101964.859375
102898.6171875
103719.125
104492.34375
105203.453125
105796.3984375
106393.96875
106927.9453125
107418.1796875
107834.7421875
108210.90625
108537.171875
108844.90625
109139.4375
109392.1640625
109613.6875
109794.3515625
109931.109375
110009.359375
110056.515625
110079.609375
110079.875
110059.421875
110022.8671875
109973.4453125
109914.15625
109846.1015625
109765.96875
109674.03125
109583.203125
109474.328125
109362.6484375
109191.7109375
109006.7734375
108835.390625
108736.5
108675.796875
108597.28125
108508.3984375
108408.40625
108301.140625
108199.453125
108082.7890625
107966.015625
107843.3671875
107724.6171875
107600.96875
107476.0078125
107355.578125
107232.859375
107114.1015625
106994.984375
106885.3828125
106786.8984375
106675.125
106565.5234375
106450.1875
106341.4453125
106234.671875
106130.734375
106030.6953125
105927.125
105832.5703125
105739.40625
