25400.0
25264.349609375
22892.140625
21780.275390625
20094.103515625
19219.443359375
19563.306640625
20351.095703125
21684.42578125
23070.50390625
24039.8515625
24776.623046875
25031.466796875
24959.62890625
24948.052734375
24965.970703125
24989.919921875
25016.525390625
25044.0625
25064.509765625
25079.53125
25094.11328125
25115.2109375
25125.25
25140.294921875
25202.0703125
25419.580078125
26094.9375
28363.59765625
32664.80078125
38828.92578125
45230.359375
49477.54296875
52067.15625
54926.26953125
57742.30078125
60494.83203125
63535.5703125
66574.921875
69516.5390625
72686.5390625
75301.34375
77899.6953125
80205.4375
82759.8125
84935.0390625
86892.609375
88674.234375
90354.4375
92010.09375
93434.7109375
94718.953125
95856.6953125
96672.609375
97714.8046875
98678.734375
99582.53125
100358.7734375
101062.9296875
102002.4765625
103016.1015625
103949.1796875
104789.4453125
105573.234375
106310.609375
106977.671875
107600.796875
108104.9765625
108555.71875
108930.84375
109260.703125
109540.25
109768.890625
109964.2265625
110116.0703125
110235.125
110327.1484375
110388.84375
110429.671875
110444.734375
110437.3984375
110318.5078125
110207.875
110210.4375
110229.359375
110216.703125
110177.78125
110117.4453125
110042.515625
109966.234375
109870.6015625
109768.609375
109655.0234375
109537.0078125
109407.9140625
109274.203125
109138.9609375
108998.0078125
108874.1015625
108744.3984375
108615.015625
108493.09375
108358.2734375
108232.2109375
108103.703125
107973.90625
107839.8671875
107709.0859375
107584.1796875
107457.4375
107336.75
107216.0
107102.171875
107004.625
106900.21875
106809.7578125
106735.3125
106670.09375
106600.296875
106525.4140625
106447.3203125
106361.9765625
106279.3515625
106193.421875
