25400.0
24739.3203125
25156.296875
25055.9609375
22230.439453125
20165.412109375
19425.4765625
19731.755859375
20814.185546875
21698.505859375
22588.658203125
23422.478515625
24217.416015625
24927.5625
25110.01953125
25059.232421875
25065.138671875
25085.115234375
25108.166015625
25127.115234375
25147.005859375
25161.8515625
25173.2109375
25187.0546875
25302.38671875
25860.556640625
28084.349609375
32636.158203125
38656.09765625
45570.328125
48640.62109375
51117.5078125
54149.1640625
56747.7421875
59284.2578125
62106.87890625
65160.5625
68368.8125
71333.4609375
74173.7734375
77217.6328125
79867.9453125
82182.6015625
84099.3828125
86116.9375
88065.890625
89949.1640625
91549.015625
93135.4921875
94621.8203125
95956.546875
97265.1484375
98319.8203125
99248.5234375
100060.6796875
100893.8046875
101939.25
102783.265625
103755.2109375
104756.4296875
105618.9765625
106343.234375
106925.46875
107423.34375
107815.515625
108139.359375
108388.9765625
108602.4375
108824.6171875
109009.3203125
109119.765625
109154.0625
109131.6484375
109078.828125
108996.7421875
108887.6953125
108763.8984375
108618.09375
108468.1171875
108338.203125
108190.21875
108037.984375
107868.84375
107699.7578125
107515.171875
107370.8125
107291.890625
107166.171875
107027.796875
106860.984375
106697.09375
106556.328125
106408.4453125
106270.609375
106129.3984375
105974.0546875
105810.5546875
105651.6015625
105498.328125
105373.359375
105273.796875
105168.2421875
105056.2421875
104949.3359375
104827.4609375
104706.4296875
104579.3046875
104454.3828125
104324.0625
104195.15625
104075.9296875
103974.875
103886.4140625
103798.46875
103711.1015625
103617.2890625
103478.140625
103357.78125
103253.3828125
103162.5859375
103075.7578125
102993.0625
102922.828125
102867.328125
102818.4140625
102758.8515625
