25400.0
24827.775390625
24565.076171875
22540.619140625
20030.865234375
19037.224609375
19941.689453125
20848.916015625
21675.587890625
22443.927734375
23197.68359375
23891.146484375
24497.228515625
25054.310546875
25167.693359375
25127.20703125
25132.16796875
25145.548828125
25162.373046875
25178.20703125
25191.458984375
25201.259765625
25208.23828125
25222.26171875
25332.63671875
25843.037109375
27809.056640625
31892.494140625
37776.125
43262.375
46328.5234375
48815.07421875
51475.859375
53829.24609375
55987.4765625
58043.82421875
60474.7890625
63183.75390625
65872.3046875
68691.390625
71294.5
73554.2578125
76283.1171875
78544.1171875
80573.7265625
82409.171875
84165.4609375
85853.625
87579.6328125
89136.59375
90496.5859375
91849.390625
93169.0546875
94278.4140625
95503.1640625
96550.5078125
97480.9453125
98275.421875
99077.3203125
100213.234375
101149.515625
101927.0703125
102677.7890625
103677.1484375
104517.4140625
105175.7109375
105810.6015625
106341.8359375
106803.0546875
107174.234375
107493.0390625
107751.296875
107958.7890625
108171.78125
108363.40625
108530.5390625
108634.890625
108679.8359375
108678.703125
108647.5
108593.0546875
108521.1484375
108426.59375
108315.03125
108196.828125
108069.640625
107951.265625
107824.359375
107693.671875
107569.84375
107424.109375
107277.8828125
107120.0390625
107005.0078125
106936.8125
106826.8125
106699.1328125
106560.1328125
106427.515625
106294.546875
106170.1875
106053.6875
105924.09375
105806.40625
105674.59375
105536.5390625
105396.9921875
105263.34375
105134.9453125
105028.2578125
104943.890625
104857.671875
104766.859375
104680.4453125
104579.3046875
104478.640625
104373.5234375
104271.2578125
104164.3046875
104056.6953125
103951.640625
103844.6171875
103751.375
103668.6484375
