25400.0
25133.521484375
24538.59765625
25117.0625
22643.359375
21067.287109375
20187.865234375
19932.68359375
20730.947265625
22498.064453125
23732.2421875
24668.482421875
24901.5703125
24888.546875
24919.3046875
24969.15234375
25017.888671875
25062.1640625
25102.01953125
25131.572265625
25158.6484375
25180.404296875
25198.486328125
25211.369140625
25219.701171875
25226.244140625
25274.818359375
25509.595703125
26306.341796875
28975.28515625
33903.234375
39479.33203125
46660.30859375
53606.95703125
58310.69140625
63299.5546875
67905.7578125
71911.21875
75399.328125
79094.15625
82155.984375
84841.328125
87323.28125
89338.703125
91300.71875
92906.8671875
94664.4765625
96226.1953125
97682.703125
98943.2265625
99980.5546875
100961.0078125
101817.703125
102823.1640625
104170.03125
105201.75
106179.484375
106991.6640625
107719.375
108334.3671875
108879.6171875
109351.09375
109739.0546875
109989.5625
110113.375
110479.1640625
110748.5625
110922.40625
111048.84375
111119.390625
111146.640625
111137.109375
111093.46875
111016.609375
110923.296875
110826.3984375
110743.4765625
110640.78125
110518.734375
110393.03125
110231.75
110059.2734375
109873.1015625
109690.796875
109502.1796875
109322.6484375
109189.125
109075.390625
108961.9609375
108831.03125
108686.546875
108531.9765625
108364.328125
108200.5625
108027.4453125
107856.625
107677.59375
107500.8359375
107332.359375
107158.078125
106991.0078125
106819.8828125
106651.265625
106501.21875
106360.7109375
106288.3359375
106183.9609375
106061.7109375
105923.9296875
105778.3359375
105636.109375
105488.4609375
105341.0234375
105189.453125
105064.859375
104970.921875
104904.65625
104850.1328125
104789.1015625
104728.953125
104666.2109375
104617.1171875
104583.3828125
104543.6875
104671.125
104744.765625
