25400.0
25153.09765625
22912.294921875
22277.224609375
20625.17578125
19768.033203125
18938.50390625
18757.630859375
18869.064453125
19178.3984375
20167.88671875
21828.71484375
22917.267578125
23767.220703125
24479.251953125
24978.5625
24902.923828125
24924.759765625
24976.935546875
25026.939453125
25067.435546875
25103.76953125
25132.76953125
25157.865234375
25177.890625
25192.791015625
25204.55859375
25227.474609375
25293.693359375
25585.31640625
26530.271484375
29546.802734375
34356.55859375
40312.4453125
46274.6875
49328.69921875
51900.80859375
56099.34765625
59794.3125
63306.16796875
66853.109375
70071.0
73032.828125
75782.2734375
78369.8046875
80863.5390625
82971.59375
84928.9140625
86795.6875
88558.9609375
90135.734375
91477.9453125
92789.640625
94107.4453125
95390.453125
96552.53125
97496.109375
98415.8046875
99197.9765625
100284.953125
101466.78125
102585.5859375
103679.8828125
104590.7109375
105408.984375
106102.9921875
106727.921875
107271.1328125
107712.1875
108139.40625
108492.2265625
108803.34375
109063.5625
109283.625
109457.6171875
109528.90625
109555.9140625
109739.671875
109876.2734375
109953.15625
109990.25
110005.4140625
109999.546875
109976.2109375
109934.734375
109870.953125
109788.296875
109694.6328125
109583.0703125
109467.8359375
109366.015625
109256.8359375
109149.6875
109029.671875
108910.8671875
108781.671875
108650.015625
108500.5234375
108347.0859375
108197.5
108042.6640625
107892.390625
107736.5234375
107588.421875
107466.6171875
107359.0703125
107262.9921875
107163.328125
107063.4375
106955.25
106845.25
106741.765625
106634.6875
106531.1171875
106423.1484375
106315.9296875
106218.328125
106109.4609375
106005.3046875
105897.46875
105783.90625
105659.2734375
105537.421875
105422.078125
105314.453125
105291.3359375
105350.4453125
