25400.0
25400.0
25197.8203125
24652.83203125
24674.166015625
24604.447265625
24588.361328125
24585.4453125
24587.408203125
24590.3828125
24593.408203125
24596.47265625
24599.40234375
24602.111328125
24605.42578125
24607.96484375
24610.193359375
24612.283203125
24614.150390625
24616.5859375
24619.615234375
24623.083984375
24626.716796875
24630.849609375
24635.48046875
24640.794921875
24647.248046875
24654.685546875
24663.96875
24686.40625
24757.296875
27791.52734375
33721.4765625
40517.12890625
47264.953125
53455.5234375
58769.7890625
63326.09375
67380.453125
70792.5625
73747.125
76462.0625
78806.4375
81320.4609375
83156.5234375
86835.6796875
91423.6015625
97447.5390625
104265.6796875
111200.9296875
119627.0703125
126991.1875
134153.765625
141755.609375
148575.71875
156324.015625
162923.359375
169161.046875
175106.109375
176307.78125
172657.625
169181.078125
165496.09375
162011.03125
159066.140625
156234.953125
154110.328125
151493.578125
148982.546875
146479.828125
144082.515625
141378.296875
140226.859375
139000.328125
137251.09375
135703.109375
134312.65625
133273.390625
132565.609375
131943.375
131476.515625
131078.296875
130769.046875
130544.078125
130392.7890625
130295.96875
130406.5234375
130643.0390625
130766.9609375
130794.2890625
130697.203125
130524.6484375
130296.171875
130020.421875
129837.625
129614.9140625
129334.2734375
128952.6796875
128371.171875
127839.0
127319.4609375
126804.90625
126316.9921875
125731.8671875
125099.8671875
124419.640625
123755.6875
123056.2578125
122348.1328125
121624.359375
120859.6484375
120144.515625
119435.203125
118752.34375
118147.1328125
117478.8828125
116851.25
116232.4921875
115668.6640625
115105.890625
114560.6640625
114046.046875
113529.9140625
113044.7890625
112582.3046875
