25400.0
25281.244140625
24748.74609375
24749.16796875
23422.197265625
22617.626953125
22482.5234375
23719.20703125
24605.71875
24751.375
24735.189453125
24749.03125
24779.796875
24818.59375
24860.443359375
24907.18359375
24953.619140625
24998.580078125
25034.630859375
25070.947265625
25100.732421875
25126.9296875
25149.41796875
25168.181640625
25183.0703125
25197.24609375
25217.833984375
25234.78125
25323.025390625
25653.32421875
26785.111328125
29436.87890625
33946.625
39253.13671875
45047.2890625
50126.6875
54549.1171875
58431.2421875
62093.2734375
65402.4765625
69265.7421875
74156.453125
76828.7734375
80132.6640625
83262.3359375
86182.7734375
89286.6015625
92153.296875
94534.8125
96588.390625
98425.7421875
100077.1171875
101777.5703125
103230.0234375
104287.015625
105304.328125
106239.6640625
107051.6640625
107772.2109375
108446.7890625
108947.7265625
109306.6640625
109587.5234375
109797.6328125
109960.6875
110358.2578125
110684.796875
111035.625
111579.1640625
112064.4375
112410.1171875
112683.2109375
112892.140625
113038.609375
113135.0234375
113179.9609375
113177.1640625
113135.5703125
113060.734375
112982.46875
112913.3515625
112879.359375
112816.8359375
112705.125
112555.375
112380.890625
112161.6875
111950.2109375
111737.7109375
111529.015625
111342.3125
111134.5625
110932.234375
110737.8359375
110558.90625
110377.8515625
110193.90625
110010.0703125
109816.9921875
109626.1328125
109424.0234375
109295.9375
109190.609375
109034.7890625
108864.703125
108680.78125
108499.8046875
108309.7109375
108126.65625
107956.21875
107785.265625
107626.265625
107460.203125
107283.2265625
107123.4765625
106956.1484375
106793.03125
106617.9375
106466.9140625
106329.1953125
106208.1328125
106058.0
106044.4296875
105984.6015625
105873.921875
