25400.0
25400.0
25400.0
25400.0
25400.0
25400.0
25400.0
25400.0
25400.0
25400.0
25400.0
25400.0
25400.0
25400.0
25400.0
27270.62109375
40264.421875
53523.57421875
72210.8203125
90186.34375
104694.4921875
116914.421875
126045.1328125
132923.03125
137977.765625
141675.640625
144983.703125
147301.390625
148947.90625
150235.8125
154777.28125
151888.65625
144242.671875
138956.140625
135781.90625
133471.609375
132416.140625
132729.109375
132558.28125
131850.59375
130860.671875
129734.65625
128889.6328125
127828.84375
126730.734375
125613.46875
124617.3203125
123663.1640625
122787.6875
122006.78125
121271.03125
120621.640625
120028.5703125
119573.6171875
119349.609375
119126.5546875
118922.265625
118742.4609375
118537.3828125
118180.3984375
117839.5625
117574.3359375
117315.0859375
117114.4453125
116879.9921875
116630.3984375
116394.0625
116109.296875
115796.046875
115507.078125
115217.6796875
114892.2578125
114562.171875
114250.8671875
113925.4375
113608.9921875
113371.0390625
113130.125
112870.3125
112565.0234375
112264.0234375
112042.6015625
111833.875
111721.5703125
111588.703125
111446.40625
111289.0234375
111142.625
111000.7578125
110870.359375
110664.8359375
110427.8125
110338.90625
110301.671875
110220.6171875
110087.1796875
109917.9375
109726.1640625
109497.5234375
109246.3984375
108962.1796875
108666.5234375
108394.1796875
108091.8359375
107754.9140625
107411.3203125
107101.0078125
106802.3671875
106521.828125
106266.1796875
106015.625
105784.4296875
105560.3671875
105350.4375
105169.7109375
104978.34375
104801.0390625
104624.65625
104457.1171875
104276.734375
104064.5390625
103840.7734375
103605.2734375
103391.9453125
103189.15625
