25400.0
25400.0
24548.44921875
24920.244140625
24273.630859375
23604.671875
23264.517578125
23165.40625
23182.10546875
23256.763671875
23441.39453125
24151.486328125
24769.25
24990.869140625
25059.056640625
25085.1875
25104.52734375
25122.232421875
25129.01953125
25145.0234375
25171.6640625
25188.689453125
25199.181640625
25206.462890625
25211.533203125
25216.732421875
25215.326171875
25340.306640625
26082.3125
28117.236328125
32511.73828125
39554.37890625
46831.0625
54730.22265625
62004.28125
68588.7578125
73869.3828125
78255.6875
82303.1015625
84084.234375
85611.1328125
86855.734375
87868.1328125
89112.109375
90111.8984375
90823.3125
91700.90625
93766.5703125
95743.6953125
97609.3046875
99616.2578125
101297.6015625
102800.546875
104105.078125
105124.734375
106305.9140625
107212.46875
107900.0625
108449.375
108952.5859375
109388.7265625
109800.96875
110141.3984375
110329.5703125
110380.484375
110354.78125
110336.0
110299.140625
110240.2578125
110551.578125
110889.6796875
111209.6171875
111557.3515625
111821.0390625
112027.9921875
112181.484375
112297.9296875
112369.3359375
112419.84375
112462.125
112490.2421875
112504.5625
112499.0625
112476.0234375
112439.21875
112383.765625
112306.7421875
112219.2421875
112113.9609375
112017.3203125
111939.8984375
111832.390625
111725.28125
111621.6796875
111515.8671875
111399.640625
111277.203125
111156.7890625
111028.7734375
110903.0234375
110773.7578125
110649.59375
110492.0078125
110313.5078125
110171.2578125
110047.1796875
109941.21875
109838.7578125
109741.2265625
109631.5078125
109513.5625
109402.6328125
109315.71875
109298.5390625
109266.1171875
109208.0625
109136.9765625
109053.0078125
108965.875
108872.3828125
108776.28125
108681.109375
108581.015625
108482.765625
108380.3125
