25400.0
25400.0
25099.560546875
24618.3046875
24596.3203125
24095.974609375
23514.5390625
23338.5546875
23285.4375
23279.373046875
23302.03515625
23353.625
23464.96875
23707.94140625
24482.794921875
24895.896484375
25031.962890625
25073.552734375
25095.736328125
25113.69921875
25146.357421875
25175.486328125
25191.86328125
25202.908203125
25211.6953125
25218.859375
25224.111328125
25228.8125
25230.28125
25373.15625
26115.244140625
28258.951171875
32847.59375
39864.30078125
46816.5625
54494.22265625
61094.19921875
67246.7421875
72094.6953125
76202.2734375
80073.8046875
83244.984375
86309.3125
89089.2265625
91536.25
93871.7109375
99606.4609375
104005.578125
106578.953125
108960.515625
111001.875
112656.90625
114217.125
115449.8671875
116347.4375
117026.9453125
117444.0
117831.5234375
118063.4765625
117993.828125
117880.4765625
117714.484375
117490.03125
117241.6484375
117048.421875
116847.3828125
116592.25
116793.25
116901.6796875
116956.671875
116962.8359375
116930.3828125
116865.2421875
116764.953125
116645.40625
116505.3671875
116331.5
116144.84375
115996.7421875
115841.90625
115679.4921875
115477.3671875
115264.5234375
115041.515625
114822.890625
114599.28125
114382.3984375
114108.5859375
113816.4296875
113563.546875
113333.7890625
113129.1328125
112952.0703125
112760.5859375
112579.1328125
112394.984375
112316.6875
112241.828125
112131.21875
112001.3984375
111854.609375
111704.5390625
111544.3125
111382.1328125
111234.4140625
111085.8828125
110923.46875
110677.0078125
110421.828125
110166.3046875
109918.2265625
109687.140625
109444.5546875
109737.9921875
109903.828125
109910.921875
109837.0390625
109687.421875
109489.0234375
109249.9921875
109007.8125
108814.71875
108648.3984375
108486.515625
108314.390625
108158.65625
108088.796875
