25400.0
25400.0
24606.884765625
24785.7734375
24244.31640625
23612.16796875
22891.41796875
22650.61328125
22553.689453125
22588.513671875
22841.248046875
23419.275390625
24178.259765625
24486.857421875
24604.6328125
24681.890625
24753.060546875
24819.396484375
24884.318359375
24940.869140625
24987.89453125
25031.693359375
25070.64453125
25116.7734375
25154.13671875
25180.8828125
25201.40625
25216.283203125
25230.830078125
25237.650390625
25244.478515625
25250.705078125
25255.302734375
25278.7265625
25374.525390625
25692.0625
26674.5234375
29164.3359375
33162.71484375
37480.09765625
42466.62109375
46759.6640625
50568.68359375
54149.328125
58080.3984375
63137.1953125
68735.609375
74948.59375
81549.5859375
89965.0546875
98369.6796875
105866.484375
114096.09375
122903.953125
124656.4453125
126138.0546875
127242.875
128232.421875
128739.2890625
128866.234375
128584.7578125
128250.1640625
128139.515625
127833.53125
127345.7421875
126773.765625
126088.6171875
125357.8671875
124965.0
124648.8671875
124260.703125
123849.5
123376.2265625
122849.3984375
122343.7265625
121865.265625
121371.9296875
120889.5234375
120381.6796875
119860.4296875
119367.859375
118819.7734375
118296.71875
118029.9296875
118046.984375
117828.3125
117355.484375
116821.296875
116156.125
115668.953125
115210.9375
114649.703125
114243.2578125
113936.78125
113631.71875
113376.890625
113120.4375
112815.328125
112498.1875
112293.140625
112150.703125
112023.4375
111895.78125
111782.875
111700.1953125
111637.03125
111499.2109375
111389.921875
111343.03125
111335.6953125
111349.09375
111365.8828125
111369.1171875
111355.2890625
111282.3984375
111182.5234375
111084.3828125
110975.7109375
110865.5390625
110738.703125
110605.46875
110455.9765625
110254.640625
110057.140625
109857.3515625
109663.0546875
109452.875
