25400.0
25400.0
25400.0
25400.0
25400.0
25400.0
25400.0
25400.0
25400.0
25400.0
25400.0
25400.0
25400.0
25400.0
25400.0
25400.0
25400.0
25400.0
25400.0
25400.0
25400.0
25400.0
35579.1015625
56498.79296875
74040.5078125
87517.328125
99692.265625
109906.1875
118771.578125
125753.65625
131798.859375
136340.296875
140117.390625
143039.875
145476.703125
147388.609375
148907.015625
150569.703125
151731.15625
152691.078125
153644.421875
150180.609375
145433.515625
141136.78125
137085.4375
132998.46875
130423.75
128320.4140625
126214.234375
124773.3125
123715.8125
122780.9375
122426.5859375
122689.8359375
123119.65625
123556.375
123965.5234375
124116.1640625
124079.2890625
123961.515625
123730.96875
123405.9140625
123028.4140625
122587.7578125
122107.3203125
121650.1015625
121158.609375
120782.484375
120363.2734375
119906.0234375
119391.7578125
118854.8359375
118359.109375
117882.2734375
117450.2734375
117061.8984375
116734.53125
116481.7109375
116247.8984375
116059.1875
115889.6875
115751.3515625
115649.1171875
115596.171875
115584.09375
115621.6171875
115752.640625
115878.921875
115976.1953125
116044.1484375
116120.1015625
116186.2421875
116234.0703125
116268.7109375
116292.9140625
116294.9609375
116117.109375
115979.515625
115891.359375
115803.71875
115750.3359375
115688.2109375
115605.3828125
115516.4140625
115417.6484375
115312.671875
115193.359375
115061.1484375
114924.5
114773.3046875
114595.8203125
114424.96875
114256.0234375
114100.71875
113951.4140625
113848.7421875
113755.84375
113746.9296875
113705.0234375
113644.4921875
113571.2421875
113482.8203125
113386.8671875
113271.7890625
