25400.0
25400.0
25010.517578125
24660.20703125
24637.23828125
24413.626953125
24342.888671875
24320.607421875
24322.625
24329.89453125
24344.42578125
24363.412109375
24385.888671875
24412.78125
24520.072265625
28851.7265625
40018.0234375
55005.578125
73076.2578125
90691.6484375
106538.234375
120096.71875
125742.5625
126931.5625
127007.171875
126398.1015625
125342.96875
124046.9375
122572.015625
121085.8359375
119772.0703125
118360.0390625
117078.5859375
115886.125
114928.4609375
114589.09375
114003.578125
113355.9453125
112592.703125
111629.7734375
110739.2109375
110452.5
111108.9375
111087.453125
110383.2890625
109736.671875
109239.4921875
108906.234375
108835.984375
108959.4609375
109024.71875
108840.4609375
108722.1640625
108797.859375
108939.2421875
109084.296875
109183.4453125
109183.8203125
109232.375
109342.375
109495.6875
109670.15625
109878.703125
110058.7890625
110239.1484375
110425.4453125
110566.1484375
110671.203125
110679.8046875
110589.7109375
110372.859375
110113.8359375
109841.7265625
109570.5234375
109325.359375
109110.3671875
108887.7421875
108661.0703125
108451.53125
108215.0390625
107983.59375
107743.1015625
107510.3203125
107270.875
107033.09375
106805.265625
106572.859375
106343.5859375
106098.03125
105865.390625
105665.1171875
105451.703125
105251.3125
105050.5078125
104861.2578125
104670.46875
104478.375
104295.984375
104112.46875
103939.640625
103766.15625
103597.1953125
103447.5859375
103287.5546875
103136.109375
102984.2578125
102841.34375
102697.6953125
102558.9453125
102428.546875
102298.1640625
102175.1328125
102052.3515625
101933.5859375
101828.7421875
101716.4609375
101610.6640625
101504.59375
101404.7265625
101304.0234375
101206.9453125
101115.7109375
101026.1484375
100941.8203125
100856.4296875
