25400.0
25400.0
24756.66796875
24667.5234375
24414.28125
24155.509765625
24084.1953125
24070.12109375
24093.294921875
24133.296875
24193.091796875
24288.13671875
25389.404296875
30608.15234375
43250.48828125
60833.078125
83344.8203125
101899.1875
108021.8828125
112465.40625
115272.203125
116553.5234375
116918.1015625
116751.7734375
116235.609375
115531.3984375
114713.4921875
113888.53125
113050.640625
112691.9609375
112359.90625
111948.2734375
111601.0625
111196.71875
110818.125
110414.1875
110067.65625
109871.625
109268.1015625
108406.796875
107638.828125
106974.421875
107578.1953125
107710.859375
107196.0703125
106454.6171875
106086.578125
105699.8359375
105525.1640625
105460.53125
105427.9765625
105396.8359375
105213.375
105034.4453125
104979.8515625
104975.5078125
104925.046875
104900.6875
104921.2578125
104980.453125
105066.0546875
105166.25
105288.84375
105384.0625
105484.5390625
105602.390625
105714.859375
105833.1328125
105932.9765625
105988.0625
105965.9921875
105886.0546875
105787.03125
105679.25
105557.0625
105425.6875
105281.3203125
105132.265625
105004.7421875
104894.0234375
104792.078125
104682.46875
104569.5390625
104446.640625
104319.28125
104192.9453125
104059.609375
103928.59375
103791.984375
103654.625
103530.8828125
103394.390625
103263.3203125
103128.515625
103000.0078125
102868.0546875
102737.359375
102612.953125
102486.5859375
102366.5625
102235.359375
102105.6484375
101994.765625
101879.109375
101770.859375
101662.0390625
101559.1328125
101455.4140625
101354.03125
101258.0859375
101161.7578125
101070.203125
100977.9921875
100888.0078125
100808.234375
100722.3984375
100641.109375
100558.7578125
100481.640625
100403.515625
100327.109375
100255.3046875
100182.7109375
100114.5390625
100046.28125
