25400.0
25400.0
25400.0
25399.98828125
25070.88671875
24912.142578125
24912.142578125
24912.142578125
24912.142578125
24912.142578125
24950.1640625
24963.12890625
24965.6640625
24967.201171875
24968.609375
24969.880859375
24971.162109375
24973.00390625
24974.427734375
24975.44921875
24976.294921875
24977.173828125
24977.986328125
24978.791015625
24979.544921875
24980.322265625
24981.029296875
24981.71484375
24982.39453125
24983.044921875
24983.6953125
24984.296875
24984.8671875
24985.451171875
24986.03125
24986.576171875
24987.125
24987.666015625
24988.236328125
24988.8359375
24989.490234375
24989.98046875
24990.15625
24990.607421875
24991.458984375
25006.388671875
28019.693359375
35735.04296875
42507.0625
47326.97265625
51227.8828125
54340.03125
57392.8515625
59936.75390625
63228.22265625
68395.3125
72961.0078125
78868.4921875
85013.078125
91565.1015625
99392.453125
106695.5078125
113772.4921875
120902.7421875
128375.28125
136089.90625
143257.140625
149913.21875
155630.484375
161685.125
167738.75
173446.078125
178481.40625
183088.578125
186690.625
190064.515625
193678.703125
197664.03125
194140.421875
189858.5625
185936.859375
181598.109375
177134.515625
172893.96875
169082.40625
165192.25
161055.5625
159654.078125
157434.28125
155024.421875
152656.28125
150940.765625
149743.125
148547.28125
147581.921875
146798.953125
146213.609375
146027.15625
146001.671875
145896.171875
145737.90625
145462.875
145123.890625
144757.296875
144399.5625
144085.34375
143763.90625
143361.484375
142799.171875
142018.609375
141280.171875
140589.296875
139863.34375
139114.375
138225.53125
137288.0625
136426.59375
135455.75
134487.671875
133449.375
132409.640625
131364.765625
130351.7734375
129397.625
128418.4453125
127488.84375
126553.8671875
