25400.0
25400.0
25400.0
24985.759765625
24584.12890625
24552.763671875
24187.8203125
24072.580078125
23939.111328125
23888.25390625
23877.01171875
23876.529296875
23880.068359375
23884.4140625
23890.244140625
23898.453125
23908.189453125
23920.53515625
23936.57421875
23959.5078125
23994.009765625
24042.25390625
24114.365234375
24227.2578125
24450.326171875
24889.10546875
25083.921875
25149.853515625
25171.1484375
25180.82421875
25187.837890625
25194.59375
25200.3515625
25205.908203125
25211.21484375
25216.01171875
25223.4375
25232.80859375
25241.755859375
25251.8671875
25259.0546875
25262.39453125
25332.8828125
25655.619140625
26331.974609375
27998.646484375
31495.8046875
35866.48046875
40570.9921875
45369.921875
49631.74609375
53501.07421875
56704.765625
59764.37109375
62555.03125
66353.671875
71339.5234375
76232.671875
82157.6015625
88416.8046875
95116.546875
101866.046875
110002.1640625
117585.90625
124412.328125
131365.546875
137790.3125
144336.171875
151313.34375
157250.109375
158927.171875
157910.1875
156873.5
155836.484375
154599.078125
153325.96875
151924.515625
150366.046875
148802.34375
147171.0
145702.859375
144714.5625
143509.65625
142205.46875
140927.765625
139742.328125
138501.140625
137370.03125
136533.921875
135635.0
134759.984375
133867.671875
132990.78125
132278.71875
131378.90625
130402.3828125
129449.65625
128349.5078125
127190.6953125
126068.21875
125873.0078125
125727.84375
125265.09375
124582.625
123776.8828125
123207.921875
122606.609375
121987.359375
121625.7890625
121334.0234375
121071.5078125
120859.609375
120637.2734375
120407.6171875
120220.4140625
120066.0
119937.3828125
119845.4140625
119783.984375
119760.234375
119764.703125
119787.875
119826.1953125
119976.0078125
120215.6015625
120405.9921875
120537.59375
120637.8125
