25400.0
25400.0
25400.0
25399.9609375
25016.05859375
24788.8984375
24788.8984375
24788.8984375
24847.41796875
24855.35546875
24857.5234375
24859.2265625
24860.91796875
24862.619140625
24864.1640625
24865.68359375
24867.568359375
24869.458984375
24870.71875
24871.734375
24872.833984375
24873.830078125
24874.806640625
24875.74609375
24876.662109375
24877.55859375
24878.419921875
24879.2578125
24880.056640625
24880.876953125
24881.658203125
24882.36328125
24883.107421875
24883.81640625
24884.59375
24885.263671875
24885.71875
24886.521484375
24889.2421875
24903.69140625
27391.974609375
35089.8828125
42416.13671875
48032.37109375
52957.99609375
57081.6640625
60724.87890625
63928.77734375
67138.5625
69886.40625
72206.703125
74331.4921875
76237.53125
79719.5546875
84364.5625
88579.875
94800.03125
100957.2109375
107503.8828125
114996.6875
122673.078125
129012.5546875
135303.671875
142167.9375
148732.140625
155764.84375
161938.984375
167005.21875
172394.234375
177559.65625
182670.203125
187383.109375
185753.0
181664.703125
177873.328125
174304.5
171195.171875
167966.609375
164958.640625
162339.3125
159496.890625
156812.234375
154133.796875
151621.3125
148756.4375
146478.78125
145610.109375
144061.234375
142338.78125
140608.03125
139346.28125
138453.3125
137599.75
136866.34375
136329.9375
136001.03125
135773.859375
135610.015625
135506.15625
135452.0625
135442.296875
135461.8125
135611.796875
135927.59375
136130.609375
136205.875
136163.09375
136008.578125
135780.3125
135458.5
135161.328125
134886.34375
134596.09375
134248.5
133810.90625
133244.625
132638.859375
132081.09375
131520.359375
130976.09375
130395.15625
129749.171875
129074.0390625
128362.7734375
127663.484375
126935.3515625
