25400.0
25400.0
24584.380859375
24831.65625
24136.275390625
23083.2109375
22789.591796875
22823.140625
23033.044921875
23586.37109375
24304.697265625
24561.169921875
24646.8515625
24687.79296875
24715.462890625
24742.064453125
24771.353515625
24806.09765625
24849.615234375
24890.95703125
24928.703125
24961.07421875
25007.26171875
25038.86328125
25061.06640625
25079.51171875
25093.333984375
25106.7421875
25135.0703125
25157.431640625
25176.6171875
25192.58203125
25204.734375
25214.6484375
25234.908203125
25299.8984375
25480.13671875
25914.58984375
27197.1875
30105.771484375
34199.921875
38777.484375
44517.78515625
50146.22265625
55989.2890625
63048.4921875
70632.453125
78315.40625
85681.7890625
92497.40625
95864.3984375
98969.2578125
101686.9140625
103864.8359375
106009.453125
107808.140625
109319.78125
110499.796875
111716.2265625
112695.140625
113464.296875
114129.265625
114644.9765625
115039.71875
115334.1875
115575.03125
115749.734375
115903.0
115958.5234375
116148.5703125
116582.34375
116897.7890625
117132.8046875
117308.3984375
117423.4375
117494.8046875
117525.3203125
117525.984375
117491.6328125
117343.421875
117167.4453125
117007.5234375
116955.5234375
116962.375
116901.84375
116786.3359375
116647.0234375
116483.625
116305.3671875
116136.15625
115940.109375
115746.0703125
115535.625
115323.359375
115110.3125
114905.3203125
114712.3359375
114536.4921875
114385.03125
114219.0
114048.1484375
113890.59375
113709.4296875
113528.109375
113334.828125
113141.7421875
112936.703125
112726.3515625
112518.5078125
112299.8515625
112107.75
111924.5859375
111743.8125
111581.3046875
111488.7265625
111528.1328125
111490.8203125
111379.75
111222.3828125
111019.2734375
110791.0859375
110537.8359375
110304.6484375
110044.078125
