25400.0
25400.0
24615.015625
24807.111328125
23836.26953125
22910.98046875
22757.755859375
22964.72265625
23642.943359375
24373.669921875
24617.439453125
24686.28515625
24724.408203125
24758.5546875
24787.81640625
24813.169921875
24838.6953125
24870.119140625
24906.01171875
24957.875
25002.37109375
25034.81640625
25060.169921875
25081.98828125
25098.6015625
25112.9609375
25124.443359375
25149.408203125
25251.640625
25508.56640625
26210.767578125
28509.90625
33026.33984375
38307.515625
44318.84765625
49864.37890625
54785.296875
59151.7265625
63775.34765625
69221.75
75177.59375
81387.3359375
89334.9921875
93582.4609375
96833.4453125
100240.2421875
103181.7265625
105545.1796875
107459.4453125
109209.7109375
110557.59375
111469.3984375
112359.921875
113148.6953125
113802.8828125
114311.34375
114695.09375
114936.6796875
115063.171875
115102.75
115143.84375
115134.3984375
115615.5703125
116009.8046875
116285.625
116460.6953125
116585.984375
116648.828125
116660.515625
116631.828125
116571.7734375
116473.3515625
116231.5859375
116019.828125
115828.7734375
115662.71875
115655.3984375
115583.2734375
115446.0
115280.3671875
115087.953125
114887.390625
114670.7578125
114449.3046875
114237.53125
113998.59375
113781.671875
113572.6171875
113373.1796875
113206.140625
113045.7578125
112889.2265625
112719.9296875
112548.453125
112361.5546875
112166.7421875
111971.609375
111764.1796875
111559.109375
111359.890625
111191.8828125
111038.3984375
110858.53125
110667.9296875
110469.1953125
110276.8125
110304.09375
110284.78125
110188.2421875
110029.953125
109847.28125
109616.65625
109363.6484375
109137.1796875
108886.984375
108630.0234375
108356.46875
108102.4453125
107911.8515625
107754.8984375
107673.8203125
107556.7265625
107438.0546875
107325.9140625
