25400.0
25400.0
25400.0
25399.775390625
25399.486328125
25398.634765625
25397.830078125
25397.234375
25396.794921875
25396.49609375
25396.287109375
25396.1484375
25396.05859375
25395.998046875
25395.94921875
25395.82421875
25395.65234375
32589.1953125
52283.78125
70687.6015625
86964.21875
100683.1171875
112462.3828125
122401.4140625
129673.0859375
135511.046875
139898.171875
143107.453125
145309.328125
146784.46875
147965.609375
152272.109375
153912.046875
151676.453125
150042.421875
144368.84375
140678.1875
138137.453125
136855.453125
137161.046875
137233.546875
137443.828125
137426.1875
136976.703125
136105.296875
134954.53125
133571.40625
131994.78125
130449.1640625
128868.046875
127481.1328125
126137.2421875
124861.796875
123735.859375
122541.203125
121447.6875
120376.390625
119389.5390625
118417.8828125
117494.625
116641.7734375
115792.4140625
115013.7421875
114258.78125
113541.1328125
112922.53125
112268.0078125
111660.5546875
111062.203125
110510.71875
109968.7109375
109450.515625
108970.0
108495.796875
108059.6015625
107627.59375
107214.34375
106855.9609375
106478.078125
106126.140625
105771.796875
105445.0234375
105122.3125
104812.4140625
104525.09375
104239.8984375
103976.0234375
103713.4140625
103465.65625
103249.1640625
103020.453125
102807.859375
102598.625
102403.984375
102215.3203125
102036.6171875
101871.1328125
101708.9375
101560.015625
101416.1640625
101281.4296875
101166.1484375
101045.5078125
100935.1796875
100826.375
100728.8359375
100646.0078125
100573.9453125
100510.03125
100449.3359375
100395.859375
100346.453125
100303.421875
100271.6328125
100242.4453125
100221.7421875
100213.8828125
100213.4765625
100219.8671875
100231.59375
100253.8203125
100287.640625
100326.078125
100375.3828125
