25400.0
25400.0
25089.26171875
24492.048828125
24198.884765625
23855.005859375
23518.744140625
23323.025390625
23228.546875
23220.22265625
23230.6875
23252.892578125
23290.73828125
23356.81640625
23459.791015625
23634.916015625
24013.310546875
24536.994140625
24782.623046875
24882.037109375
24923.412109375
24951.87109375
24976.90234375
25001.89453125
25024.255859375
25044.525390625
25070.169921875
25104.310546875
25127.1875
25142.69140625
25154.423828125
25165.015625
25174.01953125
25182.0234375
25188.640625
25196.17578125
25203.015625
25208.505859375
25213.080078125
25217.11328125
25221.873046875
25226.01953125
25228.833984375
25231.373046875
25233.9765625
25236.4296875
25238.357421875
25239.650390625
25241.39453125
25243.767578125
25244.2890625
25243.8515625
25243.376953125
25239.40234375
25231.703125
25303.96875
25475.41015625
25806.244140625
26764.767578125
28712.78125
32271.98046875
36557.92578125
41525.60546875
46588.8125
52370.390625
58581.73046875
64884.08984375
71054.6484375
77353.25
84399.78125
90885.1328125
97173.9921875
103298.3828125
109658.5859375
116528.8203125
122774.2890625
129105.421875
130395.0625
131314.4375
132158.234375
132785.0625
133383.4375
133839.0625
134108.25
134267.109375
134349.40625
134255.84375
134026.375
133682.890625
133258.78125
132821.59375
132299.171875
131765.9375
131201.25
130678.140625
130479.7890625
130097.8046875
129724.5625
129373.421875
129130.515625
129004.2109375
128781.2421875
128505.796875
128132.78125
127755.7109375
127356.828125
126973.546875
126586.09375
126205.625
125840.6484375
125471.3984375
125120.5390625
124763.90625
124420.671875
124114.2109375
123774.453125
123442.6328125
123099.140625
122786.3125
122421.2578125
121994.484375
121593.8125
121766.4765625
121784.296875
121581.2890625
