25400.0
25400.0
24589.12890625
24811.146484375
24016.74609375
23005.734375
22756.640625
22838.591796875
23143.08203125
23944.28125
24427.974609375
24586.71484375
24641.228515625
24673.279296875
24703.759765625
24749.099609375
24798.626953125
24842.435546875
24886.984375
24924.00390625
24957.34375
24999.427734375
25038.484375
25080.3515625
25113.453125
25139.373046875
25161.51953125
25179.42578125
25194.39453125
25206.017578125
25217.48046875
25225.599609375
25244.14453125
25303.466796875
25503.30859375
25980.208984375
27462.13671875
30770.3828125
34939.8515625
40498.24609375
46527.8828125
51950.56640625
58511.9765625
66506.5390625
74417.734375
82035.359375
90058.78125
95039.640625
98295.5546875
101246.4453125
103731.34375
106019.1796875
107984.609375
109354.515625
110762.5546875
111970.53125
112951.1328125
113736.1171875
114392.171875
114885.9375
115252.953125
115573.671875
115786.625
115967.828125
116035.5
116117.9921875
116581.8359375
116908.15625
117158.2421875
117330.75
117448.515625
117511.0234375
117534.7890625
117511.84375
117340.4765625
117183.8046875
117044.4453125
117109.828125
117092.921875
117007.40625
116874.2890625
116719.4140625
116539.4765625
116344.6328125
116144.5234375
115930.03125
115705.125
115468.1328125
115244.859375
115050.578125
114847.5390625
114690.125
114518.4296875
114344.2734375
114157.5625
113962.609375
113764.46875
113551.921875
113339.5703125
113113.7265625
112881.9140625
112668.6875
112458.5625
112273.59375
112069.1953125
111872.3203125
111663.34375
111650.9296875
111646.9375
111554.125
111407.015625
111196.015625
110943.671875
110695.1171875
110432.1640625
110151.421875
109844.125
109551.375
109310.6875
109123.6953125
108955.9921875
108731.6171875
108496.125
108319.7734375
