25400.0
25400.0
25400.0
25400.0
25400.0
25400.0
25400.0
25400.0
25400.0
25400.0
25400.0
25400.0
25400.0
25400.0
25400.0
25400.0
25400.0
25400.0
25400.0
25400.0
25909.37890625
44040.40234375
63661.48046875
80770.5234375
93496.0
106277.375
116693.296875
125698.109375
133104.875
133078.453125
132683.515625
131659.09375
130353.5234375
128914.390625
127315.15625
125689.4140625
124166.7734375
122658.5546875
121364.125
120062.1875
118799.90625
117721.15625
116612.078125
115615.21875
114660.71875
113795.1015625
113021.5546875
112274.1953125
111569.6171875
110951.390625
110567.359375
110280.15625
109861.53125
109365.9921875
108805.6640625
108248.09375
107733.421875
107234.796875
106795.1484375
106262.34375
105729.09375
105228.3125
104796.734375
104393.8125
104354.8671875
104221.265625
104266.921875
104163.125
103959.640625
103722.4296875
103451.8203125
103242.296875
103068.0078125
102897.9921875
102778.8984375
102647.46875
102550.59375
102479.3125
102429.8203125
102397.640625
102406.0078125
102445.828125
102494.6640625
102551.109375
102614.7109375
102676.8984375
102737.0703125
102799.8125
102859.5625
102909.8828125
102958.8125
102999.578125
103034.28125
103059.8125
103074.5078125
103075.59375
103063.109375
103037.765625
103002.5078125
102957.0703125
102904.46875
102852.4140625
102789.1484375
102727.0234375
102665.609375
102617.3125
102589.7109375
102808.4140625
103104.0390625
103412.28125
103703.5859375
104006.90625
104335.15625
104646.34375
105008.9375
105377.5078125
105765.15625
106133.0078125
106499.609375
106876.34375
107275.8984375
107656.8203125
107983.921875
108282.2578125
