25400.0
25400.0
25268.55078125
24533.4296875
24340.052734375
24113.21875
23847.822265625
23714.466796875
23669.95703125
23663.80859375
23665.353515625
23670.7265625
23678.37109375
23687.845703125
23700.314453125
23716.52734375
23739.7578125
23774.80078125
23820.759765625
23888.341796875
23992.4453125
24166.791015625
24540.263671875
24882.74609375
25056.0
25128.0
25161.740234375
25180.35546875
25194.814453125
25206.8046875
25213.322265625
25222.09765625
25231.4609375
25240.501953125
25248.275390625
25256.796875
25264.572265625
25270.830078125
25276.04296875
25281.037109375
25286.845703125
25291.2265625
25294.462890625
25297.59375
25300.646484375
25303.404296875
25305.8515625
25307.615234375
25309.59765625
25311.95703125
25312.9765625
25313.28125
25313.115234375
25310.1875
25303.298828125
25335.95703125
25478.056640625
25767.630859375
26518.69921875
27866.998046875
30452.388671875
34370.87109375
39486.2109375
44485.578125
49978.5546875
56308.55859375
62256.2578125
68837.015625
74769.96875
81942.40625
88585.7734375
94932.6953125
101057.9921875
107294.3046875
114055.921875
119928.34375
126630.7734375
133056.53125
138455.109375
144040.484375
149362.28125
150762.25
150680.296875
150566.734375
150358.59375
149922.484375
149252.828125
148452.5
147513.6875
146500.640625
145547.609375
144477.28125
143434.0625
142255.890625
141262.28125
140550.796875
139974.671875
139522.734375
138904.515625
138206.84375
137452.421875
136686.71875
136006.875
135280.171875
134597.234375
133913.0625
133268.46875
132616.875
131964.015625
131501.1875
130765.6015625
130064.328125
129149.578125
128188.609375
127349.5703125
126780.734375
126930.4140625
126803.2265625
126370.328125
125767.3671875
125034.203125
124399.6484375
123855.1328125
123346.1953125
122888.2578125
