25400.0
25400.0
24567.650390625
24892.19140625
24204.306640625
23327.703125
23111.669921875
23116.697265625
23203.646484375
23410.884765625
23991.4921875
24671.5859375
24918.880859375
24996.84375
25026.5859375
25048.65625
25068.728515625
25087.56640625
25105.8984375
25130.392578125
25164.328125
25182.8828125
25194.763671875
25204.52734375
25213.0234375
25224.501953125
25235.48828125
25247.056640625
25257.54296875
25264.86328125
25272.76953125
25274.0546875
25358.47265625
25742.15625
26756.71484375
29510.734375
34231.1484375
39494.21875
45192.828125
50375.45703125
55053.87109375
58725.08984375
62613.77734375
65660.296875
70806.484375
76691.140625
83266.4375
90817.7734375
98346.7890625
105492.4921875
108391.4609375
111241.84375
113503.75
115162.8671875
116734.7421875
118013.75
119024.2421875
119504.2265625
119953.03125
120427.2890625
120715.2265625
120909.7890625
120999.6484375
120982.0703125
120864.390625
120684.5390625
120412.8828125
120118.2890625
120007.5546875
120216.1171875
120374.046875
120424.7109375
120406.6640625
120341.7734375
120235.46875
120083.765625
119895.515625
119698.5078125
119456.5078125
119214.625
118949.828125
118570.7109375
118210.9375
117881.9609375
117576.3359375
117269.1328125
117104.6015625
116944.0078125
116741.578125
116533.9765625
116282.59375
116048.3125
115813.046875
115589.9609375
115362.53125
115137.5390625
114922.7890625
114700.390625
114483.4609375
114257.25
114026.28125
113820.7578125
113624.6953125
113448.0
113265.84375
113087.09375
112896.9140625
112751.9609375
112501.7421875
112207.8515625
111913.3828125
111606.8515625
111301.2578125
111027.7109375
110955.359375
111137.2578125
111175.34375
111223.9765625
111095.2578125
110867.25
110592.828125
110289.75
110037.2890625
109834.6171875
