25400.0
25400.0
25400.0
25193.76953125
25193.763671875
25193.763671875
25193.763671875
25193.763671875
25193.763671875
25193.763671875
25193.763671875
25193.763671875
25193.763671875
25193.763671875
25193.763671875
25193.763671875
39784.46875
57577.375
77284.8125
93775.5625
108835.0625
120596.0859375
130103.5234375
137550.515625
142844.6875
146622.8125
149251.765625
151525.09375
151727.65625
145186.265625
139586.765625
134358.109375
131642.34375
128963.3984375
126298.4609375
124688.65625
124012.484375
124380.234375
125058.2890625
125802.734375
126454.3125
126849.859375
127485.203125
128049.8515625
128358.6015625
128222.3984375
127599.046875
126709.9375
125754.4453125
124759.8828125
123784.78125
122778.765625
121791.578125
120926.2734375
119982.7421875
119074.71875
118203.4296875
117410.4453125
116656.0625
115927.796875
115236.4609375
114551.5703125
113916.640625
113286.421875
112680.9921875
112152.9609375
111590.3671875
111067.15625
110548.1484375
110062.6484375
109578.859375
109115.4453125
108683.671875
108255.453125
107857.046875
107462.6875
107084.7421875
106754.2109375
106402.4765625
106074.5625
105750.609375
105449.9140625
105153.2421875
104868.953125
104602.3203125
104335.703125
104087.875
103842.75
103609.1953125
103406.7734375
103192.546875
102993.4609375
102796.71875
102614.3515625
102433.8046875
102260.96875
102100.203125
101942.953125
101795.2109375
101652.515625
101516.5703125
101398.140625
101271.2578125
101153.234375
101036.3984375
100928.0078125
100822.21875
100723.125
100632.296875
100542.953125
100460.0859375
100378.0703125
100299.9921875
100233.203125
100164.0546875
100101.3671875
100040.1796875
99982.3828125
99918.71875
99859.2734375
99806.1328125
99755.34375
99710.5703125
99669.078125
