25400.0
25400.0
25275.4140625
24532.12109375
24333.703125
24100.5234375
23818.267578125
23663.0859375
23597.00390625
23587.564453125
23589.62890625
23595.865234375
23604.84375
23616.466796875
23633.201171875
23655.93359375
23691.728515625
23745.7265625
23812.53125
23934.0234375
24122.41796875
24566.265625
24880.75390625
25029.001953125
25103.48828125
25147.83203125
25174.36328125
25191.44140625
25205.16796875
25216.96484375
25226.6484375
25234.892578125
25240.869140625
25247.443359375
25254.228515625
25261.396484375
25268.390625
25274.763671875
25279.42578125
25283.681640625
25288.8125
25293.501953125
25296.73046875
25298.896484375
25302.0703125
25304.810546875
25306.794921875
25309.181640625
25310.08203125
25312.1796875
25313.990234375
25314.05859375
25314.236328125
25313.19140625
25308.861328125
25302.50390625
25329.345703125
25470.921875
25730.861328125
26463.341796875
27763.615234375
30734.435546875
35212.38671875
40279.6484375
46012.6171875
52098.24609375
57955.36328125
64912.11328125
71514.2421875
78903.90625
85555.25
92004.828125
98228.1328125
104627.453125
111453.8359375
117387.6875
124303.640625
130769.6015625
136179.0
141835.03125
147359.703125
147629.796875
147765.734375
147859.28125
147766.015625
147429.328125
146866.625
146172.203125
145342.96875
144434.96875
143582.40625
142618.71875
141666.171875
140564.15625
139595.65625
139002.1875
138646.546875
138234.953125
137636.375
137001.5
136313.15625
135617.4375
135002.671875
134341.015625
133715.015625
133089.15625
132494.625
131895.8125
131265.28125
130876.0
130262.4765625
129454.96875
128553.9453125
127617.1484375
126831.5078125
126648.1640625
126741.6015625
126509.828125
126039.7109375
125389.890625
124639.09375
124080.546875
123574.1171875
123076.640625
122708.265625
