25400.0
25400.0
24591.064453125
24923.9609375
24100.947265625
23049.736328125
22783.96484375
22859.453125
23166.927734375
24018.322265625
24540.548828125
24706.12109375
24756.1953125
24782.298828125
24804.7578125
24827.474609375
24849.162109375
24875.169921875
24898.255859375
24916.283203125
24931.521484375
24965.646484375
24985.779296875
25002.224609375
25023.291015625
25047.423828125
25069.73828125
25090.546875
25108.0546875
25131.376953125
25213.482421875
25452.17578125
26047.060546875
27695.681640625
31542.716796875
36800.5
42116.234375
48147.953125
53177.24609375
57659.3515625
61882.56640625
65160.33203125
68592.3359375
71909.6953125
75994.0703125
80930.6328125
86342.78125
91194.046875
94278.09375
97177.9375
99665.859375
102239.265625
104575.1484375
106293.71875
107858.5546875
109135.7890625
110387.21875
111412.9609375
112116.875
112602.03125
113023.59375
113549.046875
113933.3515625
114251.4609375
114488.578125
114632.421875
114709.4765625
114715.484375
114660.7578125
114562.375
114912.65625
115221.1015625
115486.203125
115771.8828125
115950.6484375
116058.203125
116122.3515625
116147.7890625
116141.0
116103.28125
116033.4140625
115941.6875
115833.6796875
115706.9921875
115540.21875
115283.6953125
115062.828125
114856.3515625
114659.59375
114482.375
114406.875
114339.0078125
114226.09375
114089.9296875
113931.84375
113762.8671875
113595.40625
113422.3046875
113259.5703125
113087.640625
112905.9609375
112748.3359375
112577.296875
112418.140625
112257.8203125
112097.125
111954.7421875
111828.40625
111708.3125
111580.578125
111451.5234375
111311.90625
111167.4140625
111032.6796875
110878.8671875
110725.8046875
110563.9609375
110404.3828125
110247.6640625
110110.015625
109986.1015625
109847.1484375
109708.75
109565.046875
