25400.0
25400.0
25158.615234375
24503.326171875
24212.9296875
23948.109375
23632.021484375
23450.39453125
23365.486328125
23356.560546875
23363.17578125
23377.005859375
23399.41015625
23433.6484375
23496.490234375
23582.439453125
23738.193359375
24007.34765625
24540.94921875
24847.453125
24970.943359375
25024.484375
25053.783203125
25070.94921875
25088.85546875
25109.94921875
25149.728515625
25175.900390625
25193.609375
25207.34375
25218.13671875
25228.3125
25237.828125
25246.005859375
25252.873046875
25260.263671875
25267.109375
25273.16796875
25277.75390625
25281.74609375
25286.8359375
25291.107421875
25294.150390625
25296.740234375
25299.17578125
25301.87890625
25303.806640625
25305.82421875
25307.23046875
25309.38671875
25310.458984375
25310.365234375
25309.509765625
25307.85546875
25301.29296875
25309.9609375
25416.16015625
25645.263671875
26181.474609375
27298.61328125
29584.767578125
33292.84765625
38344.56640625
43461.7890625
49137.73828125
55399.01953125
61375.87890625
68055.9765625
74339.0546875
81445.6015625
88019.9609375
94388.6328125
100525.6328125
106827.4453125
113709.328125
119760.0078125
126349.3125
132667.28125
137232.96875
137694.453125
138240.0625
138843.46875
139240.390625
139398.359375
139553.6875
139491.546875
139224.09375
138824.0625
138302.03125
137697.953125
137103.171875
136411.4375
135724.5625
135001.09375
134264.4375
133773.203125
133320.9375
132929.71875
132762.828125
132489.484375
132086.09375
131613.171875
131163.46875
130655.7109375
130168.875
129678.875
129214.40625
128746.0703125
128289.6640625
127852.765625
127418.1484375
127006.4453125
126579.5390625
126148.59375
125765.1796875
125360.53125
124921.1953125
124250.9375
123578.296875
122881.984375
122849.0
122945.40625
122778.234375
122402.234375
121923.6796875
