25400.0
25400.0
25113.255859375
24486.2265625
24206.818359375
23887.60546875
23592.255859375
23437.279296875
23376.677734375
23372.826171875
23381.42578125
23397.498046875
23423.20703125
23464.216796875
23535.869140625
23641.94921875
23842.259765625
24238.271484375
24677.546875
24909.673828125
25002.45703125
25047.33984375
25075.287109375
25098.244140625
25120.666015625
25155.830078125
25180.09375
25195.52734375
25209.1484375
25221.357421875
25231.2578125
25241.02734375
25249.087890625
25256.349609375
25264.052734375
25270.943359375
25276.779296875
25281.095703125
25286.03125
25290.580078125
25294.837890625
25297.8359375
25299.94921875
25302.62890625
25305.1875
25307.48828125
25308.1953125
25310.365234375
25312.236328125
25312.056640625
25311.126953125
25310.12109375
25302.94140625
25324.47265625
25439.66796875
25706.212890625
26395.033203125
27690.935546875
30423.34375
34664.0625
39931.44921875
45244.03125
51202.23828125
57517.59765625
64504.921875
71106.921875
77728.6640625
84852.5859375
91343.28125
97729.4609375
104085.890625
111166.015625
117540.3984375
124260.4921875
130902.8671875
136851.34375
139651.5625
140147.671875
140660.125
141002.125
141217.84375
141273.234375
141092.796875
140699.734375
140159.234375
139535.671875
138815.453125
138084.890625
137304.90625
136464.671875
135641.359375
134869.078125
134497.890625
134338.53125
134046.921875
133618.625
133086.421875
132542.0
131961.765625
131400.734375
130838.7265625
130301.8828125
129829.09375
129331.96875
128862.046875
128382.8203125
127909.6484375
127420.2265625
126934.9375
126529.3359375
125964.59375
125239.328125
124458.1328125
123678.9296875
123831.8359375
123860.03125
123582.0234375
123123.078125
122570.1328125
121930.0546875
121476.703125
121081.640625
120613.6171875
120193.2734375
119914.1796875
