25400.0
25400.0
25229.775390625
24522.830078125
24289.7265625
24046.1796875
23755.4375
23594.279296875
23524.005859375
23515.056640625
23518.486328125
23526.6328125
23538.17578125
23554.09375
23577.740234375
23612.728515625
23668.658203125
23747.6171875
23865.9921875
24069.064453125
24473.59375
24824.841796875
24988.705078125
25060.591796875
25097.572265625
25139.736328125
25168.009765625
25187.15625
25201.923828125
25214.00390625
25224.025390625
25234.5078125
25243.9921875
25252.75390625
25259.763671875
25266.58984375
25273.705078125
25279.93359375
25284.951171875
25287.78515625
25289.869140625
25293.078125
25296.630859375
25298.876953125
25301.068359375
25304.138671875
25306.43359375
25308.7734375
25309.962890625
25311.15625
25313.66796875
25314.3203125
25314.724609375
25313.552734375
25311.509765625
25304.80859375
25308.103515625
25419.015625
25633.349609375
26181.41796875
27275.45703125
29295.517578125
32884.234375
37715.36328125
42868.9609375
48392.8359375
53912.30078125
60091.74609375
66602.625
73074.2734375
79782.4921875
86370.1015625
92583.2578125
98432.7421875
104957.234375
110814.96875
117197.578125
123986.109375
129642.4296875
135368.125
140780.6875
146449.546875
148841.828125
148844.703125
148957.953125
148815.203125
148411.796875
147831.921875
147086.34375
146235.75
145412.84375
144464.46875
143435.015625
142354.984375
141329.453125
140504.0
140073.6875
139630.53125
139019.796875
138341.796875
137604.953125
136857.203125
136190.65625
135489.8125
134845.375
134206.921875
133603.109375
132981.515625
132353.015625
131712.203125
131235.96875
130561.2578125
129655.515625
128720.8984375
127883.3984375
127251.6796875
127367.9609375
127220.2734375
126796.8828125
126214.9296875
125499.90625
124909.5859375
124400.7109375
123862.75
123319.9609375
