25400.0
25400.0
25328.734375
24544.4921875
24380.8671875
24147.53515625
23849.642578125
23672.396484375
23584.982421875
23571.73046875
23572.552734375
23577.990234375
23586.162109375
23596.634765625
23611.443359375
23631.158203125
23660.888671875
23708.408203125
23761.931640625
23854.6484375
24004.794921875
24258.755859375
24701.91796875
24946.8046875
25051.85546875
25109.3515625
25149.103515625
25172.9140625
25189.90625
25203.55078125
25213.29296875
25223.900390625
25233.787109375
25243.025390625
25251.064453125
25258.99609375
25265.140625
25269.578125
25273.43359375
25277.517578125
25281.265625
25285.302734375
25290.044921875
25294.29296875
25297.55078125
25299.609375
25301.923828125
25305.31640625
25306.80859375
25309.37890625
25310.119140625
25311.677734375
25314.005859375
25314.623046875
25314.474609375
25313.625
25312.4140625
25306.158203125
25299.185546875
25361.169921875
25527.8828125
25812.875
26639.87109375
27965.37109375
31067.826171875
35362.6484375
39885.20703125
45276.83203125
50766.58203125
56907.09375
63217.95703125
69582.140625
76717.953125
83112.3984375
89323.1875
95079.2109375
101083.2421875
107615.140625
112883.125
119201.765625
125523.8515625
131510.3125
136876.59375
142235.3125
147762.53125
149144.0
149143.015625
149255.359375
149121.234375
148742.796875
148234.71875
147523.90625
146733.953125
145843.765625
144946.84375
143995.390625
142963.09375
141927.84375
140877.734375
140225.53125
139935.609375
139483.515625
138938.703125
138272.671875
137593.96875
136878.859375
136194.40625
135511.265625
134856.34375
134240.75
133631.703125
133058.375
132472.984375
131913.921875
131437.421875
130780.859375
129931.75
128993.3984375
128134.4296875
127273.5859375
127482.890625
127478.5703125
127110.859375
126579.9296875
125884.8515625
