25400.0
25400.0
24634.796875
25004.126953125
24587.703125
23996.626953125
22410.01171875
21954.056640625
21760.0390625
21936.181640625
22684.912109375
23545.8203125
24230.263671875
24479.10546875
24568.359375
24635.990234375
24702.033203125
24759.45703125
24812.05078125
24859.681640625
24899.306640625
24938.0234375
24969.912109375
25002.607421875
25033.57421875
25070.978515625
25111.794921875
25139.501953125
25161.119140625
25177.783203125
25191.642578125
25203.380859375
25206.125
25216.205078125
25261.82421875
25444.734375
25895.6875
27273.994140625
30403.47265625
34843.0625
39862.8671875
45431.65234375
50488.20703125
55096.13671875
58812.83984375
62984.09765625
67338.9375
72449.5
75396.59375
78782.4609375
82164.28125
85189.1875
87973.5703125
90440.53125
93201.09375
95591.8125
97425.8828125
99182.703125
100698.9765625
102198.1015625
103482.6171875
104615.6015625
105450.9296875
106163.25
106999.4765625
107669.6875
108284.8203125
108813.9140625
109217.6328125
109577.9375
109848.3046875
110054.734375
110195.625
110554.1953125
111123.4296875
111606.8828125
112119.0859375
112522.640625
112860.328125
113138.125
113344.625
113526.140625
113662.2109375
113758.8671875
113815.3203125
113855.7734375
113875.1640625
113872.3984375
113846.375
113812.0625
113692.5234375
113529.0625
113394.75
113256.09375
113197.8671875
113209.7578125
113178.796875
113107.75
113013.90625
112906.8671875
112781.671875
112649.15625
112505.7109375
112358.5
112222.140625
112066.390625
111913.390625
111751.4453125
111593.7265625
111436.6015625
111294.7578125
111180.3828125
111072.5546875
110968.34375
110859.6328125
110735.8359375
110622.4609375
110497.9921875
110376.9140625
110249.7890625
110124.65625
109991.75
109856.4453125
109723.015625
109582.7421875
109452.0625
109333.3671875
