25400.0
25400.0
25341.3203125
24681.255859375
24657.869140625
24391.369140625
23931.0625
23718.126953125
23653.5390625
23648.365234375
23654.853515625
23668.271484375
23688.21875
23719.046875
23767.873046875
23862.3828125
23998.556640625
24429.767578125
24877.669921875
25055.8671875
25135.27734375
25162.83203125
25175.9921875
25185.150390625
25192.787109375
25200.30078125
25206.49609375
25211.73046875
25216.02734375
25218.53125
25215.845703125
25465.828125
26306.599609375
28469.849609375
33518.83984375
39973.0625
46607.55078125
53883.80078125
60142.17578125
66270.0859375
70891.6640625
74991.8125
78782.40625
81973.1015625
84934.3359375
87431.125
89761.1796875
92090.328125
94541.6953125
96683.34375
98185.765625
100710.6171875
105344.40625
110225.0859375
116754.640625
119077.5390625
120484.046875
121629.7109375
122625.8125
123388.03125
123772.1875
123952.8046875
124003.53125
123992.3046875
123819.203125
123534.578125
123199.1328125
122845.8125
122397.8515625
121907.0859375
121381.59375
120930.0546875
120508.15625
120060.921875
120024.921875
119949.9140625
119826.1328125
119660.7265625
119461.5234375
119261.2890625
119019.0625
118771.9375
118514.6171875
118261.359375
117990.765625
117714.6328125
117512.4296875
117288.515625
117069.609375
116841.953125
116610.9765625
116407.59375
116184.6875
115920.6015625
115617.5625
115354.21875
115102.9765625
114866.3671875
114644.6015625
114418.4765625
114205.0234375
113990.25
113778.3046875
113673.7890625
113426.9375
113120.6328125
112829.6953125
112528.1875
112204.3046875
111942.8984375
112185.7421875
112312.640625
112263.5
112115.875
111895.546875
111655.40625
111365.9453125
111145.0234375
110974.2265625
110818.328125
110650.4921875
110482.46875
110414.3046875
110400.2109375
110387.4375
110370.3515625
