25400.0
25400.0
25400.0
25400.0
25400.0
25400.0
25400.0
25400.0
25400.0
25400.0
25400.0
25400.0
25400.0
25400.0
25400.0
30312.466796875
50104.37890625
67823.1484375
84809.765625
98573.25
110027.75
118722.09375
125393.4296875
130231.3359375
134117.75
137198.015625
139388.046875
141113.8125
142494.875
144688.296875
147779.125
146368.796875
151281.828125
158662.9375
159707.390625
154714.015625
151142.0
147780.078125
144660.46875
141656.328125
138727.5625
136237.34375
133640.28125
131340.359375
129139.796875
127164.4765625
125283.2890625
123557.265625
122009.1875
120514.1953125
119162.4296875
117859.4375
116645.15625
115594.0625
114545.2265625
113597.2734375
112676.8671875
111838.203125
111025.0703125
110264.5859375
109574.375
108902.71875
108295.6328125
107716.3515625
107183.8125
106742.1875
106297.7109375
105921.203125
105592.6875
105326.4921875
105101.5078125
104939.9921875
104875.6796875
104997.0703125
105160.234375
105333.671875
105558.953125
105730.71875
105997.671875
106347.625
106718.921875
108031.046875
109184.8515625
110378.71875
111358.890625
112108.4375
112631.1953125
113009.4765625
113325.90625
113566.65625
113667.453125
113654.34375
113559.390625
113560.390625
113778.375
113951.6171875
114016.7890625
113985.4609375
113896.9609375
113758.953125
113593.1328125
113426.359375
113220.9453125
112990.328125
112718.609375
112429.4375
112114.78125
111789.4375
111466.4140625
111124.0703125
110788.7890625
110443.203125
110101.109375
109758.5703125
109409.46875
109116.21875
108831.1171875
108566.171875
108299.921875
108037.8828125
107788.734375
107533.75
107294.7890625
107057.828125
