25400.0
25400.0
25400.0
25400.0
25400.0
25400.0
25400.0
25400.0
25400.0
25400.0
25400.0
25400.0
25400.0
25400.0
25400.0
29509.935546875
48930.95703125
66660.9140625
83797.78125
97665.5078125
109222.2734375
118006.984375
124761.1796875
129664.4296875
133608.203125
136755.25
139003.796875
140779.609375
142196.34375
143459.8125
147044.921875
147637.203125
148822.09375
154600.703125
162997.03125
163849.578125
158961.21875
154692.484375
150885.390625
147285.75
143806.65625
140853.109375
137847.265625
135153.578125
132599.25
130350.03125
128208.4375
126216.6796875
124427.5390625
122704.9140625
121176.9375
119707.21875
118334.1171875
117165.828125
115955.578125
114859.2421875
113790.6015625
112822.5546875
111886.5546875
111013.6171875
110231.1328125
109487.578125
108825.546875
108206.421875
107642.2421875
107185.765625
106737.5859375
106360.78125
106043.7890625
105906.5546875
105861.1328125
105886.4140625
105942.2265625
106019.7421875
106097.484375
106219.3828125
106523.921875
106799.90625
107729.234375
108922.78125
110153.5078125
111238.6640625
112103.6171875
112740.0390625
113185.3203125
113527.1875
113835.390625
113962.8046875
113955.4296875
113872.2109375
113778.75
113876.828125
114073.9375
114137.1328125
114092.5390625
113980.8828125
113816.3828125
113609.421875
113382.921875
113128.03125
112852.265625
112585.8515625
112271.265625
111955.6015625
111621.0234375
111292.8828125
110950.9609375
110607.7421875
110274.4296875
109924.3984375
109538.2890625
109217.0078125
108919.0703125
108659.421875
108388.03125
108129.65625
107864.4375
107610.6171875
107350.9375
107101.3203125
106866.1640625
106616.609375
106388.25
106164.8828125
