25400.0
25400.0
25400.0
25400.0
25400.0
25400.0
25400.0
25400.0
25400.0
25400.0
25400.0
25400.0
25400.0
25400.0
25400.0
25682.4453125
42666.7734375
60026.3671875
77514.421875
91830.6484375
103956.46875
113232.3359375
120478.1875
125808.984375
130153.65625
133566.921875
136088.28125
138119.53125
139782.0625
141071.765625
142100.609375
145741.28125
145873.8125
147080.203125
151956.3125
158704.359375
162171.3125
156709.40625
152524.296875
148534.390625
144691.78125
141584.8125
138461.6875
135809.578125
133230.875
130933.2890625
128760.90625
126779.34375
124988.125
123268.1484375
121724.4296875
120236.40625
118884.1953125
117731.3515625
116540.015625
115457.5
114412.2578125
113466.578125
112555.828125
111710.359375
110951.09375
110224.3203125
109577.875
108976.8984375
108456.65625
108049.453125
107671.4375
107384.328125
107242.4453125
107292.125
107390.875
107534.4453125
107722.5625
107925.5859375
108259.5625
108718.875
110173.1484375
111353.3125
112687.4296875
113742.84375
114497.4375
115017.8359375
115396.3125
115769.796875
115909.765625
115895.03125
115777.8515625
115599.3203125
115526.0625
115628.78125
115690.6640625
115633.7421875
115507.4296875
115336.5859375
115133.0546875
114889.9453125
114611.484375
114289.5078125
113949.25
113577.7734375
113192.1875
112837.6953125
112440.6015625
112055.5390625
111659.0
111258.140625
110832.34375
110469.09375
110133.5078125
109796.3828125
109476.703125
109151.171875
108829.7890625
108546.75
108244.21875
107960.2265625
107662.390625
107380.7265625
107107.359375
106848.3046875
106611.4296875
106380.4296875
106168.015625
105959.9609375
