25400.0
25400.0
25400.0
25400.0
25400.0
25400.0
25400.0
25400.0
25400.0
25400.0
25400.0
25400.0
25400.0
25400.0
25400.0
25400.0
25803.42578125
40754.11328125
59182.35546875
75581.453125
90343.1796875
102058.2265625
111894.3515625
119582.7421875
125250.1640625
129595.546875
133239.046875
136134.1875
138310.609375
139889.578125
141274.21875
142531.8125
144329.25
147294.40625
146893.203125
149050.4375
154012.421875
161027.65625
161151.375
156586.5
152951.65625
149805.640625
146595.421875
143623.328125
140762.453125
138157.640625
135623.984375
133291.015625
131178.671875
129156.734375
127348.546875
125624.984375
124011.1328125
122636.2734375
121211.4140625
119917.53125
118665.5625
117533.2734375
116445.859375
115422.078125
114488.390625
113577.453125
112743.734375
111932.6875
111174.0
110519.4140625
109838.6953125
109222.296875
108632.3203125
108102.9296875
107600.8515625
107145.2109375
106757.25
106410.1640625
106115.328125
105863.5625
105677.3515625
105620.6171875
105683.703125
105784.1796875
105898.890625
106057.125
106215.640625
106397.7734375
106700.4296875
107028.1328125
107866.7265625
109073.0390625
110218.359375
111236.640625
112156.640625
112812.2578125
113312.828125
113659.328125
113981.84375
114232.828125
114327.421875
114316.234375
114233.9375
114115.5546875
114154.3828125
114360.15625
114466.3203125
114483.6875
114421.8046875
114316.9921875
114170.8046875
114002.1640625
113820.0546875
113599.8671875
113358.8515625
113090.546875
112802.0859375
112529.734375
112218.96875
111912.28125
111592.015625
111279.7578125
110955.953125
110628.140625
110309.6953125
109929.5234375
109630.296875
109344.7421875
