25400.0
25400.0
25400.0
25400.0
25400.0
25400.0
25400.0
25400.0
25400.0
25400.0
25400.0
25400.0
25400.0
25400.0
25400.0
32452.697265625
52757.31640625
70562.203125
87511.875
101078.625
112237.21875
120697.3828125
127133.34375
131788.484375
135503.0
138448.8125
140527.28125
142153.15625
143454.953125
146261.0
148844.25
147438.609375
153219.375
162888.21875
163786.078125
158854.890625
156847.34375
155087.34375
151510.296875
148116.125
144599.953125
141329.703125
138516.84375
135724.484375
133210.75
130822.6328125
128695.7265625
126682.7734375
124825.5546875
123135.2421875
121516.9765625
120026.5078125
118625.8828125
117337.9375
116238.1875
115096.859375
114056.7109375
113047.0
112121.578125
111226.5625
110395.6796875
109646.8203125
108928.0
108289.140625
107683.6171875
107130.5859375
106673.421875
106211.8671875
105813.0234375
105459.28125
105168.7265625
104925.4609375
104824.3203125
104829.09375
104899.0859375
104998.0078125
105112.375
105211.5390625
105325.40625
105527.1015625
105820.375
106118.203125
107278.515625
108382.8671875
109494.171875
110443.1015625
111203.2890625
111752.0234375
112159.375
112443.296875
112722.7890625
112856.640625
112867.1015625
112794.15625
112804.6328125
113009.7421875
113193.140625
113277.1484375
113273.6171875
113183.15625
113040.296875
112856.734375
112670.3515625
112443.7421875
112208.421875
111949.8515625
111683.6796875
111392.4375
111085.484375
110780.0625
110460.2734375
110150.6015625
109832.703125
109518.703125
109239.3671875
108893.3203125
108594.5
108325.0390625
108079.875
107836.03125
107604.1875
107381.078125
107153.015625
106931.8515625
106707.875
