25400.0
25400.0
25400.0
25400.0
25400.0
25400.0
25400.0
25400.0
25400.0
25400.0
25400.0
25400.0
25400.0
25400.0
25400.0
25400.0
31448.126953125
49378.51953125
68082.671875
83973.9609375
97862.2578125
109111.28125
118224.4140625
125276.0390625
130346.4609375
134218.015625
137334.484375
139878.78125
141719.75
143021.953125
144170.6875
147165.765625
149561.734375
147336.0
153826.625
162215.84375
160998.21875
156731.96875
153713.75
151099.796875
148306.953125
145713.6875
142780.734375
140067.0625
137421.3125
134980.53125
132706.015625
130571.8984375
128648.890625
126798.1015625
125146.0546875
123558.1953125
122074.0234375
120804.625
119483.8671875
118281.8984375
117085.84375
116037.4609375
115027.265625
114070.7265625
113193.140625
112338.296875
111556.625
110790.1953125
110061.609375
109438.4296875
108792.2890625
108206.234375
107637.8515625
107124.0859375
106633.0078125
106179.984375
105774.1796875
105389.4609375
105046.6015625
104729.75
104449.9921875
104222.5390625
104009.65625
103841.671875
103710.796875
103705.140625
103774.28125
103888.5
104016.234375
104156.5234375
104309.71875
104436.65625
104595.984375
104853.828125
105156.5625
105459.90625
106636.7109375
107598.734375
108595.4375
109512.25
110248.5625
110820.7265625
111242.5703125
111563.234375
111819.8046875
112062.1484375
112192.8359375
112225.84375
112197.109375
112268.375
112484.8984375
112684.3125
112817.7734375
112884.875
112886.96875
112817.3359375
112708.4140625
112583.1171875
112426.0078125
112262.796875
112071.25
111865.6796875
111639.46875
111397.828125
111146.984375
110876.6484375
110609.8671875
110330.703125
