25400.0
25400.0
25400.0
25400.0
25400.0
25400.0
25400.0
25400.0
25400.0
25400.0
25400.0
25400.0
25400.0
25400.0
25400.0
25400.0
25400.0
36003.47265625
55206.37890625
71557.65625
86983.8046875
98881.453125
109006.0703125
116950.5078125
122874.546875
127443.8828125
131306.4375
134342.453125
136682.125
138387.015625
139905.046875
141249.390625
142287.359375
144588.078125
146784.953125
145128.75
149244.0625
154631.046875
160535.203125
163237.75
158177.90625
154529.046875
150728.734375
147245.515625
143931.03125
141031.78125
138318.140625
135772.046875
133469.84375
131276.640625
129329.5
127461.5859375
125714.0078125
124227.640625
122696.65625
121304.59375
119984.2109375
118777.5234375
117608.15625
116510.0546875
115505.4609375
114528.7734375
113640.8046875
112778.890625
111965.5078125
111276.9765625
110565.1484375
109920.5859375
109307.953125
108768.1640625
108274.7109375
107843.2890625
107474.21875
107157.6484375
106933.546875
106876.328125
106913.4765625
106972.0078125
107055.1171875
107216.5234375
107321.359375
107586.4453125
107916.4921875
108568.4921875
109833.0625
111022.1953125
112193.234375
113193.2109375
113906.890625
114398.4375
114780.109375
115138.9453125
115385.5546875
115463.0703125
115427.71875
115312.8359375
115157.8359375
115121.0859375
115247.4453125
115326.3125
115290.359375
115205.5703125
115064.2421875
114896.359375
114694.3984375
114467.25
114203.5859375
113918.2578125
113619.328125
113293.78125
112967.4453125
112622.765625
112273.9453125
111956.7265625
111606.5703125
111269.2578125
110906.28125
110530.2109375
110204.4375
109895.0703125
109605.984375
109315.84375
109037.46875
108759.5546875
