25400.0
25400.0
25400.0
25400.0
25400.0
25400.0
25400.0
25400.0
25400.0
25400.0
25400.0
25400.0
25400.0
25400.0
25400.0
31936.60546875
52135.53515625
69929.53125
86881.3125
100492.8203125
111722.1796875
120237.796875
126730.546875
131427.578125
135184.796875
138160.359375
140266.703125
141912.15625
143229.234375
145938.265625
148594.328125
146888.484375
152835.796875
161929.34375
162295.734375
157459.9375
153773.984375
150272.515625
147083.0625
143688.265625
140524.171875
137823.765625
135080.078125
132641.453125
130309.6171875
128225.640625
126264.828125
124445.9765625
122807.421875
121222.9296875
119794.7109375
118386.984375
117132.359375
116062.6328125
114950.0546875
113938.0390625
112957.7421875
112061.3671875
111188.7421875
110374.0234375
109637.4765625
108927.28125
108294.5
107694.703125
107145.484375
106689.90625
106238.4296875
105853.5703125
105507.453125
105214.109375
104966.859375
104807.296875
104815.40625
104895.671875
105009.1875
105137.703125
105284.328125
105396.796875
105605.7578125
105914.921875
106227.0234375
107330.1328125
108455.8515625
109598.1640625
110574.5859375
111355.796875
111910.6875
112322.515625
112608.8125
112895.453125
113032.0
113047.6015625
112976.2421875
112970.1328125
113155.0703125
113348.0703125
113439.578125
113442.3984375
113363.1328125
113228.859375
113057.265625
112882.4609375
112662.4921875
112426.203125
112164.9140625
111895.984375
111601.578125
111294.890625
110984.3828125
110658.890625
110342.4921875
110018.328125
109697.5234375
109412.125
109055.859375
108754.25
108479.8046875
108229.2890625
107980.578125
107738.015625
107510.4453125
107279.1875
107054.03125
106827.015625
