25400.0
25400.0
25400.0
25400.0
25400.0
25400.0
25400.0
25400.0
25400.0
25400.0
25400.0
25400.0
25400.0
25400.0
25400.0
25400.0
25876.568359375
43093.5859375
60563.75390625
78212.03125
92515.0078125
104647.984375
113875.5703125
121062.2421875
126338.1171875
130627.3046875
134005.296875
136488.984375
138487.375
140109.296875
141388.828125
142823.203125
146084.546875
145573.6875
148123.640625
153549.34375
160337.3125
160161.953125
155194.234375
151195.84375
147338.265625
143649.515625
140640.625
137682.0625
135079.859375
132568.640625
130326.8125
128199.1171875
126266.4140625
124516.5
122834.2578125
121327.1484375
119866.296875
118527.59375
117402.0234375
116237.078125
115178.6484375
114154.4453125
113227.796875
112332.7421875
111500.6640625
110752.171875
110035.8203125
109398.3203125
108795.1796875
108267.4453125
107853.9765625
107469.1796875
107162.734375
106947.7734375
106925.71875
107024.9453125
107143.9609375
107337.15625
107507.015625
107796.015625
108164.7265625
109016.5546875
110261.53125
111593.96875
112812.3125
113766.6015625
114414.6484375
114879.0234375
115258.375
115542.0078125
115634.4375
115592.7109375
115453.4140625
115284.5390625
115283.015625
115457.3671875
115481.703125
115410.5
115281.21875
115102.6875
114899.2578125
114667.53125
114382.4375
114073.921875
113726.109375
113359.234375
113017.484375
112631.5703125
112254.59375
111864.7265625
111488.546875
111077.7109375
110665.15625
110317.421875
109975.78125
109655.59375
109332.765625
109015.046875
108730.734375
108423.9453125
108139.28125
107854.0234375
107573.1015625
107289.171875
107021.171875
106775.8046875
106536.5390625
106317.6640625
106102.6875
