25400.0
25400.0
25400.0
25400.0
25400.0
25400.0
25400.0
25400.0
25400.0
25400.0
25400.0
25400.0
25400.0
25400.0
25400.0
25400.0
26694.0234375
42250.0390625
60694.23046875
77207.8515625
91733.375
103375.296875
113089.2890625
120665.90625
126224.578125
130479.609375
134032.84375
136861.359375
138976.53125
140506.265625
141838.875
143050.96875
145524.125
147907.046875
146393.84375
150616.328125
157173.53125
164151.09375
160038.8125
156000.0625
152467.390625
149454.8125
146362.59375
143416.21875
140547.140625
137934.515625
135409.984375
133084.796875
130983.40625
128971.484375
127173.9921875
125458.8125
123846.453125
122477.0546875
121051.5078125
119759.4765625
118502.4296875
117385.1640625
116296.8125
115271.7578125
114336.8515625
113425.3046875
112590.5
111776.859375
111012.96875
110356.0
109671.1640625
109053.3046875
108462.03125
107931.203125
107426.8984375
106967.15625
106570.5546875
106211.8984375
105904.875
105638.390625
105426.4609375
105308.5703125
105328.0078125
105404.859375
105510.5078125
105623.34375
105801.578125
105917.03125
106139.1640625
106458.4765625
106758.21875
107896.46875
108998.078125
110035.5703125
111094.5390625
111907.5234375
112526.3671875
112973.109375
113298.2109375
113623.390625
113833.6484375
113908.8984375
113889.5078125
113800.859375
113743.4375
113843.078125
114045.5859375
114137.515625
114146.8984375
114081.4765625
113970.5546875
113822.046875
113658.3984375
113464.4296875
113249.7890625
113005.5234375
112744.296875
112491.9296875
112200.2265625
111909.2734375
111603.1640625
111303.0390625
110989.2578125
110670.8515625
110363.203125
110048.140625
109695.15625
109383.8359375
