25400.0
25400.0
25400.0
25400.0
25400.0
25400.0
25400.0
25400.0
25400.0
25400.0
25400.0
25400.0
25400.0
25400.0
25400.0
25400.0
25400.0
25400.0
25400.0
25400.0
25400.0
25400.0
31354.126953125
52586.77734375
70323.015625
84344.8125
96846.125
107279.40625
116283.546875
123460.5859375
129718.0703125
134431.796875
138346.21875
141432.84375
144002.359375
146083.828125
147916.390625
149639.5625
150886.296875
151920.8125
152815.859375
153111.3125
148391.53125
143839.765625
139676.515625
135618.3125
131658.734375
129797.1484375
127594.09375
125617.609375
124460.78125
123299.3515625
122563.015625
122405.65625
122836.546875
123229.515625
123598.9140625
123723.5390625
123693.8515625
123597.140625
123391.1484375
123090.734375
122735.6015625
122315.7109375
121854.46875
121412.9375
120900.3984375
120523.3203125
120130.75
119699.1953125
119206.828125
118701.53125
118248.0546875
117820.5234375
117447.1484375
117138.3046875
116897.1484375
116725.546875
116584.0390625
116485.75
116423.5859375
116397.25
116427.5078125
116503.7421875
116659.90625
116869.2421875
117047.6484375
117191.328125
117324.578125
117434.734375
117539.359375
117619.8984375
117675.1640625
117701.3046875
117683.8046875
117501.1015625
117376.671875
117279.3203125
117229.078125
117163.234375
117080.734375
116998.6328125
116898.109375
116788.7421875
116659.78125
116523.296875
116368.3828125
116202.8203125
116024.1328125
115835.8515625
115651.40625
115474.8984375
115360.3515625
115267.6953125
115264.7890625
115226.515625
115163.3359375
115081.5078125
114980.2734375
114864.6328125
114723.59375
114668.9765625
114589.8828125
114483.4609375
