25400.0
25400.0
25400.0
25400.0
25400.0
25400.0
25400.0
25400.0
25400.0
25400.0
25400.0
25400.0
25400.0
25400.0
25400.0
25400.0
25400.0
34371.140625
53579.69140625
70095.546875
85593.8203125
97584.3359375
107835.21875
115880.7265625
121904.1171875
126565.390625
130508.7265625
133597.734375
135992.359375
137746.25
139313.046875
140693.25
141736.5625
143573.953125
146175.984375
145389.875
147930.078125
152322.671875
157980.375
162297.09375
157073.59375
153480.84375
149815.96875
146431.78125
143112.765625
140206.25
137501.421875
135063.796875
132832.484375
130694.3828125
128775.3359375
126963.0859375
125267.1484375
123827.3984375
122334.7578125
120985.6484375
119675.453125
118500.21875
117372.3828125
116309.7265625
115338.875
114394.96875
113534.78125
112699.4140625
111917.046875
111251.9453125
110566.4765625
109946.7109375
109354.7109375
108825.8515625
108343.640625
107926.5859375
107581.328125
107286.515625
107071.4453125
106975.1875
107051.375
107152.6875
107289.8125
107491.9453125
107657.546875
107954.3359375
108306.828125
109103.8359375
110364.515625
111602.0546875
112777.5
113756.7265625
114445.9296875
114909.2109375
115266.984375
115637.6171875
115842.28125
115892.046875
115833.9609375
115696.671875
115535.2890625
115503.46875
115633.390625
115685.859375
115636.390625
115542.671875
115394.75
115224.6484375
115029.3203125
114808.6640625
114542.1328125
114245.953125
113934.96875
113597.21875
113259.359375
112903.0078125
112542.1796875
112214.796875
111853.8046875
111506.328125
111106.1328125
110751.296875
110423.8671875
110107.9375
109811.0703125
109510.84375
109223.6640625
108931.7109375
