25400.0
25400.0
25400.0
25400.0
25400.0
25400.0
25400.0
25400.0
25400.0
25400.0
25400.0
25400.0
25400.0
25400.0
25400.0
29392.990234375
48745.90625
66479.3046875
83624.8828125
97505.5703125
109080.0859375
117877.859375
124646.25
129559.515625
133514.265625
136669.703125
138925.46875
140707.921875
142131.765625
143395.53125
146909.4375
147680.203125
148650.03125
154210.8125
162631.65625
163915.15625
158982.65625
154695.359375
150892.9375
147279.953125
143805.453125
140855.0625
137849.0625
135156.984375
132602.5625
130353.1171875
128211.1640625
126222.9609375
124434.46875
122712.0703125
121184.3203125
119715.828125
118343.9140625
117176.71875
115967.765625
114871.0234375
113806.328125
112836.484375
111905.609375
111031.578125
110249.0234375
109505.5859375
108844.96875
108223.4453125
107661.09375
107205.890625
106760.9765625
106384.765625
106066.78125
105933.7890625
105892.71875
105921.6171875
105979.296875
106060.3515625
106140.828125
106273.515625
106582.140625
106859.9296875
107853.640625
109033.640625
110275.4296875
111352.2578125
112202.1171875
112826.3671875
113260.8046875
113605.984375
113899.3046875
114015.8046875
114000.375
113911.8046875
113827.25
113934.5625
114122.8046875
114178.7890625
114127.9453125
114010.171875
113842.546875
113634.390625
113406.03125
113148.59375
112870.484375
112601.171875
112284.5
111966.5859375
111630.2109375
111299.8125
110956.734375
110612.5703125
110278.171875
109920.1484375
109541.453125
109221.0234375
108923.328125
108663.296875
108391.4296875
108131.9453125
107866.0234375
107610.65625
107350.453125
107100.65625
106862.9375
106612.9921875
106384.953125
106162.7890625
