25400.0
25400.0
25400.0
25400.0
25400.0
25400.0
25400.0
25400.0
25400.0
25400.0
25400.0
25400.0
25400.0
25400.0
25400.0
31186.087890625
51251.6953125
68979.3046875
85981.953125
99682.46875
111018.171875
119628.3984375
126207.0390625
130971.75
134772.859375
137812.359375
139964.4375
141648.25
142984.5625
144902.328125
148303.0
146891.09375
151642.28125
159376.140625
167546.15625
161696.296875
157501.875
153576.953125
150102.078125
146434.34375
142999.9375
140072.875
137123.90625
134479.984375
131974.28125
129769.546875
127657.671875
125702.59375
123935.1015625
122233.1875
120726.3828125
119277.8828125
117920.2734375
116764.9453125
115566.8359375
114479.7265625
113419.4609375
112455.3125
111530.1640625
110670.6328125
109896.3515625
109162.03125
108507.9921875
107892.4296875
107325.9609375
106853.4609375
106394.71875
106009.015625
105670.7109375
105451.4453125
105342.78125
105317.6328125
105352.90625
105417.3359375
105490.5859375
105559.71875
105682.15625
105934.59375
106238.3671875
106993.0625
108218.140625
109352.5
110454.8203125
111339.140625
111981.8203125
112466.53125
112789.75
113134.9296875
113307.8828125
113344.3984375
113287.8203125
113209.2265625
113305.8046875
113526.578125
113631.1328125
113633.28125
113545.21875
113398.9765625
113212.1640625
112995.8046875
112760.484375
112532.390625
112262.390625
111982.65625
111678.9921875
111376.0390625
111056.8515625
110732.4609375
110415.09375
110081.921875
109761.1796875
109421.2578125
109056.9453125
108785.1953125
108505.3203125
108251.28125
107997.7890625
107755.765625
107507.78125
107263.375
107028.703125
106795.2734375
106575.0703125
106340.8125
