25400.0
25400.0
25400.0
25400.0
25400.0
25400.0
25400.0
25400.0
25400.0
25400.0
25400.0
25400.0
25400.0
25400.0
25400.0
25400.0
25400.0
25400.0
38113.41015625
57108.29296875
73606.8046875
88770.3984375
100627.53125
110667.921875
118508.8828125
124318.046875
128778.125
132517.8125
135490.671875
137732.59375
139362.765625
140798.046875
142093.671875
143548.21875
146798.328125
147106.921875
147530.671875
152188.546875
158978.046875
158611.703125
154044.609375
150559.28125
147645.96875
144508.40625
141650.984375
138960.625
136531.25
134174.703125
131957.453125
129970.5
128051.0
126325.453125
124668.4453125
123143.6796875
121846.75
120496.6640625
119272.1796875
118086.28125
117003.2109375
115950.6953125
114962.5390625
114085.546875
113229.8046875
112447.4921875
111685.3828125
110968.25
110355.3984375
109717.53125
109138.5390625
108581.6953125
108079.2421875
107600.46875
107157.6015625
106777.140625
106435.921875
106160.2109375
105926.8515625
105750.59375
105646.9453125
105625.9609375
105772.90625
105946.4765625
106140.46875
106391.28125
106605.734375
106922.9296875
107284.0703125
107850.015625
109143.78125
110273.828125
111337.046875
112345.3203125
113073.3828125
113608.890625
113982.8671875
114280.4609375
114574.9140625
114696.5234375
114704.0
114635.78125
114501.4921875
114485.3828125
114640.1796875
114783.6015625
114826.546875
114782.859375
114693.203125
114561.65625
114402.8203125
114235.1171875
114043.9140625
113836.6953125
113590.9921875
113310.53125
113037.46875
112722.7890625
112409.9375
112082.1015625
111761.2890625
111427.8125
111091.0703125
110765.0546875
110375.34375
110055.171875
109755.171875
