25400.0
25400.0
25400.0
25400.0
25400.0
25400.0
25400.0
25400.0
25400.0
25400.0
25400.0
25400.0
25400.0
25400.0
25400.0
33549.515625
53935.5078125
71712.203125
88494.2890625
101964.5
113038.734375
121437.890625
127807.7421875
132411.828125
136051.0
138951.734375
140984.921875
142565.234375
143832.75
147553.203125
149062.3125
149082.40625
155385.71875
164813.859375
158744.625
154831.09375
151615.5
148482.90625
145392.734375
142140.640625
139105.328125
136501.09375
133869.703125
131523.109375
129279.6640625
127272.0
125379.53125
123625.9453125
122046.0859375
120517.328125
119141.3046875
117783.3046875
116556.625
115524.2265625
114447.0390625
113470.84375
112519.0390625
111655.4609375
110812.3515625
110020.5078125
109304.21875
108614.171875
107992.59375
107401.8984375
106860.9140625
106409.875
105955.0625
105559.8359375
105200.2421875
104898.859375
104630.2265625
104411.28125
104266.171875
104281.9453125
104366.0703125
104492.34375
104629.3359375
104778.109375
104913.1171875
105088.828125
105420.3359375
105731.734375
106604.09375
107779.3984375
108875.1875
109919.8125
110738.328125
111360.71875
111817.8359375
112112.96875
112428.78125
112626.515625
112691.6875
112664.5625
112667.0078125
112829.84375
113051.875
113188.1953125
113231.6484375
113185.3515625
113083.375
112951.515625
112779.9140625
112593.34375
112372.0703125
112134.859375
111873.046875
111592.9140625
111308.8984375
111002.328125
110696.171875
110376.03125
110057.015625
109770.578125
109458.0625
109150.8984375
108800.171875
108524.890625
108262.9609375
108013.9140625
107781.3046875
107546.890625
107321.109375
107096.53125
