25400.0
25400.0
25400.0
25400.0
25400.0
25400.0
25400.0
25400.0
25400.0
25400.0
25400.0
25400.0
25400.0
25400.0
25400.0
28944.53125
48352.7578125
66161.3515625
83521.8359375
97396.46875
108876.5078125
117568.65625
124266.609375
129146.8046875
133164.828125
136254.6875
138503.421875
140302.640625
141784.703125
142960.46875
146353.484375
147426.5
147898.84375
153620.6875
161878.78125
161884.53125
157144.390625
153011.421875
149306.125
145671.6875
142390.734375
139612.8125
136717.21875
134194.828125
131769.09375
129604.453125
127536.8984375
125658.796875
123960.765625
122324.5859375
120844.40625
119410.1328125
118051.4375
116929.703125
115796.4296875
114764.953125
113758.96875
112841.53125
111953.9375
111119.453125
110363.609375
109641.0546875
109003.3203125
108401.5078125
107855.9296875
107418.9296875
107004.8359375
106664.7421875
106366.265625
106130.1484375
105995.171875
106077.2578125
106214.875
106365.28125
106508.34375
106650.1328125
106800.921875
107072.765625
107353.359375
108154.5
109321.5625
110393.28125
111394.34375
112179.0703125
112718.859375
113110.640625
113353.75
113614.1953125
113725.171875
113716.5234375
113615.390625
113497.4921875
113540.6484375
113731.3046875
113821.0859375
113814.1328125
113720.3828125
113569.765625
113386.578125
113169.296875
112928.265625
112694.7421875
112415.4140625
112125.2421875
111808.203125
111493.9765625
111164.4921875
110833.0078125
110513.109375
110185.7578125
109872.46875
109554.3515625
109199.921875
108910.2109375
108632.421875
108379.359375
108126.6484375
107894.6015625
107656.7109375
107420.5
107191.3359375
106961.046875
106746.1171875
106521.140625
