25400.0
25400.0
25400.0
25400.0
25400.0
25400.0
25400.0
25400.0
25400.0
25400.0
25400.0
25400.0
25400.0
25400.0
25400.0
30086.84765625
40954.4921875
51606.11328125
68579.5859375
85258.2734375
98845.640625
110194.328125
118796.8515625
125403.3359375
130193.578125
134061.578125
137122.46875
139299.421875
141024.703125
142408.140625
144357.46875
147654.9375
146583.203125
150616.671875
157905.453125
161024.03125
155731.046875
152040.625
148571.8125
145355.515625
142296.109375
139307.390625
136768.21875
134121.515625
131783.484375
129540.2265625
127531.0546875
125617.546875
123870.6875
122294.96875
120775.6796875
119400.609375
118077.15625
116842.8125
115785.875
114723.4921875
113758.0234375
112825.1875
111968.6328125
111143.984375
110372.0546875
109669.5390625
108986.8359375
108375.0234375
107789.6171875
107252.9296875
106808.484375
106363.296875
105991.2578125
105667.0234375
105402.8828125
105183.8984375
105041.859375
105045.1875
105178.7578125
105330.7578125
105494.4765625
105721.5546875
105862.171875
106195.8515625
106545.9453125
107271.921875
108526.75
109716.7109375
110861.8125
111750.2265625
112408.0546875
112871.640625
113200.3515625
113537.4375
113709.484375
113755.515625
113703.375
113611.7578125
113683.5703125
113923.34375
114043.5078125
114067.640625
114000.4453125
113888.7109375
113732.8671875
113555.078125
113377.2109375
113148.71875
112894.390625
112603.2734375
112302.4296875
111979.578125
111648.53125
111320.8359375
110974.359375
110637.84375
110291.53125
109936.359375
109586.3125
109270.2421875
108985.8046875
108705.4765625
108443.421875
108177.8359375
107917.5859375
107666.8828125
107411.984375
107179.2421875
106945.375
