25400.0
25400.0
25400.0
25400.0
25400.0
25400.0
25400.0
25400.0
25400.0
25400.0
25400.0
25400.0
25400.0
25400.0
25400.0
26264.392578125
43769.9296875
61265.62109375
78797.8515625
93008.4296875
105035.015625
114196.21875
121342.015625
126584.59375
130857.25
134209.578125
136678.84375
138660.46875
140280.78125
141543.15625
142949.984375
146252.484375
145642.90625
148338.125
154047.265625
160948.65625
162411.140625
157152.140625
152930.484375
148858.578125
145051.515625
141917.578125
138895.609375
136164.96875
133551.375
131227.375
129041.40625
127026.453125
125208.8828125
123467.4375
121900.0
120395.6875
119017.34375
117848.4375
116639.0546875
115537.9296875
114474.375
113512.859375
112584.328125
111719.71875
110940.8359375
110197.6796875
109539.0546875
108927.5234375
108397.4453125
107980.3671875
107582.578125
107279.9609375
107125.84375
107147.28125
107218.0859375
107304.5859375
107472.546875
107590.6171875
107896.734375
108238.703125
109351.8203125
110504.9921875
111836.390625
112968.1484375
113811.6796875
114398.5
114807.8046875
115179.4296875
115402.390625
115445.0625
115372.1015625
115210.546875
115083.84375
115126.421875
115255.984375
115249.2890625
115154.265625
115004.625
114810.0859375
114576.1015625
114314.15625
114015.1484375
113700.515625
113351.7265625
112988.0234375
112650.65625
112271.8125
111902.1484375
111521.53125
111154.15625
110749.84375
110342.859375
110002.640625
109671.75
109362.890625
109050.8203125
108748.3359375
108479.125
108181.7421875
107903.2734375
107625.9375
107353.390625
107079.109375
106821.171875
106585.203125
106355.296875
106145.7734375
105940.828125
