25400.0
25400.0
25400.0
25400.0
25400.0
25400.0
25400.0
25400.0
25400.0
25400.0
25400.0
25400.0
25400.0
25400.0
25400.0
25400.0
27007.74609375
42775.1875
61250.9140625
77740.5703125
92211.7578125
103828.4609375
113498.1875
121034.890625
126558.234375
130780.296875
134302.671875
137108.921875
139203.359375
140714.15625
142033.6875
143232.46875
145921.421875
148120.3125
146230.859375
151530.390625
158184.6875
165209.765625
159859.984375
155949.140625
152450.015625
149442.53125
146392.265625
143427.296875
140549.734375
137920.84375
135399.625
133071.953125
130968.40625
128956.484375
127162.1796875
125441.109375
123827.328125
122455.921875
121028.2265625
119735.6015625
118477.53125
117358.53125
116269.796875
115238.984375
114302.1796875
113388.625
112551.90625
111735.53125
110966.359375
110308.0390625
109621.7421875
109003.0546875
108411.3984375
107880.109375
107375.2265625
106914.6328125
106516.1171875
106152.7421875
105842.890625
105572.328125
105348.6328125
105223.4296875
105232.6875
105298.9453125
105399.6640625
105507.1328125
105669.5546875
105783.8828125
105968.890625
106280.0546875
106577.609375
107508.375
108656.1875
109667.296875
110744.2265625
111597.4921875
112255.15625
112732.2421875
113087.0078125
113398.4921875
113648.5859375
113754.65625
113757.140625
113685.6484375
113609.3828125
113668.546875
113893.0078125
114008.6015625
114040.4765625
113988.59375
113886.75
113744.7890625
113584.828125
113396.5234375
113188.8515625
112951.2734375
112697.59375
112452.453125
112167.234375
111881.921875
111580.671875
111284.7109375
110974.65625
110659.9609375
110355.0
110042.1328125
109712.59375
109380.625
