25400.0
25400.0
25400.0
25400.0
25400.0
25400.0
25400.0
25400.0
25400.0
25400.0
25400.0
25400.0
25400.0
25400.0
25400.0
25400.0
40054.08203125
60671.26953125
81649.84375
94009.109375
100387.625
104663.203125
107779.1171875
109666.8203125
110868.4921875
111563.8515625
111834.1875
111769.6796875
111500.0078125
111058.328125
110545.4453125
110072.75
109504.421875
108919.703125
108283.59375
107644.5546875
107041.7734375
106629.3515625
106523.4453125
106349.0234375
106084.1015625
105818.9921875
105564.3125
105355.9765625
105154.9375
104963.390625
104789.5234375
104539.1484375
104340.5078125
104168.34375
104011.1171875
103851.2109375
103689.5546875
103544.140625
103348.390625
103150.125
102923.0859375
102726.09375
102520.859375
102302.8828125
102088.765625
101842.0703125
101594.5
101366.015625
101169.8671875
101019.9453125
100926.6640625
100733.484375
100524.2890625
100331.96875
100143.5390625
99962.015625
99791.390625
99646.78125
99508.828125
99372.0703125
99241.8203125
99126.4609375
99001.9609375
98918.0
98839.4765625
98745.46875
98662.625
98569.1953125
98481.5390625
98453.9453125
98393.6328125
98299.1171875
98184.890625
98115.03125
98052.1796875
98045.46875
98076.28125
98127.1484375
98188.125
98269.0078125
98519.0546875
99016.484375
99487.46875
100017.7734375
100569.3828125
101024.3125
101442.6484375
101766.5703125
102027.28125
102227.03125
102394.0
102591.1796875
102778.3203125
102932.1171875
103055.5078125
103177.2421875
103290.8671875
103386.8359375
103490.2109375
103588.0859375
103688.7578125
103790.8359375
103896.4921875
103997.1015625
104089.140625
104179.6640625
104309.2890625
104518.4140625
