25400.0
25400.0
25400.0
25400.0
25400.0
25400.0
25400.0
25400.0
25400.0
25400.0
25400.0
25400.0
25400.0
25400.0
25400.0
31398.484375
51459.3046875
69214.2265625
86160.6796875
99828.5078125
111146.921875
119737.875
126299.328125
131051.4921875
134844.875
137867.03125
140003.46875
141672.953125
143006.359375
145462.265625
148354.390625
146372.609375
152498.0
160696.109375
162415.515625
157402.09375
153644.40625
150100.859375
146957.875
143624.421875
140474.59375
137796.46875
135049.609375
132611.609375
130280.65625
128199.546875
126240.0703125
124422.9140625
122785.2578125
121203.9140625
119774.8203125
118388.4140625
117132.125
116063.046875
114951.109375
113941.4765625
112965.71875
112070.7578125
111204.9453125
110393.6953125
109657.8828125
108949.5
108317.328125
107717.3828125
107168.546875
106713.34375
106263.0078125
105880.65625
105536.953125
105255.9453125
105014.0390625
104880.3203125
104902.3046875
104986.6796875
105100.5859375
105230.0546875
105384.59375
105512.3125
105790.8671875
106111.609375
106653.46875
107915.3046875
109060.703125
110199.1640625
111111.828125
111809.875
112310.75
112673.8828125
113004.8515625
113220.0234375
113300.8671875
113278.046875
113187.75
113231.03125
113493.4765625
113640.296875
113686.0234375
113636.8125
113533.4921875
113380.5546875
113201.8125
113016.2109375
112780.5234375
112529.8984375
112252.6796875
111965.8828125
111657.6640625
111340.53125
111026.21875
110692.7109375
110368.0703125
110035.0234375
109705.90625
109374.5859375
109039.015625
108758.359375
108486.1328125
108233.4296875
107980.640625
107729.5
107496.03125
107254.6171875
107025.2109375
106796.3359375
