25400.0
25400.0
25400.0
25400.0
25400.0
25400.0
25400.0
25400.0
25400.0
25400.0
25400.0
25400.0
25400.0
25400.0
25400.0
25400.0
25400.0
34930.671875
45897.43359375
55777.4375
71572.3671875
86731.0390625
98515.875
108605.6953125
116505.9609375
122412.828125
126982.28125
130865.0859375
133901.25
136253.96875
137977.359375
139517.703125
140880.453125
141917.875
144034.203125
146373.671875
145166.0
148508.0
153163.921875
158961.0
161221.890625
156280.484375
152784.640625
149179.3125
145842.5
142608.34375
139743.5
137122.984375
134706.515625
132503.15625
130390.1796875
128493.890625
126700.6875
125024.4453125
123600.0703125
122123.1796875
120788.3515625
119492.0625
118320.1015625
117207.4609375
116153.7265625
115193.3359375
114261.328125
113404.3828125
112578.1171875
111802.59375
111142.7734375
110461.4453125
109845.21875
109257.4375
108728.7109375
108243.078125
107821.5390625
107470.2890625
107169.3515625
106936.140625
106802.015625
106842.34375
106946.6953125
107072.125
107266.78125
107456.0625
107700.5078125
108040.3671875
108482.515625
109810.1171875
110998.3671875
112206.5
113281.5
114070.2578125
114591.875
114998.625
115339.4765625
115623.0234375
115726.875
115711.375
115606.8515625
115448.328125
115373.78125
115454.140625
115563.3046875
115549.390625
115479.8046875
115353.265625
115195.78125
115011.6875
114813.6953125
114569.1328125
114290.203125
113994.4453125
113667.46875
113338.125
112988.8515625
112634.1875
112310.4765625
111953.09375
111608.15625
111244.171875
110850.8046875
110515.1484375
110195.6875
109897.765625
109598.390625
109313.15625
109023.453125
