25400.0
25400.0
25400.0
25400.0
25400.0
25400.0
25400.0
25400.0
25400.0
25400.0
25400.0
25400.0
25400.0
25400.0
25400.0
25400.0
25400.0
39732.8671875
58350.51171875
74732.671875
89653.109375
101403.0625
111271.046875
118959.3203125
124649.7578125
129038.5703125
132742.375
135650.09375
137856.15625
139464.53125
140875.125
142162.890625
143437.6875
146823.046875
147176.625
147545.046875
152419.0625
159333.765625
162574.875
157545.734375
153742.109375
150510.765625
147154.671875
144026.09375
141161.953125
138541.03125
135986.234375
133646.203125
131526.1875
129493.703125
127667.0859375
125926.671875
124308.5546875
122927.8515625
121496.9453125
120197.5859375
118938.0078125
117771.15625
116667.1875
115647.0546875
114716.5078125
113805.2265625
112970.6796875
112160.6328125
111398.5390625
110742.390625
110060.140625
109448.3046875
108858.671875
108331.984375
107832.84375
107387.53125
107011.765625
106678.8046875
106405.25
106170.2265625
106014.2265625
105980.171875
106088.78125
106216.1328125
106355.0390625
106533.1484375
106686.578125
106893.6640625
107195.3125
107496.2578125
108485.0
109616.890625
110740.890625
111690.359375
112521.0703125
113105.84375
113545.7734375
113840.640625
114128.3515625
114329.1953125
114385.4140625
114342.7421875
114236.4609375
114117.0703125
114159.1484375
114339.5078125
114426.4765625
114430.9765625
114351.609375
114235.046875
114076.7578125
113898.3515625
113705.5078125
113478.109375
113234.9765625
112966.8984375
112680.453125
112410.7421875
112101.421875
111794.03125
111468.0703125
111150.4453125
110824.03125
110500.6015625
110191.9609375
109830.703125
109522.3359375
109241.546875
