25400.0
25400.0
25400.0
25400.0
25400.0
25400.0
25400.0
25400.0
25400.0
25400.0
25400.0
25400.0
25400.0
25400.0
25400.0
25400.0
27081.53515625
43026.1953125
61511.34765625
78016.2890625
92459.203125
104056.1953125
113687.6328125
121175.21875
126664.3046875
130864.6171875
134395.203125
137165.078125
139239.46875
140734.875
142046.625
143258.296875
146450.796875
148130.96875
146104.59375
152211.65625
159197.28125
160285.703125
155589.546875
152109.21875
148943.734375
146222.8125
143423.546875
140727.09375
138096.546875
135709.765625
133361.546875
131216.40625
129283.5390625
127417.6796875
125737.1640625
124115.671875
122630.2265625
121360.21875
120043.9140625
118835.34375
117669.3125
116609.3984375
115555.546875
114573.6484375
113712.7421875
112871.8359375
112100.9296875
111346.6875
110635.8828125
110028.2578125
109392.9765625
108809.625
108245.0625
107736.6875
107250.8515625
106803.9921875
106406.9140625
106039.65625
105731.0546875
105462.3125
105240.296875
105072.4609375
104939.2265625
104888.484375
104978.5703125
105141.34375
105319.1875
105502.2421875
105721.1171875
105876.5546875
106162.265625
106494.390625
106863.53125
108005.0390625
109051.25
110101.6015625
111072.125
111815.1640625
112369.671875
112772.5625
113048.6875
113324.1171875
113516.5859375
113584.6640625
113558.1875
113479.4375
113454.546875
113590.15625
113778.640625
113880.4375
113906.6015625
113850.9375
113755.296875
113621.5703125
113468.953125
113298.78125
113112.03125
112923.484375
112687.75
112437.7109375
112160.953125
111878.5
111574.578125
111266.3515625
110965.1015625
110654.8828125
110356.953125
110052.6484375
