25400.0
25400.0
25400.0
25400.0
25400.0
25400.0
25400.0
25400.0
25400.0
25400.0
25400.0
25400.0
25400.0
25400.0
25400.0
27704.40234375
46082.3203125
63793.6328125
81118.140625
95133.0546875
106908.1875
115857.6875
122796.59375
127860.46875
131994.171875
135236.484375
137592.890625
139480.484375
141024.703125
142253.640625
144987.984375
147062.15625
145765.28125
151031.03125
158418.046875
161379.171875
156205.359375
152134.953125
148429.84375
144857.71875
141537.109375
138854.640625
136068.625
133570.296875
131186.15625
129067.1640625
127038.0859375
125187.265625
123523.328125
121919.3203125
120477.5625
119086.3828125
117788.0234375
116677.4140625
115567.6875
114560.9765625
113581.8515625
112692.1328125
111833.796875
111027.21875
110304.59375
109605.5703125
108980.2734375
108388.0078125
107849.5625
107419.2578125
107013.921875
106683.1796875
106404.2265625
106205.359375
106126.796875
106251.171875
106400.1171875
106564.796875
106785.9921875
106954.4453125
107297.71875
107612.5
108549.171875
109783.5234375
111047.8671875
112151.09375
113006.609375
113606.015625
114011.9296875
114330.7109375
114603.046875
114697.3359375
114658.7734375
114551.3828125
114418.578125
114480.8828125
114669.203125
114723.2734375
114670.828125
114556.59375
114400.421875
114212.8046875
114009.8515625
113761.9375
113479.4375
113201.3359375
112871.6875
112539.7109375
112188.3359375
111841.8515625
111479.6640625
111110.265625
110754.765625
110374.828125
109987.7890625
109654.3125
109343.78125
109074.25
108785.9453125
108511.109375
108232.578125
107963.3671875
107698.5234375
107442.21875
107194.7578125
106935.5
106698.3984375
106465.9609375
