25400.0
25400.0
25400.0
25400.0
25400.0
25400.0
25400.0
25400.0
25400.0
25400.0
25400.0
25400.0
25400.0
25400.0
25400.0
25593.30859375
42502.6796875
59854.7421875
77332.609375
91669.875
103804.359375
113095.5859375
120353.328125
125696.4609375
130052.296875
133472.765625
136001.25
138038.4375
139707.875
141000.125
142022.453125
145630.671875
145891.453125
146866.34375
151749.1875
158466.1875
161929.828125
156465.9375
152307.765625
148338.84375
144520.46875
141415.609375
138287.53125
135656.453125
133093.546875
130807.015625
128641.609375
126673.3828125
124891.734375
123182.7578125
121647.1796875
120168.1875
118815.6328125
117671.0546875
116488.2734375
115412.984375
114374.625
113435.09375
112529.59375
111689.2265625
110935.7109375
110214.3359375
109573.953125
108974.625
108456.1796875
108051.3203125
107678.28125
107391.453125
107237.6171875
107291.390625
107397.8984375
107548.984375
107751.53125
107956.703125
108294.0703125
108742.4609375
110201.546875
111383.5546875
112724.0703125
113786.4609375
114546.40625
115068.796875
115447.296875
115823.8125
115964.25
115950.6015625
115833.3671875
115652.8828125
115577.1640625
115675.578125
115738.609375
115682.7265625
115556.8671875
115387.0703125
115184.28125
114945.5859375
114668.828125
114347.3671875
114006.5390625
113633.5625
113247.4609375
112891.1953125
112492.6328125
112105.8515625
111708.09375
111304.3984375
110877.875
110513.0078125
110176.0390625
109837.328125
109515.7890625
109188.7578125
108864.5078125
108580.6484375
108277.4609375
107992.6328125
107693.390625
107410.6328125
107136.046875
106875.875
106637.90625
106406.0234375
106192.25
105982.8125
