25400.0
25400.0
25400.0
25400.0
25400.0
25400.0
25400.0
25400.0
25400.0
25400.0
25400.0
25400.0
25400.0
25400.0
25400.0
25400.0
25400.0
35819.703125
55007.8125
71409.328125
86820.578125
98730.4453125
108880.2265625
116841.7734375
122782.53125
127366.6640625
131234.921875
134284.828125
136624.171875
138328.015625
139847.84375
141200.625
142239.6875
144831.15625
146742.671875
144796.171875
149688.984375
155053.546875
160885.8125
159505.109375
155017.703125
151666.71875
148146.390625
144882.984375
141786.5625
139039.921875
136501.1875
134117.078125
131961.125
129890.5859375
128030.8359375
126266.4453125
124622.734375
123225.015625
121774.40625
120462.8359375
119189.0703125
118026.46875
116930.0
115895.953125
114953.0625
114034.015625
113195.1953125
112380.3515625
111614.375
110963.546875
110289.4375
109681.5234375
109095.6484375
108572.2421875
108080.7578125
107651.671875
107293.28125
106982.7734375
106735.9921875
106561.0234375
106518.953125
106609.640625
106738.953125
106893.234375
107114.1171875
107278.8046875
107595.7578125
107947.375
108729.1328125
110007.765625
111181.0078125
112368.796875
113326.5625
113961.7890625
114468.890625
114812.109375
115171.4453125
115386.0703125
115451.8984375
115409.8125
115294.578125
115132.2890625
115126.765625
115287.6171875
115361.421875
115334.75
115246.34375
115118.1796875
114952.65625
114776.5
114572.046875
114328.515625
114061.296875
113758.484375
113446.5390625
113111.796875
112768.5390625
112454.046875
112103.578125
111764.703125
111415.5078125
111067.0703125
110671.3359375
110338.234375
110035.7265625
109734.8359375
109451.8125
109164.4453125
