25400.0
25400.0
25400.0
25400.0
25400.0
25400.0
25400.0
25400.0
25400.0
25400.0
25400.0
25400.0
25400.0
25400.0
25400.0
29359.515625
48625.2421875
66358.4765625
83454.6015625
97311.0625
108892.5390625
117689.8203125
124467.2109375
129389.0546875
133362.703125
136511.734375
138760.796875
140544.890625
141979.546875
143417.90625
147178.734375
146934.796875
149213.46875
155409.34375
162144.328125
156315.40625
152485.71875
148923.5625
145644.421875
142499.515625
139515.6875
136965.34375
134316.078125
131960.359375
129706.6015625
127687.625
125763.2109375
124008.0546875
122425.671875
120898.28125
119520.390625
118193.203125
116955.4140625
115893.8984375
114828.8671875
113862.0625
112927.140625
112069.65625
111245.25
110473.21875
109770.953125
109093.40625
108481.1171875
107898.890625
107365.25
106922.640625
106486.7109375
106124.9765625
105811.8046875
105561.84375
105363.578125
105260.7734375
105328.0859375
105484.015625
105644.5703125
105863.703125
106060.5390625
106288.15625
106653.4140625
106997.546875
108338.453125
109484.515625
110714.703125
111751.640625
112493.703125
113039.859375
113410.1484375
113742.0390625
113986.484375
114066.0
114037.8125
113932.8203125
113908.953125
114096.1953125
114261.6875
114313.71875
114266.0546875
114160.3125
114016.09375
113841.9921875
113647.3984375
113449.671875
113192.3828125
112910.1875
112596.1328125
112279.0078125
111941.5546875
111598.3359375
111260.3671875
110906.125
110562.5078125
110203.453125
109805.171875
109508.7890625
109204.90625
108924.1875
108644.1484375
108377.953125
108108.3828125
107840.40625
107587.125
107335.3984375
107102.3046875
106851.8984375
