25400.0
25400.0
25400.0
25400.0
25400.0
25400.0
25400.0
25400.0
25400.0
25400.0
25400.0
25400.0
25400.0
25400.0
25400.0
27497.734375
36714.125
47683.4765625
64495.87109375
81350.328125
95230.3671875
106968.8671875
115889.984375
122810.6484375
127861.9453125
131972.1875
135228.234375
137582.03125
139475.515625
141011.09375
142259.21875
144677.671875
147046.609375
145262.609375
150967.140625
157752.765625
164131.25
158446.921875
154134.609375
150243.78125
146510.34375
143011.640625
140198.578125
137282.578125
134675.609375
132179.640625
129958.671875
127868.8125
125940.21875
124199.4375
122529.75
121026.53125
119576.671875
118255.21875
117128.9765625
115965.7734375
114908.109375
113882.5
112954.9140625
112059.9453125
111221.40625
110460.8125
109740.453125
109093.0
108483.6875
107938.875
107509.1171875
107099.1171875
106759.5
106487.078125
106364.578125
106404.8125
106495.296875
106594.4453125
106782.359375
106900.3515625
107211.4375
107565.0078125
108351.3984375
109671.578125
110921.171875
112123.9140625
113017.921875
113674.0234375
114136.0546875
114484.6875
114792.59375
114899.859375
114874.3203125
114757.0234375
114620.9140625
114662.625
114852.578125
114904.8359375
114847.0234375
114727.4921875
114559.703125
114371.703125
114139.6953125
113878.953125
113581.390625
113258.5703125
112949.515625
112595.0546875
112243.78125
111876.984375
111520.34375
111152.7265625
110785.8359375
110383.7109375
110014.7109375
109692.8125
109376.5546875
109071.7421875
108801.8671875
108506.96875
108229.7890625
107946.859375
107681.671875
107416.6640625
107143.7265625
106889.8359375
106642.515625
106416.515625
106196.609375
