25400.0
25400.0
25400.0
25400.0
25400.0
25400.0
25400.0
25400.0
25400.0
25400.0
25400.0
25400.0
25400.0
25400.0
25400.0
37008.640625
57709.48046875
75328.3828125
91864.453125
105050.15625
115767.46875
123872.1484375
129949.3828125
134351.34375
137717.90625
140465.09375
142346.734375
143807.328125
146080.546875
149396.90625
147818.421875
153942.234375
163781.484375
159906.125
155836.09375
152838.75
150143.296875
146936.109375
143869.5625
140740.1875
137797.6875
135262.78125
132754.078125
130485.4921875
128325.3125
126383.484375
124557.1640625
122861.1875
121327.171875
119845.9921875
118503.375
117177.5390625
115984.8046875
114980.9140625
113931.2109375
112974.46875
112047.6875
111200.9140625
110375.0078125
109598.5859375
108896.4765625
108223.9296875
107617.5234375
107034.578125
106499.3203125
106053.2734375
105600.546875
105200.5078125
104822.6171875
104491.546875
104194.90625
103942.8359375
103741.34375
103579.4140625
103529.2265625
103577.9609375
103683.984375
103806.234375
103951.8125
104092.6953125
104229.375
104395.859375
104705.5546875
105012.6875
105606.1484375
106791.9375
107798.6875
108814.953125
109684.2421875
110298.546875
110805.796875
111166.0
111431.0390625
111710.015625
111844.078125
111868.515625
111910.0
112078.25
112311.0625
112486.296875
112589.203125
112611.6640625
112553.609375
112449.1015625
112299.328125
112135.6875
111947.125
111733.921875
111509.46875
111259.5625
110996.5390625
110712.109375
110420.875
110154.078125
109857.734375
109572.21875
109280.0078125
109000.703125
108717.3828125
108396.03125
108120.265625
107872.7421875
107648.03125
107425.828125
