25400.0
25400.0
25400.0
25138.958984375
24577.91015625
24682.041015625
24474.2265625
24369.708984375
24339.505859375
24337.01953125
24338.96875
24341.759765625
24344.77734375
24347.80859375
24350.689453125
24353.560546875
24356.19921875
24358.9609375
24362.7734375
24366.71875
24371.291015625
24376.22265625
24381.88671875
24388.455078125
24396.6640625
24406.841796875
24419.3359375
24436.4609375
24459.34375
24488.224609375
24523.205078125
24565.36328125
24629.6171875
24743.498046875
25033.677734375
25163.3046875
25204.572265625
25308.681640625
25697.765625
26597.89453125
28837.25390625
33315.0234375
38510.50390625
43368.4453125
48961.30859375
53631.171875
57865.671875
61447.12109375
64893.515625
68049.7421875
70768.7265625
73209.8828125
75366.8515625
77224.2734375
81152.328125
85675.390625
90388.609375
96605.9609375
103013.2578125
109348.1484375
116316.96875
124104.65625
131007.6015625
137614.875
143781.125
149679.265625
155755.796875
161257.78125
167267.21875
166990.328125
165173.953125
163395.546875
161445.09375
159367.578125
157369.265625
155362.421875
153447.015625
151674.6875
150194.875
148811.015625
147273.890625
145789.5
144081.203125
142487.203125
140978.515625
139601.96875
138505.4375
137116.3125
135790.390625
134520.578125
133452.875
132492.6875
131159.796875
129822.953125
128906.8125
128788.296875
128265.1484375
127445.671875
126521.8125
125745.6015625
125011.5
124430.359375
124010.9296875
123703.359375
123403.78125
123123.7109375
122862.609375
122665.78125
122507.3671875
122390.1875
122375.9921875
122422.359375
122493.109375
122578.0234375
122673.140625
122770.1484375
122897.3359375
123030.0390625
123172.4765625
123307.5
123503.3515625
123848.375
124099.2421875
124269.765625
124373.6640625
124436.390625
