25400.0
25400.0
25400.0
25299.69140625
25061.025390625
25061.025390625
25061.025390625
25063.7734375
25107.462890625
25112.90625
25115.263671875
25118.228515625
25119.884765625
25121.259765625
25122.5703125
25123.73046875
25124.833984375
25125.841796875
25126.685546875
25126.67578125
25126.953125
27024.857421875
34802.07421875
43254.67578125
54931.92578125
65001.921875
73095.734375
79311.015625
84848.34375
89155.140625
92734.8515625
95761.875
98686.515625
101064.0703125
103242.8828125
105026.578125
106738.546875
108331.09375
109561.84375
110746.0078125
111762.5078125
112692.515625
113134.296875
113225.6640625
113549.1015625
114779.828125
118027.078125
122087.8203125
127980.2578125
134133.75
140324.03125
149153.09375
155286.484375
160250.734375
155940.78125
153068.328125
149696.296875
147816.796875
146437.921875
145353.765625
144513.96875
144121.5
143722.421875
142993.296875
142086.59375
141131.953125
140146.015625
139022.5625
137799.296875
136640.0625
135267.796875
133900.703125
132408.921875
131006.015625
129767.6796875
128964.03125
128604.71875
128124.1796875
127631.765625
127155.671875
126587.84375
125995.09375
125362.3984375
124714.703125
123982.78125
123234.4140625
122504.0546875
121991.8359375
121691.0234375
121307.9375
120871.3046875
120452.7109375
119974.640625
119525.1953125
119064.71875
118617.71875
118150.015625
117677.65625
117207.328125
116703.0625
116214.9921875
115724.7421875
115257.5234375
114848.5078125
114412.140625
114000.75
113585.46875
113191.03125
112790.7734375
112397.7421875
112023.28125
111644.75
111284.6484375
110918.828125
110559.8125
110240.5625
109894.5625
109519.3515625
109173.609375
108865.75
108564.3828125
108276.9453125
108008.28125
107739.59375
107481.3828125
107213.53125
