25400.0
25400.0
24755.57421875
24679.376953125
24425.41015625
24164.884765625
24093.36328125
24079.591796875
24102.88671875
24142.6875
24201.3984375
24293.513671875
24869.748046875
28767.93359375
39243.23046875
55136.83984375
77089.1171875
96442.1015625
109922.1796875
114528.6171875
117543.703125
118867.65625
119175.2421875
118871.0390625
118167.609375
117267.0859375
116287.046875
115329.1171875
114324.7421875
113321.9296875
112883.9765625
112504.0625
112075.125
111645.7109375
111221.8828125
110850.265625
110595.625
109820.6328125
108904.09375
108120.0625
108031.1015625
108390.6171875
108200.296875
107505.1328125
106967.765625
106512.09375
106202.984375
106150.1640625
106099.0859375
106074.5390625
105875.484375
105687.9140625
105636.671875
105601.984375
105543.859375
105520.0546875
105553.765625
105625.328125
105715.3203125
105828.5703125
105938.1171875
106034.4765625
106148.7109375
106274.328125
106393.6328125
106493.4765625
106535.5390625
106506.546875
106403.6015625
106275.7265625
106140.1796875
105989.796875
105826.6875
105661.6796875
105521.484375
105404.65625
105282.875
105152.65625
105028.9921875
104885.6484375
104742.5
104591.2734375
104443.03125
104288.7109375
104133.7734375
103984.5625
103830.5078125
103682.921875
103531.78125
103382.5078125
103248.453125
103102.234375
102963.421875
102822.7890625
102682.9296875
102535.390625
102395.953125
102268.8046875
102141.828125
102023.109375
101903.3515625
101786.453125
101683.3984375
101572.0078125
101467.5703125
101361.0703125
101260.953125
101159.65625
101061.1640625
100968.2421875
100874.1953125
100785.6015625
100696.0390625
100609.3125
100532.4453125
100449.78125
100372.1640625
100295.2734375
100222.421875
100149.640625
100078.53125
100011.6640625
99944.2890625
99880.828125
99816.4140625
