25400.0
25400.0
25400.0
25400.0
25400.0
25393.8359375
25389.419921875
25386.607421875
25384.71484375
25383.505859375
25382.689453125
25382.154296875
25381.810546875
25381.578125
25381.427734375
25381.32421875
25381.255859375
25381.212890625
25381.181640625
25381.16015625
25381.14453125
25381.134765625
25381.126953125
25381.12109375
25381.1171875
25381.11328125
25381.111328125
25381.109375
25381.107421875
25381.10546875
25381.103515625
25381.103515625
25381.1015625
25381.1015625
25381.099609375
25381.099609375
25381.09765625
25381.09765625
25381.095703125
25381.095703125
25381.09375
25381.09375
25381.09375
25381.09375
25381.091796875
25381.091796875
25381.08984375
25381.08984375
25381.087890625
25381.0859375
25381.0859375
25381.083984375
25381.08203125
25381.08203125
25381.080078125
25381.080078125
25381.078125
25381.078125
25381.076171875
25381.076171875
25381.076171875
25381.076171875
25381.05859375
25381.029296875
25380.998046875
25380.91015625
25380.728515625
25380.416015625
25379.95703125
25379.421875
25378.787109375
28416.55078125
37612.16015625
45073.046875
50377.875
55410.38671875
60427.109375
65310.44140625
70487.5390625
75287.625
81281.953125
86809.15625
92282.0703125
97693.3359375
102929.1796875
108572.6015625
114134.0703125
120424.7734375
126244.3359375
131158.078125
136435.3125
141292.84375
146021.296875
150553.78125
155353.78125
160016.875
164291.484375
168419.015625
172071.3125
175177.59375
178218.515625
180928.453125
183881.546875
187328.453125
190628.34375
193535.078125
196217.515625
198666.359375
200860.53125
202866.078125
204653.171875
206267.21875
211092.125
205288.5625
200232.953125
195867.828125
191770.921875
188194.078125
184101.890625
180411.078125
178937.03125
176556.25
173912.296875
171154.234375
