25400.0
25400.0
25400.0
25400.0
25400.0
25400.0
25400.0
25400.0
25400.0
25400.0
25400.0
25400.0
25400.0
25400.0
25400.0
25400.0
25400.0
25400.0
25400.0
25400.0
25400.0
25400.0
25400.0
25400.0
25400.0
25400.0
25400.0
27543.779296875
46412.60546875
63993.27734375
77091.734375
88556.015625
98327.953125
106689.484375
114278.4609375
120955.3984375
126331.7578125
130497.4765625
134071.03125
137047.34375
139610.890625
141744.703125
143577.984375
145418.4375
146837.953125
148046.875
149013.34375
149688.234375
150340.765625
150956.28125
151617.3125
152425.15625
156239.234375
157815.4375
156882.34375
155782.984375
154959.484375
151012.546875
148542.984375
146724.78125
145540.3125
144892.875
145011.078125
144803.0
144195.4375
143463.046875
142695.109375
141760.0
140834.03125
140055.109375
139240.28125
138317.625
137376.265625
136469.125
135586.046875
134778.921875
133967.15625
133189.703125
132514.84375
131799.25
131132.875
130475.4609375
129869.328125
129271.171875
128712.484375
128210.5625
127864.59375
127587.265625
127309.7578125
127032.5390625
126801.3515625
126564.1875
126328.75
126069.015625
125803.9453125
125352.5
124984.1015625
124679.7578125
124385.46875
124097.359375
123838.109375
123569.1015625
123312.390625
123016.4296875
122717.265625
122397.90625
122075.953125
121730.1640625
121351.6953125
120988.0703125
120657.078125
120338.7421875
120004.3046875
119665.9140625
119336.515625
118972.2734375
118626.2421875
118273.0703125
117936.2265625
117591.9140625
117250.9453125
116923.484375
116665.8359375
116409.890625
116133.0234375
