25400.0
25400.0
25400.0
25047.041015625
24774.322265625
24814.185546875
24839.9765625
24842.72265625
24843.6171875
24844.73046875
24845.96875
24847.291015625
24848.55078125
24849.830078125
24851.015625
24852.234375
24853.30078125
24854.974609375
24856.296875
24857.275390625
24858.16015625
24859.00390625
24859.8125
24860.580078125
24861.376953125
24862.103515625
24862.8359375
24863.544921875
24864.18359375
24864.869140625
24865.548828125
24866.287109375
24867.009765625
24867.7421875
24868.4609375
24869.11328125
24869.73046875
24870.287109375
24870.865234375
24871.3984375
24871.85546875
24872.328125
24872.794921875
24873.240234375
24873.861328125
24874.578125
24875.26953125
24876.009765625
24876.779296875
24877.54296875
24878.349609375
24879.1640625
24879.91796875
24880.740234375
24881.560546875
24882.5
24884.474609375
24888.302734375
24901.751953125
24980.255859375
28592.21484375
33215.25
38681.40234375
43565.35546875
47557.2265625
52982.08203125
58482.23046875
64354.79296875
70092.265625
75924.4765625
82827.7421875
88837.515625
94405.65625
100029.890625
106269.2578125
112682.59375
119093.265625
125395.765625
131132.734375
136862.96875
142122.609375
147343.4375
152827.0
157977.75
162971.375
167472.5625
171803.0
175491.515625
178464.265625
181696.625
185375.484375
189053.640625
192296.234375
194410.828125
190478.734375
187509.140625
184373.4375
181458.890625
178248.0
174835.28125
171931.203125
168920.609375
166159.84375
163502.625
160688.515625
158553.859375
157592.15625
156022.09375
153982.90625
152173.75
150546.71875
149266.90625
148413.90625
147504.15625
146729.46875
146077.0625
145554.71875
145141.4375
145206.296875
145194.953125
145109.78125
144998.0
144877.765625
