25400.0
25400.0
25400.0
25400.0
25400.0
25400.0
25400.0
25400.0
25400.0
25400.0
25400.0
25400.0
25400.0
25400.0
25400.0
25400.0
25400.0
25400.0
25400.0
30440.185546875
50261.5546875
69825.2421875
86006.1640625
100156.765625
111659.6875
121135.2421875
128877.625
134931.34375
139656.890625
143148.640625
145386.3125
147098.09375
148370.421875
149369.875
154082.0
155371.125
153023.0625
149199.625
144179.0
140387.515625
137927.109375
136668.09375
136848.078125
137025.875
137384.96875
137645.28125
137560.015625
136899.84375
135807.921875
134601.265625
133329.609375
132060.359375
130739.9375
129446.359375
128312.34375
127103.3984375
125978.078125
124845.078125
123761.34375
122717.296875
121736.0859375
120832.265625
119937.578125
119104.0234375
118275.078125
117476.6015625
116776.8515625
116032.0390625
115338.109375
114649.4296875
114011.75
113380.78125
112773.0078125
112205.8828125
111644.46875
111126.0859375
110614.3984375
110124.34375
109698.8984375
109246.7265625
108825.3125
108403.6484375
108009.0078125
107618.859375
107246.328125
106899.359375
106564.96875
106254.1328125
105945.9765625
105641.9609375
105372.828125
105087.2265625
104820.609375
104556.6875
104311.7734375
104072.515625
103845.6171875
103636.8984375
103432.0703125
103244.8671875
103061.65625
102886.4296875
102735.9765625
102579.5234375
102437.5625
102302.609375
102180.9765625
102061.1015625
101947.078125
101841.40625
101741.328125
101649.359375
101561.828125
101483.40625
101419.234375
101355.515625
101303.2109375
101258.296875
101222.234375
101193.0390625
101170.2265625
101156.421875
101150.3046875
101147.78125
101195.4140625
