25400.0
25400.0
25400.0
25205.6796875
24913.0
24668.07421875
24554.98828125
24468.44140625
24334.201171875
24313.953125
24311.333984375
24312.201171875
24314.201171875
24316.5234375
24318.890625
24321.306640625
24323.634765625
24325.947265625
24328.205078125
24330.2421875
24332.41796875
24334.48828125
24337.76953125
24340.93359375
24344.166015625
24347.576171875
24351.169921875
24355.2109375
24359.7109375
24365.072265625
24371.349609375
24378.044921875
24387.033203125
24397.9140625
24412.537109375
24429.29296875
24448.537109375
24473.23828125
24505.60546875
24552.56640625
24614.30859375
24688.23046875
24834.166015625
25068.15234375
25206.578125
25266.30078125
25289.833984375
25299.083984375
25302.83984375
25305.80078125
25308.94140625
25310.322265625
25312.4453125
25314.875
25316.60546875
25317.77734375
25317.814453125
25317.505859375
25313.5234375
25311.369140625
25404.951171875
25606.23046875
25960.69140625
26936.96875
28444.0546875
30913.10546875
34153.66796875
38162.71484375
42744.859375
46941.44921875
51991.05078125
57339.375
62945.5234375
68850.5390625
73888.9921875
80344.953125
86544.7421875
92437.4921875
97699.3046875
102545.3515625
108461.921875
114344.1015625
121053.6640625
126889.296875
132407.515625
137827.140625
142899.28125
147914.65625
152898.828125
158117.078125
163019.0625
167165.25
171417.9375
175253.5
178961.296875
181172.828125
178370.21875
176101.484375
174052.265625
171861.5
169692.953125
167620.328125
165896.421875
164225.265625
162361.265625
160566.671875
158822.453125
157186.859375
155227.90625
153335.671875
151578.71875
149926.703125
148041.140625
146088.96875
144387.65625
144283.265625
143681.75
142629.9375
141201.78125
140099.6875
138951.640625
137996.734375
137249.359375
136662.53125
136158.25
135601.9375
