25400.0
25400.0
24563.037109375
24692.8046875
24247.591796875
23640.849609375
23330.041015625
23226.701171875
23232.873046875
23271.888671875
23353.736328125
23521.58203125
23856.99609375
24568.71875
24892.640625
24994.328125
25031.53515625
25054.328125
25072.0390625
25096.22265625
25134.822265625
25157.91015625
25171.6796875
25182.365234375
25191.716796875
25200.0234375
25209.79296875
25222.5546875
25234.4921875
25246.83984375
25256.41015625
25264.595703125
25272.45703125
25274.716796875
25303.671875
25626.19921875
26348.908203125
28528.0390625
32911.125
37752.0625
43154.10546875
48235.9609375
52246.9296875
56216.53515625
59459.82421875
63084.24609375
65561.0859375
69616.1328125
75128.03125
80681.1796875
87438.8125
94347.375
101537.21875
110025.859375
117495.0390625
125147.1875
131608.234375
132633.296875
133369.0
134176.09375
134658.734375
134757.6875
134626.65625
134352.5
133987.703125
133520.84375
133051.359375
132454.875
131759.484375
130972.5390625
130177.7734375
129635.78125
129244.4921875
128791.953125
128160.6484375
127548.5
126947.875
126377.3984375
125917.1953125
125608.34375
125172.6328125
124669.9375
124167.90625
123655.765625
123158.125
122689.7578125
122222.796875
121786.9453125
121349.4609375
120928.1171875
120554.125
120151.609375
119763.125
119407.71875
118912.6484375
118317.5390625
117839.953125
117292.8671875
117429.25
117393.1484375
117128.5390625
116746.90625
116310.0
115774.96875
115405.9765625
115038.3359375
114639.15625
114303.4765625
114080.109375
113872.7109375
113693.7421875
113549.890625
113391.96875
113199.28125
113020.734375
112844.5625
112715.4453125
112716.78125
112776.4140625
112806.7109375
112807.6796875
112793.84375
112775.109375
112757.0625
112741.7109375
