25400.0
25400.0
25251.943359375
24536.2265625
24223.224609375
24047.13671875
23875.486328125
23833.896484375
23828.17578125
23829.494140625
23832.416015625
23836.642578125
23842.58203125
23850.083984375
23858.685546875
23869.33203125
23883.15625
23899.146484375
23923.107421875
23956.61328125
24004.544921875
24063.322265625
24156.462890625
24298.970703125
24713.767578125
24986.09375
25100.326171875
25143.87109375
25160.451171875
25168.263671875
25174.642578125
25180.423828125
25185.8984375
25192.33984375
25200.828125
25210.7578125
25220.900390625
25231.0859375
25241.095703125
25249.6640625
25257.029296875
25263.974609375
25269.857421875
25275.59765625
25280.17578125
25283.90234375
25287.751953125
25291.84765625
25291.9453125
25292.64453125
25290.802734375
25383.412109375
25619.296875
25987.529296875
27051.51953125
28692.837890625
31908.212890625
35376.9375
39378.0234375
43440.796875
46887.6796875
49882.84765625
52591.828125
56602.1875
61303.828125
66001.4765625
71252.28125
76397.3125
81740.3515625
87085.6328125
92685.8046875
99392.25
105585.2421875
111624.3984375
117295.859375
123061.9140625
129102.03125
134536.15625
139706.84375
145243.40625
150898.765625
151243.890625
151042.359375
150743.890625
150356.09375
149891.375
149379.859375
148721.484375
148022.84375
147350.515625
146466.421875
145532.109375
144519.796875
143515.5625
142469.75
141466.953125
140865.609375
140185.125
139492.375
138756.203125
137869.75
137100.59375
136287.4375
135534.84375
134775.15625
134050.671875
133509.921875
132927.453125
132348.265625
131748.515625
131181.03125
130606.0390625
130041.234375
129538.1171875
128988.3203125
128519.875
128005.6015625
127389.3203125
126765.703125
126138.6328125
125404.9921875
124629.71875
123900.4140625
123173.9453125
