25400.0
25066.314453125
23913.6484375
22548.5859375
21144.103515625
20232.244140625
19417.638671875
19219.81640625
19414.328125
19901.408203125
21652.2109375
22889.798828125
23812.55859375
24631.990234375
25014.4296875
24978.638671875
24997.873046875
25035.900390625
25075.322265625
25112.43359375
25141.1171875
25166.359375
25186.1640625
25195.697265625
25205.94921875
25215.18359375
25221.083984375
25276.673828125
25565.7421875
26525.955078125
29582.796875
34720.37890625
40387.953125
47346.84375
51322.13671875
55569.21875
59963.1171875
64424.05078125
68312.953125
71664.1328125
75016.4296875
78198.3359375
80999.484375
83403.6015625
85498.3203125
87541.5234375
89281.3515625
90863.4609375
92472.546875
94012.3671875
95441.4140625
96676.7421875
97784.8671875
98772.15625
99715.3828125
100884.8359375
102157.3828125
103356.7109375
104366.3203125
105271.5703125
106042.921875
106744.1328125
107358.75
107880.15625
108353.5078125
108723.328125
108923.7578125
109280.953125
109591.5625
109852.2421875
110039.7578125
110177.0859375
110263.421875
110311.5625
110321.828125
110302.4453125
110259.171875
110196.1953125
110151.5625
110093.359375
110020.5234375
109918.15625
109798.3046875
109647.84375
109487.625
109314.75
109133.8515625
108954.859375
108794.6875
108662.84375
108532.9140625
108396.4765625
108269.5703125
108126.671875
107992.7265625
107855.203125
107719.609375
107578.2265625
107433.796875
107274.4296875
107112.0625
106957.3203125
106798.6484375
106641.859375
106501.1015625
106347.890625
106201.890625
106093.703125
106027.9921875
105932.203125
105815.9765625
105693.0625
105558.8984375
105426.7578125
105288.6640625
105149.171875
105023.421875
104899.75
104805.609375
104742.3125
104694.6640625
104639.7109375
104583.15625
104525.0078125
104463.015625
104435.0703125
104411.53125
