25400.0
25400.0
24754.478515625
24425.125
23800.05078125
23429.01171875
23066.439453125
22864.037109375
22771.513671875
22795.111328125
22882.50390625
23053.12109375
23384.6328125
24099.982421875
24427.845703125
24539.708984375
24583.564453125
24612.466796875
24643.21875
24681.30859375
24719.759765625
24759.748046875
24794.900390625
24828.255859375
24872.865234375
24917.349609375
24956.71875
24989.087890625
25032.25
25066.419921875
25089.712890625
25110.03515625
25127.5859375
25144.505859375
25158.740234375
25171.91015625
25183.794921875
25194.7734375
25204.19140625
25212.478515625
25220.51953125
25227.43359375
25233.052734375
25238.02734375
25242.81640625
25248.689453125
25253.568359375
25269.677734375
25311.98046875
25417.0234375
25664.369140625
26326.150390625
27669.02734375
30568.00390625
33830.2421875
38579.04296875
43463.734375
48400.09375
54195.5625
60942.57421875
67586.0390625
73739.2109375
79986.265625
87289.3984375
94438.421875
101149.046875
107177.7890625
110139.6640625
112175.703125
114028.453125
115457.4296875
116967.4296875
118201.8359375
119166.484375
119947.3671875
120590.2578125
121212.1015625
121727.6953125
122063.078125
122372.0078125
122610.65625
122719.65625
122715.7109375
122625.625
122474.0078125
122288.171875
122062.484375
121854.3359375
121999.7265625
122077.7890625
122103.1953125
122000.15625
121841.6953125
121706.640625
121583.109375
121689.40625
121696.546875
121629.328125
121510.2421875
121360.71875
121183.5234375
120978.8203125
120753.3515625
120500.3984375
120252.90625
120008.828125
119782.7734375
119558.9921875
119347.53125
119153.4765625
118954.5234375
118753.03125
118562.09375
118375.375
118198.3125
117986.3203125
117769.8515625
117535.265625
117299.3203125
117048.6015625
116785.8828125
116526.78125
116291.21875
116082.3671875
116132.1328125
