25400.0
25290.791015625
24765.076171875
24167.9921875
21688.65234375
20285.849609375
20383.943359375
21490.35546875
22843.37890625
23786.671875
24588.208984375
24920.8125
24881.873046875
24893.12890625
24930.60546875
24975.75
25019.03125
25054.4921875
25089.4765625
25119.015625
25144.486328125
25165.78515625
25183.849609375
25198.458984375
25209.73828125
25219.5
25226.458984375
25234.357421875
25271.15625
25390.201171875
25814.666015625
27263.712890625
30578.5625
35137.98046875
40767.92578125
46821.31640625
52838.89453125
56668.359375
60907.8515625
65122.8125
68817.125
71860.2265625
74863.296875
78007.328125
80822.875
83196.265625
85337.8125
87394.2421875
89194.03125
90859.4296875
92188.234375
93742.3984375
95142.15625
96325.9140625
97536.375
98582.890625
99523.7578125
100369.6953125
101190.3359375
101930.4921875
102733.0234375
103858.2265625
104797.765625
105652.453125
106403.6953125
107012.5234375
107608.90625
108125.796875
108597.7109375
109007.640625
109383.046875
109612.5625
109757.15625
110093.390625
110389.5625
110619.484375
110792.0625
110907.6953125
110992.3984375
111039.21875
111056.1484375
111046.96875
111016.484375
110971.421875
110909.7890625
110845.359375
110799.0859375
110734.1953125
110647.9375
110552.7265625
110428.1015625
110288.015625
110135.65625
109982.9296875
109820.1328125
109654.8828125
109508.4453125
109389.1796875
109279.765625
109168.3515625
109053.8359375
108944.1015625
108818.5625
108699.3046875
108556.421875
108416.3203125
108269.8359375
108121.15625
107974.828125
107820.984375
107672.5078125
107522.8125
107374.3359375
107240.75
107093.546875
106951.609375
106807.9296875
106671.484375
106555.34375
106496.234375
106416.71875
106313.4921875
106201.96875
106078.28125
