25400.0
25367.544921875
24701.6484375
24868.654296875
23215.6171875
22275.314453125
21067.517578125
20702.81640625
20657.255859375
20954.9609375
22402.447265625
23793.357421875
24758.71484375
24776.060546875
24779.859375
24817.33203125
24868.03125
24920.48046875
24970.384765625
25016.125
25053.14453125
25088.95703125
25118.37109375
25143.626953125
25165.67578125
25183.705078125
25198.744140625
25210.556640625
25225.00390625
25240.44921875
25248.1875
25269.302734375
25349.009765625
25661.115234375
26696.29296875
29545.70703125
33841.12890625
39478.33984375
46123.171875
52689.45703125
59708.59765625
64480.90625
68937.5
72762.609375
75853.8984375
79393.53125
82452.25
85196.328125
87489.1953125
89730.4296875
91727.765625
93446.484375
94898.8828125
96443.9609375
97873.1640625
99184.171875
100257.8125
101288.2578125
102136.8984375
102942.625
103658.1640625
104324.015625
105180.75
106195.578125
107087.1171875
107838.6328125
108507.7734375
109092.9609375
109557.0078125
110010.71875
110388.5234375
110718.3046875
110987.53125
111143.4375
111213.84375
111456.4765625
111687.1328125
111841.1328125
111942.453125
112000.09375
112019.5390625
112009.0234375
111973.265625
111910.4765625
111828.59375
111724.953125
111607.75
111496.015625
111394.8359375
111290.3359375
111170.3046875
111038.8984375
110908.859375
110751.6484375
110597.0
110439.25
110289.7265625
110136.765625
109984.0859375
109847.1171875
109719.8359375
109603.140625
109477.8359375
109341.5
109208.046875
109050.9140625
108901.46875
108745.3125
108591.875
108429.53125
108264.640625
108103.7109375
107936.9921875
107778.6015625
107616.9609375
107455.9296875
107311.3515625
107152.59375
106999.9375
106845.75
106698.6796875
106598.3984375
106520.3515625
106418.3828125
106298.1796875
106174.6640625
106042.890625
