25400.0
25400.0
25400.0
25184.087890625
25110.32421875
25110.32421875
25110.32421875
25110.32421875
25110.32421875
25110.32421875
25110.32421875
25110.32421875
25110.32421875
25128.408203125
25151.376953125
25155.826171875
25157.205078125
25157.212890625
25155.701171875
25158.255859375
31089.451171875
48453.296875
65173.41015625
82048.9140625
95730.328125
108313.5625
118570.4375
126761.203125
133810.984375
139275.046875
143119.671875
146365.25
148809.421875
150504.40625
151568.0
151018.296875
145331.203125
140775.109375
136760.96875
132833.4375
129870.4609375
128519.234375
126477.84375
124446.671875
122956.90625
121954.6953125
121720.5234375
121910.7265625
122238.140625
122539.5078125
122842.3203125
123008.46875
123296.8203125
123695.953125
124060.2109375
124388.203125
124578.796875
124510.9453125
124178.8203125
123580.984375
122916.9140625
122363.5703125
121790.09375
121201.59375
120568.890625
119926.9765625
119347.4609375
118711.9453125
118107.171875
117498.203125
116924.6875
116348.578125
115788.703125
115261.625
114733.1015625
114237.0
113739.3828125
113226.34375
112776.546875
112307.453125
111864.2890625
111437.203125
111042.4140625
110649.40625
110267.1171875
109906.390625
109544.8125
109203.7890625
108860.8203125
108526.8046875
108232.7265625
107916.84375
107619.9609375
107322.0859375
107040.8359375
106757.4453125
106481.6796875
106222.5625
105963.2421875
105719.96875
105476.609375
105241.09375
105034.5078125
104813.390625
104606.4375
104398.328125
104203.6015625
104008.609375
103819.890625
103643.2890625
103467.5234375
103303.921875
103141.1796875
102984.9296875
102848.453125
102702.9921875
102567.7109375
102434.5390625
102311.828125
102190.21875
102073.3671875
101964.171875
101855.7109375
101755.46875
101657.1953125
