25400.0
25400.0
25400.0
24944.703125
24621.447265625
24625.30859375
24490.541015625
24416.85546875
24395.349609375
24391.65625
24391.634765625
24392.935546875
24394.865234375
24396.908203125
24399.076171875
24401.16015625
24403.240234375
24405.28125
24407.08984375
24409.029296875
24410.83984375
24413.0234375
24415.099609375
24417.154296875
24419.5
24421.9140625
24424.578125
24427.31640625
24430.34375
24433.59765625
24436.93359375
24441.140625
24445.861328125
24451.607421875
24458.322265625
24466.970703125
24478.208984375
24490.908203125
24505.419921875
24523.3671875
24548.322265625
24583.53515625
24626.333984375
24682.326171875
24752.427734375
24916.33984375
25129.98046875
25243.427734375
25290.916015625
25308.1484375
25314.849609375
25317.177734375
25317.59375
25319.439453125
25322.056640625
25322.42578125
25321.595703125
25321.25
25321.318359375
25318.876953125
25314.03125
25307.546875
25367.314453125
25503.203125
25754.208984375
26454.546875
27654.15625
30132.8515625
34383.72265625
39444.4140625
44725.921875
50403.11328125
56425.30078125
62683.9453125
70539.3671875
77057.78125
83024.0078125
88577.7421875
93919.0703125
100117.265625
106542.90625
113273.5390625
119255.859375
125182.0625
130872.2265625
136111.296875
141497.5625
146945.5625
152452.734375
157649.171875
162022.8125
166505.640625
170571.984375
174011.859375
177094.640625
181044.375
184930.59375
182479.3125
179812.34375
177277.59375
174651.640625
172502.234375
170514.21875
168352.46875
166334.3125
163902.8125
161637.546875
159401.140625
157285.53125
155066.75
152756.8125
151809.65625
151115.296875
149820.296875
148244.296875
146800.515625
145336.953125
144311.640625
143537.9375
142877.890625
142186.265625
141588.359375
141093.046875
140710.484375
140409.9375
