25400.0
25400.0
25399.537109375
24828.669921875
24388.099609375
23862.943359375
23563.845703125
23270.755859375
23136.908203125
23095.724609375
23107.365234375
23142.185546875
23216.61328125
23347.03125
23589.09375
24159.61328125
24580.28515625
24752.8671875
24819.140625
24852.990234375
24883.416015625
24912.162109375
24939.84375
24964.177734375
24987.86328125
25014.9921875
25047.76171875
25069.734375
25084.4921875
25096.103515625
25105.689453125
25113.21875
25121.5078125
25134.455078125
25144.8671875
25151.90234375
25158.177734375
25163.125
25166.708984375
25169.826171875
25172.595703125
25175.138671875
25176.93359375
25178.603515625
25181.765625
25182.01953125
25180.314453125
25198.041015625
25259.650390625
25418.9765625
25725.306640625
26717.58203125
28676.294921875
32438.59375
37310.80078125
42259.96875
47971.3984375
54374.05078125
61473.08984375
68564.3828125
75408.09375
83327.90625
90735.7890625
97909.6953125
104693.3671875
112304.7109375
120085.5625
124405.953125
125929.6484375
127251.859375
128330.1015625
129145.75
129860.8046875
130400.3203125
130694.8359375
130927.25
130995.0859375
130869.0
130601.0390625
130270.6953125
129827.6171875
129353.921875
128833.578125
128310.6171875
128145.4765625
127878.0390625
127534.671875
127213.4140625
127021.9140625
126930.046875
126727.84375
126479.625
126113.046875
125741.9296875
125347.8828125
124969.25
124584.5546875
124206.9375
123853.09375
123496.8046875
123166.34375
122832.1796875
122497.609375
122188.3359375
121856.84375
121556.734375
121229.046875
120965.5546875
121076.015625
121008.1328125
120783.765625
120469.2421875
120014.1796875
119504.15625
118988.15625
118548.140625
118021.40625
117477.6953125
117067.140625
116738.6015625
116360.5625
115948.6640625
115723.1328125
115563.9296875
115385.2109375
115235.140625
