25400.0
25306.5625
24750.2265625
24859.62109375
22674.46875
21665.9140625
20585.689453125
20123.1640625
20464.47265625
21821.552734375
23135.5
24060.49609375
24867.25
24887.654296875
24876.818359375
24901.388671875
24942.08984375
24985.6640625
25027.0390625
25060.880859375
25094.306640625
25122.451171875
25146.759765625
25167.53125
25184.9453125
25199.29296875
25210.443359375
25220.060546875
25226.865234375
25239.48046875
25274.873046875
25383.41015625
25776.345703125
27195.255859375
30414.84765625
34883.625
40477.94921875
46572.27734375
52723.265625
57273.1640625
61650.2265625
65923.21875
69639.5390625
72693.4609375
75789.015625
78948.7734375
81753.59375
84122.109375
86283.640625
88337.59375
90131.828125
91747.2578125
93143.59375
94679.484375
96064.4140625
97239.9453125
98424.0859375
99434.296875
100343.1484375
101180.0625
101953.7734375
102677.796875
103534.1796875
104607.46875
105505.171875
106320.1171875
107034.015625
107611.9453125
108174.3125
108663.6953125
109104.34375
109492.828125
109834.25
109984.578125
110148.0859375
110501.5078125
110765.8984375
110966.09375
111111.7734375
111203.25
111264.390625
111291.046875
111287.7890625
111259.8984375
111214.7421875
111152.1875
111076.4765625
111017.6015625
110958.3125
110876.84375
110775.78125
110669.1953125
110528.5703125
110380.265625
110221.453125
110062.5703125
109896.8125
109731.59375
109602.5078125
109490.8203125
109382.7890625
109273.5625
109157.0703125
109044.7890625
108902.5078125
108760.4453125
108614.21875
108470.9453125
108320.5234375
108166.578125
108015.1484375
107857.2109375
107707.3125
107554.0546875
107401.515625
107264.296875
107113.9921875
106970.1171875
106824.421875
106685.46875
106593.1640625
106524.21875
106435.03125
106324.2890625
106206.578125
106078.828125
