25400.0
25400.0
25400.0
25309.51171875
25289.890625
25289.890625
25289.890625
25289.890625
25289.890625
25289.890625
25289.890625
25289.890625
25289.890625
25289.890625
25289.890625
25289.890625
25289.890625
25289.890625
30037.818359375
48628.0390625
67178.984375
84239.3359375
98401.3828125
111505.2890625
121121.796875
129550.0234375
136156.03125
141277.828125
145060.984375
147825.8125
149914.171875
151215.484375
154794.078125
150965.21875
144950.734375
139801.359375
135164.9375
133301.8125
130619.265625
127929.8046875
126216.4453125
125333.1171875
125341.15625
125753.3515625
126259.0859375
126719.3203125
126988.53125
127424.0546875
127957.8046875
128391.8359375
128623.890625
128479.984375
127953.4140625
127201.4375
126389.59375
125626.9609375
124809.328125
124000.28125
123159.2421875
122323.4921875
121530.9921875
120736.1875
119990.578125
119244.8828125
118523.1328125
117890.3671875
117188.34375
116514.15625
115851.984375
115250.6953125
114667.9765625
114108.78125
113585.4375
113061.6875
112570.515625
112078.25
111599.8125
111180.0859375
110729.53125
110305.0546875
109879.203125
109482.140625
109084.5546875
108700.796875
108340.8125
107982.0234375
107645.984375
107309.796875
106984.3359375
106698.9453125
106393.4609375
106109.703125
105826.8046875
105563.9765625
105303.1875
105051.6953125
104816.21875
104582.2109375
104362.9375
104145.5390625
103936.5390625
103753.6171875
103559.8984375
103379.9375
103201.7109375
103035.71875
102871.8046875
102716.6953125
102572.0859375
102425.046875
102289.1484375
102154.234375
102026.203125
101915.546875
101798.3984375
101690.515625
101584.5
101486.8125
101383.21875
101285.8671875
101196.6875
101107.5234375
101026.1640625
100946.28125
