25400.0
25247.037109375
24623.79296875
24348.056640625
23176.259765625
22454.64453125
23273.77734375
24288.98828125
24574.9921875
24664.095703125
24732.412109375
24799.435546875
24866.99609375
24931.052734375
24988.638671875
25039.595703125
25082.84765625
25115.30859375
25145.34375
25168.23828125
25190.240234375
25216.71875
25231.599609375
25240.126953125
25275.849609375
25473.861328125
26147.13671875
28580.296875
33209.13671875
38513.296875
45559.265625
52638.58203125
61055.4921875
70485.78125
75938.1015625
80299.828125
84593.90625
88468.8828125
91625.90625
94506.6640625
97062.59375
98911.7265625
100959.0234375
102647.421875
104113.2421875
105295.3671875
106295.796875
107187.1875
107907.734375
108542.203125
109000.90625
109949.046875
110742.6796875
111332.1953125
111854.453125
112273.5
112634.84375
112784.609375
112895.4296875
113257.59375
113482.109375
113599.9453125
113640.3125
113618.90625
113547.515625
113445.5625
113311.6875
113166.1015625
113008.46875
112885.4921875
112740.4609375
112563.8125
112379.4609375
112167.9765625
111950.4375
111723.75
111511.53125
111358.7734375
111181.4140625
110988.8828125
110782.7578125
110574.2734375
110358.5546875
110136.5546875
109915.296875
109680.1328125
109446.53125
109203.5625
108961.8828125
108743.3125
108501.6953125
108274.2890625
108047.453125
107835.6171875
107716.25
107576.234375
107424.2734375
107287.8359375
107271.484375
107160.1484375
106968.40625
106743.6484375
106467.28125
106203.8671875
106034.484375
105889.6171875
105723.1171875
105544.703125
105361.375
105283.640625
105229.6875
105192.1328125
105195.1328125
105251.53125
105346.421875
105394.859375
105406.578125
105385.4765625
105355.5703125
105343.46875
105347.734375
105370.78125
105347.7578125
105432.8359375
