25400.0
25400.0
25400.0
25350.4296875
25332.400390625
25332.400390625
25332.400390625
25332.400390625
25332.400390625
25332.400390625
25332.400390625
25332.400390625
25332.400390625
25332.400390625
25332.400390625
25332.400390625
25332.400390625
25332.400390625
25332.400390625
25814.412109375
42331.015625
61004.06640625
78850.953125
93274.0234375
106757.4296875
116970.078125
125914.828125
132978.6875
138523.625
142835.046875
145863.1875
148180.3125
149690.390625
150774.4375
155379.34375
152877.65625
146443.609375
140747.734375
137608.984375
134682.921875
131691.171875
129536.171875
128286.2578125
127600.9765625
127982.796875
128442.609375
128816.9765625
129124.984375
129580.234375
130016.8046875
130288.6171875
130245.9453125
129789.90625
129019.71875
128202.703125
127307.703125
126429.078125
125504.4140625
124605.65625
123687.046875
122792.1953125
121952.9296875
121114.6875
120329.8828125
119512.640625
118714.859375
118045.171875
117346.15625
116692.2109375
116045.4609375
115441.5546875
114838.6484375
114257.2109375
113710.6171875
113164.3125
112652.234375
112141.0390625
111644.8125
111208.8984375
110743.8046875
110309.125
109875.140625
109468.3125
109063.578125
108672.75
108306.5234375
107941.2421875
107599.2265625
107259.8671875
106933.3515625
106649.328125
106346.265625
106064.09375
105781.3046875
105517.234375
105253.5
105001.421875
104765.796875
104532.5546875
104313.2890625
104093.3828125
103882.375
103698.8046875
103503.7734375
103325.3984375
103148.109375
102982.796875
102818.3984375
102659.6953125
102511.2578125
102368.8359375
102235.8671875
102103.0078125
101976.828125
101868.546875
101753.6640625
101647.359375
101541.234375
101443.1015625
101346.9140625
101255.3671875
101170.71875
101087.8515625
101011.4453125
100930.234375
