25400.0
25117.236328125
24645.990234375
24143.107421875
21685.634765625
20601.203125
19828.05078125
19705.30859375
19956.734375
20448.978515625
22150.7578125
23590.49609375
24622.037109375
24843.69140625
24839.958984375
24882.8046875
24941.078125
24998.34375
25049.0625
25081.85546875
25111.09765625
25140.587890625
25164.029296875
25182.486328125
25207.54296875
25224.73046875
25302.908203125
25630.44140625
26809.61328125
30249.138671875
35885.34375
42556.0703125
48812.5
53735.73828125
57762.46484375
62258.41015625
66487.0703125
70588.03125
74383.828125
77584.8828125
81012.5078125
83953.2578125
86554.03125
88914.5390625
90925.9453125
92911.5546875
94557.125
96083.5
97560.640625
98921.21875
100088.21875
101048.328125
101876.0390625
102561.6484375
103628.3828125
104862.0234375
105873.078125
106817.5703125
107590.078125
108263.046875
108813.265625
109300.2890625
109710.9921875
110037.8359375
110317.390625
110534.4375
110684.0
110661.2890625
110725.59375
110905.7734375
111009.65625
111058.0390625
111060.28125
111025.5859375
110965.3671875
110881.2578125
110770.9765625
110643.9609375
110492.25
110341.53125
110222.3828125
110079.7890625
109937.2421875
109785.1484375
109628.8203125
109450.9453125
109269.8671875
109096.484375
108913.734375
108744.1640625
108576.046875
108427.734375
108326.9140625
108225.1640625
108118.484375
107997.0
107869.1796875
107724.84375
107569.28125
107417.515625
107257.5
107102.828125
106942.8125
106783.8984375
106641.6640625
106484.609375
106333.8515625
106180.046875
106033.609375
105885.1015625
105803.1484375
105728.6484375
105626.59375
105512.921875
105424.2421875
105358.8046875
105326.6875
105277.265625
105221.4765625
105156.9453125
105084.203125
105007.2890625
104929.859375
104854.6875
104777.265625
104702.609375
104626.5546875
