25400.0
25400.0
25308.6953125
24642.958984375
24689.19140625
24370.126953125
23426.236328125
23075.076171875
23023.484375
23053.513671875
23141.2734375
23320.388671875
23717.302734375
24400.390625
24686.416015625
24783.134765625
24826.13671875
24856.533203125
24883.583984375
24913.935546875
24940.75390625
24967.373046875
24991.265625
25012.048828125
25030.421875
25063.6953125
25085.5234375
25098.962890625
25113.390625
25127.41796875
25137.462890625
25145.20703125
25151.125
25156.830078125
25161.134765625
25164.81640625
25168.623046875
25171.00390625
25173.58203125
25174.986328125
25178.06640625
25179.09765625
25184.005859375
25218.005859375
25303.7890625
25521.0703125
25988.03125
27396.517578125
30485.451171875
34697.4296875
40483.4140625
46110.6875
52520.6328125
60006.8203125
67114.78125
74358.515625
81551.921875
89889.484375
97508.7578125
105067.3125
110818.9765625
112982.140625
115089.3046875
116683.4609375
118274.0
119549.8515625
120464.3359375
121303.1015625
121945.609375
122506.7734375
122906.6484375
123172.0546875
123395.1484375
123451.765625
123379.7734375
123222.2109375
123003.7109375
122740.1953125
122639.3203125
122780.28125
122825.625
122807.8046875
122738.65625
122517.5546875
122279.0
122072.1328125
121986.59375
121960.8984375
121849.3203125
121677.0
121490.2890625
121238.234375
120965.6484375
120684.171875
120420.1484375
120153.15625
119888.234375
119633.578125
119378.640625
119135.359375
118890.7890625
118646.0625
118439.7890625
118218.1953125
117993.3125
117747.453125
117497.3828125
117224.421875
116934.2421875
116990.5703125
116993.6796875
116861.890625
116623.625
116359.5859375
116121.609375
115848.40625
115467.0546875
115067.9765625
114649.3671875
114194.4453125
113791.8828125
113513.5234375
113249.3046875
112969.078125
112656.6640625
