25400.0
25400.0
25356.8828125
24708.5234375
24690.64453125
24447.041015625
23823.79296875
23338.23828125
22993.373046875
22934.119140625
22957.19140625
23028.435546875
23180.294921875
23471.59765625
24172.591796875
24542.931640625
24673.83203125
24726.755859375
24758.2890625
24784.623046875
24815.025390625
24851.140625
24882.4140625
24908.9453125
24932.880859375
24953.033203125
24970.087890625
25003.119140625
25023.8984375
25037.962890625
25052.0
25066.548828125
25082.44921875
25097.009765625
25109.83984375
25121.84765625
25132.681640625
25141.794921875
25150.037109375
25157.791015625
25163.962890625
25169.69140625
25174.525390625
25180.166015625
25184.24609375
25191.376953125
25220.23828125
25290.3046875
25473.18359375
25869.640625
27068.107421875
29700.203125
33568.1875
38843.96484375
44465.5234375
49772.80859375
56717.18359375
64137.9296875
71282.3984375
77946.1484375
85810.6875
93673.4453125
100866.609375
107574.8203125
109694.5
111942.2265625
113897.8203125
115285.859375
116789.2734375
118005.6953125
119020.140625
119797.75
120465.6640625
120987.453125
121424.234375
121755.828125
121980.953125
122170.515625
122225.046875
122181.8828125
122058.203125
121894.2421875
121685.7734375
121756.09375
121915.046875
121992.578125
122015.15625
121987.859375
121919.34375
121775.2421875
121535.109375
121340.921875
121138.5390625
121122.9375
121073.1328125
120957.6171875
120793.234375
120602.3125
120386.3203125
120132.953125
119895.578125
119658.3828125
119426.1640625
119217.5625
118985.84375
118763.1015625
118536.203125
118315.171875
118086.71875
117865.6015625
117675.8046875
117476.40625
117274.59375
117055.7734375
116828.1640625
116615.3125
116364.640625
116115.28125
116010.8046875
116069.203125
116022.0
115863.9140625
115647.265625
115418.171875
115107.0078125
114931.96875
