25400.0
25274.609375
24693.017578125
24505.8671875
22798.33203125
21561.095703125
22142.05078125
23884.53515625
24571.646484375
24651.216796875
24694.775390625
24746.5390625
24806.189453125
24872.322265625
24935.029296875
24993.556640625
25043.90234375
25082.48046875
25117.22265625
25145.427734375
25168.357421875
25197.3046875
25217.37890625
25229.771484375
25242.509765625
25326.19921875
25642.720703125
26770.5625
29983.529296875
34594.23046875
40359.63671875
46606.35546875
52367.734375
57356.78515625
64505.13671875
69096.15625
73393.09375
77446.703125
80996.859375
84404.53125
87879.34375
90555.796875
93085.8359375
95349.6484375
97408.71875
99043.96875
100519.109375
101997.84375
103205.1328125
104280.8671875
105152.9140625
105882.671875
106510.1640625
107036.953125
107538.359375
108246.2109375
109136.78125
109843.53125
110447.4609375
110946.078125
111349.3359375
111691.3515625
111951.5390625
112174.09375
112260.9140625
112284.109375
112369.8203125
112594.1015625
112726.703125
112779.9375
112780.609375
112738.3203125
112662.015625
112552.3828125
112428.4921875
112288.2421875
112134.4375
111993.828125
111860.0390625
111730.5078125
111578.2421875
111411.265625
111230.640625
111052.6640625
110882.9765625
110708.515625
110516.3984375
110353.84375
110212.1640625
110077.8984375
109917.4765625
109757.875
109585.6640625
109419.7109375
109243.984375
109063.1015625
108883.0859375
108693.6171875
108506.796875
108314.2734375
108122.296875
107950.828125
107764.9140625
107587.8046875
107408.859375
107239.203125
107096.8828125
107005.78125
106890.7421875
106750.171875
106603.4296875
106446.28125
106284.9609375
106137.9375
105977.96875
105989.0703125
105939.2890625
105826.3984375
105675.25
105511.265625
105332.171875
105138.578125
104953.0390625
104774.953125
