25400.0
25400.0
24620.73828125
24393.3828125
23724.859375
23258.25
22803.193359375
22710.291015625
22772.025390625
22943.455078125
23326.197265625
24107.134765625
24424.5625
24523.185546875
24565.248046875
24602.916015625
24643.251953125
24680.076171875
24720.6015625
24759.046875
24811.73828125
24863.513671875
24910.740234375
24951.1640625
24984.314453125
25014.98828125
25042.06640625
25079.28125
25108.8046875
25129.05078125
25147.12890625
25162.33984375
25175.68359375
25187.568359375
25199.16015625
25208.470703125
25216.623046875
25224.2890625
25231.0703125
25236.76953125
25241.478515625
25246.794921875
25252.65234375
25265.419921875
25307.119140625
25416.537109375
25675.92578125
26438.1875
27906.0234375
31015.134765625
34748.17578125
39982.0234375
45311.265625
49933.5078125
56508.046875
63616.4765625
70375.7890625
76733.046875
83591.84375
91425.71875
98576.90625
101642.5703125
103845.2890625
106130.1875
108189.875
109769.265625
111157.4921875
112568.25
113789.9765625
114749.0078125
115565.28125
116268.6171875
116852.6640625
117401.5703125
117816.2265625
118151.5234375
118465.7265625
118636.0625
118719.1953125
118721.7421875
118675.1484375
118592.5
118626.1953125
118904.125
119093.9765625
119233.0390625
119321.390625
119367.3515625
119305.8203125
119204.453125
119110.03125
119044.2265625
119160.4140625
119197.8203125
119165.328125
119085.6484375
118978.078125
118842.5390625
118691.7734375
118521.796875
118333.8984375
118136.6875
117921.28125
117722.46875
117526.53125
117346.03125
117167.6640625
116996.5234375
116839.0234375
116691.84375
116539.5546875
116371.640625
116191.5
116019.1875
115819.3671875
115617.46875
115403.15625
115190.5
114967.0
114743.8359375
114543.875
114351.6171875
114164.9296875
113965.3515625
