25400.0
25400.0
25400.0
24902.36328125
24564.150390625
24481.517578125
24182.548828125
24096.654296875
24072.724609375
24068.490234375
24070.443359375
24074.5390625
24079.005859375
24083.66796875
24089.658203125
24097.107421875
24106.212890625
24116.806640625
24131.392578125
24151.759765625
24177.740234375
24221.337890625
24275.30078125
24363.107421875
24498.89453125
24831.845703125
25080.52734375
25173.84375
25196.35546875
25204.85546875
25208.798828125
25213.3125
25217.16015625
25220.05859375
25225.611328125
25230.15625
25331.908203125
25781.8359375
26943.3515625
29446.84765625
34505.34765625
39477.921875
45254.5
50323.81640625
54300.75
58091.546875
61268.55078125
64859.47265625
67567.921875
69857.375
72521.4765625
77718.7734375
82718.921875
88896.9765625
95647.3359375
102572.9453125
109834.203125
118081.4375
125395.71875
132249.9375
139092.84375
146291.484375
153792.9375
160196.125
166067.046875
164212.765625
162544.09375
160813.359375
159099.21875
157029.34375
154938.359375
152754.609375
150649.96875
148857.375
147180.78125
145590.046875
143914.65625
142668.203125
141341.890625
140016.234375
138816.5625
137650.359375
136239.03125
134818.171875
133534.90625
132002.703125
130440.9296875
129734.3515625
129383.390625
128651.3046875
127617.671875
126678.484375
125883.0625
125077.5625
124588.1328125
124202.59375
123902.5625
123533.1328125
123175.859375
122890.578125
122650.5859375
122467.53125
122331.1640625
122251.3828125
122213.3984375
122219.21875
122469.359375
122655.34375
122767.3515625
122841.5546875
122893.671875
122931.046875
122909.5859375
122859.109375
122788.578125
122693.890625
122658.1328125
122625.65625
122577.3828125
122500.09375
122395.015625
122255.40625
121968.640625
121688.3203125
121407.0390625
121141.3515625
120870.140625
