25400.0
25400.0
25400.0
25400.0
25400.0
25400.0
25400.0
25400.0
25400.0
25400.0
25400.0
25400.0
25400.0
25400.0
25400.0
25400.0
25400.0
34767.3828125
54669.71875
72823.1875
88209.9609375
101170.2734375
112207.7421875
120928.078125
127551.6953125
132727.234375
136460.96875
139307.015625
141591.390625
143355.34375
144726.359375
145780.296875
149842.0625
151052.390625
149649.21875
156630.078125
156492.953125
151904.359375
148878.734375
147233.96875
146126.453125
144794.890625
142949.75
140953.1875
138667.015625
136512.34375
134454.125
132516.25
130726.3828125
128947.6875
127340.59375
125788.65625
124331.5390625
123104.609375
121815.8671875
120635.4453125
119483.4609375
118431.3515625
117407.03125
116436.828125
115545.4921875
114676.28125
113888.1640625
113116.3359375
112371.265625
111721.0390625
111038.1484375
110412.734375
109798.546875
109230.5859375
108674.8984375
108147.921875
107664.328125
107184.5625
106742.203125
106309.921875
105900.28125
105568.3203125
105221.0234375
104903.953125
104593.53125
104308.6484375
104030.65625
103771.140625
103542.6484375
103325.859375
103134.0625
102954.15625
102789.8984375
102658.5078125
102537.75
102440.296875
102360.2890625
102305.578125
102272.1640625
102260.0625
102260.8828125
102283.7578125
102330.921875
102419.28125
102611.03125
102825.6015625
103064.9609375
103289.6484375
103498.484375
103664.0859375
103799.4609375
103960.453125
104114.0078125
104289.6015625
104451.5703125
104601.6953125
104785.8984375
105544.6875
106218.0546875
106779.0
107365.4765625
107901.6640625
108369.015625
108731.03125
109002.5078125
109218.078125
109368.7734375
109469.7109375
