25400.0
25400.0
25400.0
25400.0
25400.0
25400.0
25400.0
25400.0
25400.0
25400.0
25400.0
25400.0
25400.0
25400.0
25400.0
25459.705078125
34406.62890625
46063.578125
63547.8671875
81255.6328125
96716.03125
109376.3046875
119167.484375
127016.0703125
132871.8125
136960.578125
140009.4375
142376.28125
144307.796875
145666.421875
148087.140625
151182.234375
149558.5
156562.296875
160618.59375
155354.390625
152529.859375
151280.78125
149603.4375
147428.046875
144833.40625
142114.0625
139682.53125
137219.4375
134986.8125
132783.625
130802.1328125
128900.765625
127123.515625
125509.5234375
123965.90625
122560.0
121198.421875
119913.5703125
118817.7265625
117678.8671875
116634.859375
115606.203125
114650.453125
113737.4921875
112872.765625
112079.703125
111300.765625
110579.9921875
109873.3203125
109205.609375
108640.546875
108047.5390625
107508.890625
106985.3359375
106508.328125
106048.8203125
105627.9609375
105266.5546875
104915.6796875
104596.078125
104290.21875
104008.4296875
103776.5546875
103539.9140625
103330.328125
103137.6484375
102974.0390625
102835.359375
102721.0859375
102638.59375
102576.59375
102540.4296875
102513.984375
102500.8828125
102515.609375
102561.9375
102648.9375
102875.3671875
103087.9921875
103303.1015625
103514.03125
103700.4375
103820.1484375
103933.25
104053.1796875
104161.7578125
104229.9140625
104246.8046875
104248.6328125
104256.2109375
104254.3984375
104508.8515625
105142.7421875
105658.03125
106180.171875
106639.3515625
107064.0625
107413.46875
107671.7421875
107899.2734375
108070.0703125
108194.3671875
108284.0234375
108472.9609375
108856.265625
109150.703125
109364.8828125
109514.0859375
109621.1796875
