25400.0
25400.0
25400.0
25400.0
25400.0
25400.0
25400.0
25400.0
25400.0
25400.0
25400.0
25400.0
25400.0
25400.0
25400.0
25400.0
25400.0
25400.0
25400.0
40168.85546875
59140.2734375
75164.1953125
89624.9609375
101121.6171875
110623.6796875
118576.125
124566.171875
129360.3984375
132983.0
135716.640625
138377.640625
140268.453125
141798.265625
142983.171875
143984.546875
145378.171875
149044.53125
149934.984375
146949.984375
154372.125
161823.15625
156254.09375
152619.453125
150038.53125
147934.84375
146143.828125
144217.734375
142052.109375
139992.546875
137955.84375
136006.390625
134135.9375
132380.03125
130855.6484375
129231.8984375
127762.421875
126338.9609375
125036.3046875
123762.0625
122558.1171875
121465.0546875
120395.265625
119406.59375
118439.703125
117520.7890625
116725.859375
115888.828125
115119.5703125
114362.1875
113662.8828125
112959.390625
112285.046875
111679.0625
111084.015625
110532.25
109989.0
109469.765625
109020.78125
108547.71875
108110.9140625
107683.03125
107290.0390625
106903.2265625
106540.328125
106214.46875
105899.078125
105617.203125
105379.6328125
105176.421875
105007.296875
104838.0625
104699.4296875
104577.265625
104484.9140625
104416.15625
104369.40625
104343.8203125
104337.8125
104356.6171875
104401.953125
104458.09375
104537.3125
104673.0546875
104915.0703125
105161.2421875
105385.0390625
105583.96875
105766.140625
105851.453125
105924.125
106003.0859375
106088.0390625
106111.9375
106114.9765625
106133.671875
106136.2109375
106126.875
106546.3125
107101.6015625
107550.640625
107983.9765625
108397.3828125
108764.953125
109082.25
