25400.0
25400.0
25400.0
25400.0
25400.0
25400.0
25400.0
25400.0
25400.0
25400.0
25400.0
25400.0
25400.0
25400.0
25400.0
25400.0
25400.0
34422.96875
54520.10546875
72870.546875
88436.7578125
101425.78125
112322.515625
121060.765625
127649.7109375
132765.65625
136467.59375
139281.875
141653.0
143361.703125
144724.53125
145889.796875
150078.921875
151115.84375
150134.921875
156973.921875
152380.328125
148433.140625
145696.375
144113.703125
143106.21875
141949.5
140316.015625
138504.203125
136492.4375
134585.03125
132649.375
130864.3671875
129242.4296875
127650.765625
126160.796875
124717.4296875
123363.0703125
122207.5390625
121000.8359375
119896.609375
118812.765625
117829.46875
116868.828125
115960.8984375
115129.0703125
114313.828125
113558.28125
112821.6953125
112123.9453125
111520.3515625
110886.65625
110303.9296875
109716.4453125
109176.484375
108654.1640625
108158.9375
107701.8515625
107252.9296875
106835.8671875
106427.328125
106038.1484375
105704.625
105354.0234375
105032.78125
104721.234375
104437.5
104162.03125
103904.328125
103672.40625
103455.21875
103274.8359375
103126.5703125
102994.625
102885.6328125
102786.1640625
102708.9609375
102648.765625
102611.4921875
102591.7734375
102593.9296875
102614.5
102655.1640625
102719.671875
102793.5546875
102884.390625
103000.796875
103208.03125
103478.0390625
103750.40625
103989.1953125
104205.953125
104374.34375
104469.7109375
104591.578125
104717.5625
104805.3671875
104888.171875
104954.28125
105010.4296875
105051.28125
105607.3671875
106157.4609375
106634.109375
107104.296875
107534.5078125
107930.3203125
108238.421875
108479.90625
