25400.0
25400.0
25400.0
25400.0
25400.0
25400.0
25400.0
25400.0
25400.0
25400.0
25400.0
25400.0
25400.0
25400.0
25400.0
25400.0
28161.970703125
46906.94921875
65345.38671875
83377.703125
98561.421875
111250.4453125
121038.3671875
128769.46875
134655.390625
138704.15625
141606.1875
143644.015625
145600.390625
148095.828125
151420.1875
150767.515625
155088.109375
152015.765625
147306.15625
144616.078125
143114.890625
142628.171875
141808.71875
140539.28125
138789.46875
136764.21875
134727.484375
132646.078125
130736.7578125
128875.3671875
127136.140625
125446.171875
123875.1328125
122453.6484375
121094.296875
119851.03125
118642.609375
117509.53125
116539.875
115533.2890625
114615.34375
113723.140625
112917.4765625
112133.09375
111388.78125
110704.8203125
110035.6953125
109404.2578125
108792.6015625
108218.5859375
107720.734375
107201.6640625
106725.4296875
106261.953125
105835.7421875
105434.0078125
105054.25
104702.1328125
104358.0546875
104042.59375
103736.4609375
103449.4609375
103204.1328125
102948.484375
102716.515625
102492.3046875
102293.71875
102106.4375
101934.5703125
101782.9375
101640.4609375
101519.421875
101411.3984375
101325.34375
101262.6796875
101210.8203125
101182.3828125
101171.8671875
101175.109375
101205.6640625
101262.3203125
101351.7578125
101544.8359375
101768.96875
102002.453125
102229.28125
102423.078125
102628.0390625
102795.5703125
102978.7734375
103222.3515625
103473.15625
103694.6484375
104057.203125
104971.4296875
105684.640625
106352.5078125
107018.71875
107560.265625
108037.484375
108385.109375
108658.6484375
108858.390625
109003.859375
109144.4296875
109429.890625
109815.765625
110101.6953125
110310.2265625
