25400.0
25400.0
25400.0
25400.0
25400.0
25400.0
25400.0
25400.0
25400.0
25400.0
25400.0
25400.0
25400.0
25400.0
25400.0
25400.0
38894.84765625
57193.33203125
75824.4921875
91043.7421875
104296.203125
114873.140625
123330.859375
129819.578125
134393.1875
137869.578125
140425.71875
142707.28125
144269.09375
145390.0625
149520.453125
150634.921875
150861.1875
157166.25
156035.078125
151711.921875
149029.78125
147500.671875
145939.359375
143906.390625
141526.25
139296.15625
136850.578125
134608.671875
132418.03125
130377.71875
128424.515625
126650.515625
125023.65625
123457.9453125
122034.796875
120659.515625
119374.9375
118299.8515625
117175.5234375
116146.59375
115145.9765625
114232.9296875
113325.3515625
112464.6015625
111684.609375
110923.40625
110252.6171875
109598.203125
108977.296875
108442.6015625
107880.8515625
107362.6875
106853.828125
106391.8203125
105940.3515625
105517.5859375
105132.609375
104758.921875
104421.6796875
104098.1171875
103802.4765625
103554.2890625
103303.3359375
103080.3828125
102872.5625
102698.8359375
102546.0546875
102420.6875
102321.59375
102248.2890625
102203.28125
102201.2578125
102267.1484375
102412.390625
102601.796875
102790.1484375
102985.8984375
103188.5703125
103364.8359375
103548.296875
103807.8046875
104107.2421875
104371.703125
105049.21875
106059.21875
106832.4921875
107686.65625
108439.65625
109081.8671875
109549.0390625
109910.1953125
110180.859375
110368.453125
110589.515625
110729.2265625
110828.3828125
110995.203125
111261.859375
111462.7578125
111607.421875
111743.5859375
111839.5859375
111887.734375
111883.2421875
111821.3203125
111723.53125
111598.7421875
111449.1328125
