25400.0
25400.0
25400.0
25400.0
25400.0
25400.0
25400.0
25400.0
25400.0
25400.0
25400.0
25400.0
25400.0
25400.0
25400.0
25400.0
41113.5703125
59779.3984375
78474.0390625
93985.875
106947.2421875
117020.921875
125151.625
131274.34375
135591.625
138805.125
141341.671875
143381.421875
144832.515625
147285.15625
150339.578125
149315.140625
154662.78125
153647.140625
148779.375
145612.90625
143874.8125
142820.421875
141449.203125
139613.984375
137529.65625
135579.296875
133452.40625
131511.828125
129652.3828125
127964.109375
126277.6015625
124699.4296875
123272.671875
121895.9921875
120643.0703125
119425.453125
118280.3359375
117310.234375
116297.6015625
115375.0546875
114475.546875
113649.359375
112843.578125
112084.328125
111387.1796875
110708.046875
110082.4765625
109455.3828125
108873.6640625
108374.75
107852.1484375
107372.8984375
106898.890625
106467.671875
106044.78125
105646.4921875
105281.5078125
104929.1171875
104608.125
104298.046875
104009.0546875
103764.546875
103520.6171875
103317.6484375
103151.5859375
103009.5390625
102878.203125
102773.0390625
102693.9765625
102634.546875
102603.1875
102592.9609375
102607.625
102638.8671875
102704.765625
102780.484375
102875.5390625
103014.375
103268.140625
103567.6953125
103847.7265625
104095.1171875
104305.71875
104419.6875
104549.9921875
104681.75
104784.1875
104883.4140625
104972.0703125
105032.0078125
105293.90625
105972.75
106485.1796875
107014.9921875
107493.6171875
107931.515625
108279.890625
108518.1640625
108717.078125
108860.109375
108958.453125
109009.6015625
109195.96875
109529.90625
109810.5859375
110011.8671875
110151.8359375
110253.546875
