25400.0
25400.0
25400.0
24657.48828125
24554.734375
24405.8828125
24221.30859375
24143.09765625
24120.486328125
24117.75
24118.88671875
24121.283203125
24124.173828125
24127.095703125
24130.126953125
24133.04296875
24136.62890625
24140.859375
24145.087890625
24150.201171875
24155.673828125
24162.548828125
24170.484375
24179.966796875
24191.78125
24206.84375
24228.611328125
24253.033203125
24285.353515625
24331.884765625
24394.431640625
24487.921875
24601.85546875
24920.064453125
25122.033203125
25214.087890625
25251.6953125
25267.693359375
25274.826171875
25279.7734375
25285.294921875
25290.669921875
25294.654296875
25298.142578125
25301.1953125
25304.478515625
25307.4296875
25310.16015625
25312.73046875
25313.79296875
25316.390625
25318.1015625
25319.423828125
25319.080078125
25318.88671875
25315.44921875
25309.244140625
25359.5234375
25510.4921875
25802.072265625
26614.4375
27916.423828125
30172.888671875
33949.73828125
38830.8828125
43740.0078125
48336.9140625
54353.05078125
60052.21484375
66585.859375
72534.765625
79378.8046875
85896.9921875
91816.5
97392.609375
103122.125
109437.21875
116289.984375
122334.2890625
128337.8203125
133943.65625
139585.53125
144820.1875
150308.96875
155939.046875
161057.953125
165946.21875
170335.546875
174539.09375
174213.140625
172210.40625
170036.25
168190.03125
166349.90625
164475.453125
162490.25
160762.4375
159269.6875
157671.984375
156109.03125
154512.34375
152940.875
151812.453125
150116.15625
148498.203125
146885.109375
145396.203125
143611.75
141840.8125
140810.09375
140611.359375
139944.921875
138852.015625
137613.015625
136679.734375
135600.796875
134812.875
134135.140625
133648.75
133195.953125
132702.140625
132262.28125
131901.375
131626.75
131412.296875
