25400.0
25400.0
25400.0
25400.0
25400.0
25400.0
25400.0
25400.0
25400.0
25400.0
25400.0
25400.0
25400.0
25400.03515625
25400.0
26823.564453125
45016.55859375
63220.47265625
81376.6171875
96625.4453125
109452.4375
119315.0
127239.4921875
133253.21875
137418.703125
140491.109375
142684.8125
144706.828125
146077.84375
150244.25
151690.75
151111.375
157315.40625
151278.84375
147832.796875
145501.796875
144743.484375
143730.703125
142271.96875
140332.015625
138168.28125
135988.984375
133808.203125
131819.921875
129882.375
128068.890625
126322.7109375
124700.0078125
123229.296875
121827.8046875
120541.828125
119295.796875
118123.046875
117123.6640625
116085.3828125
115135.8984375
114211.3359375
113381.1171875
112570.546875
111801.546875
111086.8046875
110377.8359375
109731.71875
109102.890625
108507.0625
107994.2109375
107458.484375
106967.9296875
106488.953125
106045.5625
105616.6015625
105227.9765625
104871.1640625
104522.3984375
104205.28125
103898.0078125
103609.1796875
103362.46875
103106.3125
102879.671875
102666.65625
102477.59375
102301.734375
102141.7421875
102003.953125
101886.1953125
101792.7578125
101715.7734375
101661.8671875
101634.9453125
101626.5234375
101628.6171875
101660.3125
101716.3125
101822.484375
102050.3046875
102289.0625
102528.5859375
102753.8203125
102960.9921875
103126.4140625
103284.84375
103467.109375
103687.28125
103901.5390625
104084.0625
104446.953125
105324.890625
105985.953125
106637.4140625
107262.828125
107826.6640625
108269.4453125
108573.953125
108829.9140625
109017.2421875
109150.6875
109256.6484375
109501.4296875
109821.5
110092.84375
110290.09375
110428.7734375
110529.8828125
