25400.0
25400.0
25400.0
25400.0
25400.0
25400.0
25400.0
25400.0
25400.0
25400.0
25400.0
25400.0
25400.0
25400.0
25400.0
25400.0
25400.0
25400.0
25400.0
27843.001953125
44613.05078125
62429.515625
78047.203125
91874.421875
103372.2109375
112854.359375
120755.0234375
126755.859375
131508.234375
135097.0625
137635.953125
139930.5625
141850.09375
143279.484375
144372.453125
145364.59375
149342.015625
150340.421875
148285.703125
154034.015625
158587.171875
153039.78125
149764.03125
147179.390625
145500.9375
144340.6875
143027.4375
141396.609375
139556.96875
137607.203125
135650.46875
133848.421875
132064.921875
130372.6328125
128891.890625
127323.3671875
125901.1328125
124541.171875
123295.1796875
122068.7109375
120912.53125
119847.4375
118809.1171875
117856.1171875
116922.046875
116050.6796875
115301.4921875
114507.640625
113776.3359375
113052.7890625
112388.5390625
111735.140625
111104.859375
110516.1015625
109938.1640625
109405.703125
108883.828125
108387.1640625
107970.1953125
107537.3828125
107135.9296875
106738.78125
106371.484375
106007.9453125
105661.1171875
105340.5
105025.1015625
104734.6015625
104451.0546875
104183.703125
103958.546875
103725.9765625
103515.9921875
103316.6875
103138.890625
102972.0546875
102826.3125
102705.25
102599.0234375
102516.59375
102457.578125
102420.4296875
102401.3671875
102405.2578125
102437.890625
102510.5703125
102665.0703125
102873.7890625
103084.71875
103284.3046875
103496.7421875
103717.6171875
103889.609375
104067.234375
104300.75
104575.03125
104807.6875
105182.125
106109.3203125
106916.484375
107634.6328125
108327.4453125
108976.8671875
109508.2265625
109935.125
