25400.0
25400.0
25400.0
25400.0
25400.0
25400.0
25400.0
25400.0
25400.0
25400.0
25400.0
25400.0
25400.0
25400.0
25400.0
25400.0
25400.0
25400.0
25400.0
32426.7109375
50971.4921875
69039.7109375
83848.40625
97298.6015625
108480.265625
117446.203125
124860.390625
130460.15625
134840.390625
138086.015625
140360.578125
142229.828125
144004.890625
145260.859375
146214.71875
150227.59375
151373.28125
149142.3125
155292.609375
156929.703125
151824.625
148735.6875
146619.6875
145603.65625
144799.796875
143643.53125
142204.96875
140449.953125
138525.625
136537.875
134631.46875
132873.6875
131146.84375
129480.1015625
128029.5859375
126526.5390625
125157.984375
123844.984375
122631.1328125
121445.796875
120321.140625
119290.3671875
118278.953125
117351.9921875
116446.203125
115590.0859375
114857.2421875
114085.9921875
113374.6953125
112671.4921875
112021.421875
111367.515625
110741.8984375
110170.5390625
109607.375
109087.296875
108572.765625
108083.7890625
107662.1484375
107225.078125
106830.71875
106438.0078125
106074.4921875
105712.7265625
105367.4296875
105049.1796875
104737.875
104450.921875
104171.3203125
103905.453125
103676.6796875
103437.3046875
103219.609375
103012.7421875
102825.8125
102646.5546875
102481.7578125
102333.6171875
102193.4453125
102076.28125
101970.390625
101881.1484375
101812.8515625
101756.640625
101720.765625
101695.84375
101684.75
101698.515625
101734.5546875
101799.46875
101942.09375
102132.8671875
102334.578125
102531.34375
102705.0390625
102884.5
103056.8984375
103209.421875
103366.296875
103573.7890625
103810.4609375
104014.0234375
104209.8125
104784.75
105603.8515625
