25400.0
25400.0
25400.0
25400.0
25400.0
25400.0
25400.0
25400.0
25400.0
25400.0
25400.0
25400.0
25400.0
25400.0
25400.0
25400.0
25400.0
25400.0
25400.0
33639.81640625
52486.90234375
70741.3125
85452.15625
98824.90625
109944.5390625
118697.1015625
125939.390625
131405.78125
135665.375
138801.515625
140975.921875
142827.34375
144505.28125
145701.765625
147396.1875
150884.671875
151774.828125
150122.09375
157235.703125
153146.40625
149088.296875
146392.671875
144745.828125
144092.859375
143316.453125
142195.609375
140798.234375
139081.40625
137218.203125
135297.625
133478.140625
131812.40625
130178.3203125
128614.140625
127237.2421875
125802.9765625
124497.140625
123223.375
122054.8515625
120928.9375
119856.1171875
118865.328125
117895.078125
117002.0546875
116127.5703125
115299.15625
114582.359375
113827.0
113132.59375
112456.5390625
111835.015625
111220.546875
110630.28125
110071.2890625
109523.3125
109018.7421875
108520.109375
108043.578125
107631.4375
107197.671875
106796.828125
106401.546875
106033.828125
105671.1640625
105324.2578125
105005.7890625
104691.53125
104420.2890625
104154.5390625
103902.046875
103683.5703125
103453.1640625
103241.2890625
103034.5625
102850.421875
102675.390625
102513.390625
102368.546875
102232.078125
102110.8515625
102000.234375
101908.640625
101838.125
101775.8828125
101728.4453125
101698.078125
101686.6015625
101690.4765625
101709.671875
101740.359375
101789.359375
101859.859375
101971.984375
102177.1484375
102384.8828125
102612.96875
102826.6015625
103023.515625
103198.0859375
103338.3359375
103488.7421875
103638.640625
103807.3125
103987.2109375
104155.40625
