25400.0
25400.0
25400.0
25400.0
25400.0
25400.0
25400.0
25400.0
25400.0
25400.0
25400.0
25400.0
25400.0
25400.0
25400.0
25400.0
25400.0
25400.0
37051.0078125
55782.875
73756.828125
87927.3046875
100911.5703125
111804.3203125
120329.9609375
127366.546875
132673.65625
136817.3125
139807.40625
141855.71875
143552.3125
145212.296875
146362.59375
149466.828125
151620.265625
150690.046875
154280.28125
155251.078125
150377.515625
147296.96875
145075.140625
144178.359375
143634.359375
142889.375
141767.859375
140358.703125
138641.578125
136768.0625
134863.84375
133069.421875
131416.328125
129795.6484375
128227.734375
126864.1953125
125446.28125
124153.2734375
122890.4453125
121743.5
120619.2578125
119550.6484375
118571.734375
117609.3671875
116724.953125
115859.765625
115036.546875
114326.125
113578.53125
112901.09375
112234.6171875
111615.8515625
111004.4140625
110414.765625
109859.6484375
109316.5078125
108815.296875
108323.59375
107852.5078125
107442.7734375
107011.6484375
106614.5703125
106222.75
105859.09375
105498.6015625
105161.296875
104859.4609375
104560.8828125
104286.03125
104014.1953125
103757.109375
103536.84375
103304.9765625
103090.796875
102882.03125
102690.4453125
102505.796875
102337.09375
102184.859375
102039.046875
101909.234375
101786.9375
101675.4765625
101586.2890625
101503.75
101437.3984375
101381.640625
101341.34375
101315.8359375
101306.1640625
101309.703125
101322.5703125
101354.8828125
101406.828125
101484.078125
101597.890625
101804.8671875
102009.6484375
102220.5078125
102416.6484375
102602.25
102776.9453125
102908.8203125
103064.2890625
103215.859375
103409.3984375
