25400.0
25400.0
25400.0
25400.0
25400.0
25400.0
25400.0
25400.0
25400.0
25400.0
25400.0
25400.0
25400.0
25400.0
25400.0
25400.0
41225.65234375
60135.078125
78872.59375
94472.890625
107320.1328125
117360.7421875
125432.890625
131487.265625
135746.234375
138929.28125
141489.953125
143492.84375
144924.796875
147312.9375
150436.28125
149413.359375
154674.90625
154411.5
149500.234375
146337.265625
144687.046875
143548.40625
142065.328125
140176.046875
137960.953125
135982.203125
133848.46875
131882.734375
130005.5546875
128297.34375
126600.5703125
125016.15625
123581.2890625
122192.8984375
120932.0
119702.375
118545.9140625
117561.671875
116541.4375
115611.8984375
114702.5390625
113868.2109375
113057.0859375
112287.3359375
111582.234375
110895.7109375
110254.78125
109618.03125
109017.9453125
108512.2421875
107989.2890625
107502.359375
107027.4296875
106589.15625
106161.234375
105756.984375
105391.5546875
105036.9609375
104715.734375
104405.78125
104120.265625
103880.890625
103644.1328125
103434.3828125
103274.5
103147.59375
103032.3203125
102944.4453125
102878.4140625
102835.7890625
102816.1796875
102820.7890625
102844.6796875
102883.953125
102956.9296875
103029.953125
103133.640625
103268.890625
103538.90625
103824.640625
104080.1015625
104307.3984375
104507.90625
104610.5703125
104712.859375
104812.5234375
104901.8984375
104916.78125
104933.78125
104937.203125
104926.3046875
105157.390625
105751.15625
106238.78125
106712.6015625
107159.6484375
107556.6875
107856.2109375
108112.765625
108304.5625
108451.6953125
108552.625
108645.1484375
108811.1171875
109182.0
109476.0
109679.7890625
109830.609375
