25400.0
25400.0
25400.0
25400.0
25400.0
25400.0
25400.0
25400.0
25400.0
25400.0
25400.0
25400.0
25400.0
25400.0
25400.0
25400.0
36215.5703125
55031.44921875
74032.28125
89900.703125
103321.734375
113803.8671875
122330.9296875
128764.21875
133337.75
136814.953125
139656.0
141852.703125
143444.6875
144590.578125
147629.109375
150117.9375
148159.90625
155585.359375
158634.140625
153180.390625
150046.6875
147903.703125
146246.75
144085.953125
141676.734375
139396.171875
136944.421875
134749.203125
132627.75
130665.9921875
128754.15625
126985.1171875
125389.953125
123851.3828125
122475.375
121123.703125
119857.1953125
118778.2890625
117656.890625
116630.3203125
115632.671875
114719.71875
113837.9296875
113001.484375
112224.34375
111465.4140625
110769.609375
110090.8515625
109453.46875
108903.6953125
108327.9296875
107799.8828125
107282.640625
106810.5390625
106353.2890625
105928.328125
105570.0703125
105222.5859375
104906.6875
104610.296875
104341.3828125
104121.9140625
103901.8515625
103715.140625
103553.8671875
103426.90625
103329.0
103261.0078125
103224.1015625
103212.90625
103229.390625
103268.734375
103355.0859375
103538.5234375
103810.9453125
104072.3828125
104319.7578125
104529.5703125
104654.328125
104800.9765625
104952.8359375
105073.5078125
105216.2890625
105335.6796875
105487.0
106248.5390625
106899.2890625
107495.890625
108086.109375
108597.671875
109017.9453125
109327.75
109545.4375
109705.84375
109803.828125
109858.7421875
109954.390625
110105.109375
110337.296875
110549.421875
110697.328125
110795.8046875
110862.0625
110921.109375
110959.9296875
110968.8203125
110940.4453125
110874.703125
