25400.0
25400.0
25400.0
25400.0
25400.0
25400.0
25400.0
25400.0
25400.0
25400.0
25400.0
25400.0
25400.0
25400.0
25400.0
25400.0
25400.0
41118.3671875
59889.82421875
78662.5234375
94312.875
107427.53125
117524.71875
125663.6171875
131784.453125
136070.421875
139269.046875
141728.421875
143767.96875
145193.1875
146875.34375
150659.9375
150202.890625
153955.9375
162222.265625
156207.640625
152680.046875
151076.953125
149577.078125
147565.765625
145096.90625
142353.9375
139907.390625
137420.234375
135167.640625
132926.0625
130908.546875
128977.703125
127175.2109375
125563.1171875
123997.90625
122574.84375
121197.015625
119902.8046875
118796.6328125
117649.046875
116599.390625
115586.1796875
114639.5625
113716.5625
112845.234375
112048.3125
111269.15625
110550.4609375
109848.0078125
109183.234375
108613.0
108023.296875
107480.3359375
106966.671875
106512.3671875
106070.71875
105655.1171875
105278.5859375
104914.34375
104584.625
104267.4140625
103978.984375
103740.125
103501.90625
103293.625
103091.3671875
102924.2109375
102778.5546875
102663.765625
102578.84375
102515.8125
102469.8828125
102441.4765625
102445.75
102480.1640625
102578.484375
102789.1875
103012.8046875
103231.0703125
103453.875
103652.9375
103753.8828125
103870.609375
104020.25
104154.140625
104245.671875
104344.609375
104443.5390625
104590.46875
105363.1640625
105962.34375
106573.0703125
107142.3984375
107632.4609375
108038.90625
108345.796875
108587.96875
108768.1796875
108883.5625
108958.203125
109106.953125
109343.65625
109655.9296875
109875.6484375
110032.4453125
110139.71875
110211.5234375
110265.4375
110310.6328125
