25400.0
25400.0
25400.0
25400.0
25400.0
25400.0
25400.0
25400.0
25400.0
25400.0
25400.0
25400.0
25400.0
25400.0
25400.0
25400.0
27188.296875
46711.35546875
65946.796875
84238.953125
99655.828125
112165.125
121738.171875
129358.6796875
135000.375
138868.671875
141678.4375
143872.5
145660.8125
147245.0625
151422.34375
151530.171875
154315.453125
156832.15625
151688.75
148747.421875
147780.40625
146920.234375
145456.953125
143523.765625
141210.359375
138820.0625
136679.765625
134452.8125
132462.140625
130502.5546875
128711.96875
126988.6484375
125376.1171875
123905.125
122475.875
121177.4140625
119913.109375
118741.46875
117735.671875
116684.28125
115726.140625
114789.3359375
113930.7265625
113092.3984375
112277.0859375
111530.21875
110801.7890625
110135.34375
109491.4140625
108877.7109375
108344.5703125
107784.96875
107274.3671875
106777.25
106324.21875
105883.484375
105470.0078125
105092.75
104730.0234375
104403.9921875
104090.625
103797.3828125
103550.4765625
103298.796875
103090.5078125
102909.578125
102752.09375
102607.109375
102478.578125
102370.15625
102282.71875
102216.34375
102167.578125
102138.0390625
102127.953125
102137.1328125
102162.6953125
102197.0
102241.4375
102308.6171875
102407.71875
102594.171875
102838.3203125
103057.0859375
103272.1875
103456.390625
103612.390625
103694.8203125
103796.25
103903.0859375
103986.4609375
104024.3671875
104019.96875
103966.46875
103930.40625
103891.0625
103873.953125
104158.484375
104668.203125
105141.5078125
105587.6953125
106006.3203125
106373.5234375
106700.265625
106965.375
107172.25
107341.0
107500.078125
107722.6640625
