25400.0
25400.0
25400.0
25400.0
25400.0
25400.0
25400.0
25400.0
25400.0
25400.0
25400.0
25400.0
25400.0
25400.0
25400.0
25400.0
25394.291015625
41348.38671875
60600.984375
78428.34375
93557.6640625
106044.625
116524.3125
124783.28125
130981.5703125
135764.375
139124.3125
141625.1875
143667.34375
145231.9375
146438.515625
150270.828125
151915.796875
149456.84375
158144.359375
151935.0625
148061.671875
145457.34375
144416.625
143812.375
142799.65625
141537.46875
139814.203125
137865.84375
135856.5
133909.625
132042.21875
130300.125
128707.5625
127113.5703125
125662.5703125
124254.71875
122926.7109375
121788.5546875
120600.5859375
119510.1875
118441.1484375
117473.171875
116527.4609375
115632.6484375
114807.8046875
113999.6640625
113258.2734375
112530.578125
111837.4296875
111240.953125
110612.875
110015.7578125
109435.703125
108903.71875
108384.9296875
107887.875
107430.3046875
106980.6875
106565.0390625
106154.2109375
105763.6015625
105425.9140625
105071.65625
104748.734375
104434.40625
104148.75
103871.3671875
103611.1171875
103374.4921875
103146.4140625
102940.2734375
102742.796875
102590.1328125
102463.8984375
102338.1640625
102230.0390625
102129.8984375
102049.125
101985.1171875
101936.8359375
101905.9765625
101893.71875
101896.1796875
101916.734375
101951.2421875
101998.5
102061.6328125
102127.25
102220.578125
102343.234375
102566.140625
102812.8828125
103046.53125
103272.4296875
103470.21875
103634.859375
103741.9296875
103840.4140625
103960.734375
104068.640625
104119.296875
104152.71875
104192.1171875
104219.8359375
104234.0859375
104652.2890625
105193.3125
105649.5
