25400.0
25400.0
25400.0
25021.041015625
24657.8125
24601.6328125
24476.875
24369.970703125
24354.44921875
24353.064453125
24354.4609375
24356.65234375
24359.048828125
24361.404296875
24363.8046875
24366.076171875
24368.3359375
24370.560546875
24372.54296875
24374.638671875
24377.21484375
24379.85546875
24382.6171875
24385.68359375
24388.990234375
24392.494140625
24396.447265625
24400.748046875
24405.9296875
24411.947265625
24418.2890625
24426.69921875
24436.7578125
24450.083984375
24466.984375
24484.978515625
24507.36328125
24535.888671875
24576.169921875
24630.333984375
24701.29296875
24828.22265625
25063.708984375
25206.4609375
25265.181640625
25288.123046875
25297.318359375
25301.5390625
25304.662109375
25307.298828125
25308.873046875
25310.166015625
25309.638671875
25305.73828125
25381.708984375
25588.791015625
25945.900390625
26953.337890625
28548.7578125
31330.69140625
34784.38671875
38673.984375
42435.19921875
46475.0546875
50625.5234375
55592.2578125
60542.81640625
66639.7734375
71938.7265625
77260.90625
82975.453125
89872.5625
96244.6875
102065.46875
107639.4453125
113361.8203125
119611.03125
126108.609375
132012.828125
137883.234375
143180.328125
148561.546875
153613.390625
158665.421875
163969.28125
168805.59375
173388.390625
177471.453125
181355.390625
179481.78125
177219.296875
174683.8125
172235.921875
169818.40625
167758.96875
165934.859375
164238.546875
162425.125
160514.09375
158687.125
156874.15625
155362.375
153670.4375
151797.109375
150059.640625
148334.625
146730.25
144833.140625
142883.0
141877.875
141470.484375
140641.421875
139440.96875
138208.3125
137204.484375
136132.5625
135465.234375
134906.53125
134474.609375
133997.875
133508.875
133090.671875
132727.671875
132442.8125
132213.859375
