25400.0
25400.0
25400.0
25400.0
25400.0
25400.0
25400.0
25400.0
25400.0
25400.0
25400.0
25400.0
25400.0
25400.0
25400.0
25400.0
25400.0
25400.0
29886.939453125
48250.6484375
66516.734375
81649.4609375
95403.984375
106683.28125
115674.109375
123176.2578125
128863.453125
133300.796875
136661.171875
139003.109375
141198.84375
142947.203125
144249.109375
145253.28125
147222.65625
150296.8125
150771.40625
150778.375
156557.328125
158730.375
154124.578125
151286.09375
149356.390625
148257.984375
146786.640625
145055.1875
143055.96875
140845.03125
138705.25
136657.640625
134787.890625
132958.53125
131179.78125
129657.921875
128080.8203125
126643.8359375
125242.390625
123982.3828125
122737.0234375
121557.078125
120471.6640625
119412.875
118440.75
117485.1875
116577.5390625
115797.328125
114981.0703125
114234.40625
113481.53125
112781.8515625
112095.5
111441.515625
110838.0546875
110241.2421875
109692.4296875
109149.96875
108633.328125
108184.875
107709.25
107272.3125
106843.125
106445.3515625
106078.7109375
105732.3515625
105413.9453125
105101.4453125
104813.828125
104532.4375
104266.5
104043.0546875
103816.84375
103614.2734375
103423.65625
103253.0703125
103090.984375
102952.2734375
102835.984375
102734.0
102658.765625
102598.6640625
102558.953125
102535.3359375
102519.4453125
102523.8359375
102548.640625
102607.6796875
102727.7734375
102944.09375
103158.7890625
103377.2578125
103582.03125
103769.7265625
103908.1640625
104001.7734375
104145.078125
104286.796875
104402.3515625
104545.890625
104677.4921875
104789.46875
105042.34375
105783.0234375
106357.46875
106895.96875
