25400.0
25400.0
25400.0
25400.0
25400.0
25400.0
25400.0
25400.0
25400.0
25400.0
25400.0
25400.0
25400.0
25400.0
25400.0
25400.0
25400.0
25400.0
33590.26171875
52875.57421875
71431.5234375
86209.375
99595.046875
110469.8203125
119120.34375
126226.015625
131589.625
135732.859375
138796.796875
140932.328125
142934.84375
144505.578125
145667.25
146962.75
150863.453125
151813.109375
149703.046875
157613.53125
154767.390625
150548.796875
147717.890625
146261.953125
145573.53125
144585.65625
143229.703125
141633.1875
139716.171875
137771.328125
135920.859375
134037.046875
132349.34375
130723.8046875
129157.96875
127791.4765625
126369.7109375
125068.359375
123795.6171875
122626.671875
121483.203125
120397.296875
119398.109375
118420.921875
117526.9765625
116650.9140625
115814.71875
115092.1953125
114333.0625
113629.375
112936.484375
112296.984375
111666.46875
111047.34375
110478.03125
109917.8203125
109401.015625
108895.578125
108413.1953125
107994.59375
107553.3203125
107142.453125
106733.828125
106356.9296875
105985.6953125
105634.296875
105311.4765625
104996.265625
104709.3359375
104429.2578125
104165.1796875
103938.96875
103704.859375
103494.1484375
103291.9609375
103122.7109375
102978.7421875
102848.5390625
102736.1796875
102630.3125
102542.2109375
102469.8203125
102411.921875
102372.96875
102348.0625
102338.296875
102344.96875
102363.8671875
102394.765625
102446.5703125
102499.2109375
102561.484375
102643.6875
102758.328125
102973.2265625
103182.453125
103406.265625
103611.3515625
103801.625
103974.6875
104077.921875
104172.4921875
104261.7734375
104345.875
104414.734375
104441.5625
