25400.0
25400.0
25400.0
25400.0
25400.0
25400.0
25400.0
25400.0
25400.0
25400.0
25400.0
25400.0
25400.0
25400.0
25400.0
25400.0
25400.0
25400.0
25400.0
26227.181640625
42093.9453125
59882.58203125
75812.625
89697.1484375
101362.1484375
111029.375
119100.078125
125240.296875
130127.6484375
133826.0625
136475.015625
138947.09375
140911.671875
142422.4375
143572.484375
144551.828125
147147.734375
149515.046875
149435.296875
150474.625
155269.3125
157675.953125
153301.546875
149962.09375
147705.734375
145985.375
144587.546875
142864.515625
140936.796875
138915.890625
136871.96875
134992.03125
133137.875
131376.0
129845.4453125
128217.3828125
126742.484375
125334.140625
124044.5078125
122779.453125
121582.21875
120483.3046875
119413.0390625
118429.3828125
117466.234375
116568.9765625
115795.6640625
114977.3984375
114221.65625
113479.3203125
112797.5234375
112119.5625
111461.546875
110857.3359375
110264.546875
109719.09375
109183.1953125
108673.46875
108250.984375
107807.875
107396.1796875
106989.90625
106612.28125
106242.5859375
105887.2890625
105558.1328125
105237.125
104943.046875
104660.0234375
104396.5390625
104173.765625
103946.53125
103742.6328125
103550.0859375
103386.578125
103240.3125
103114.2734375
103017.828125
102943.9453125
102893.5859375
102866.4140625
102864.609375
102886.3203125
102961.59375
103121.375
103334.8046875
103542.9921875
103751.8046875
103965.109375
104179.34375
104338.59375
104517.578125
104784.1015625
105042.2421875
105251.171875
105782.3828125
106693.515625
107467.734375
108185.140625
108897.1875
109527.015625
110026.1796875
110414.53125
110698.9140625
110919.6171875
