25400.0
25400.0
25400.0
25400.0
25400.0
25400.0
25400.0
25400.0
25400.0
25400.0
25400.0
25400.0
25400.0
25400.0
25400.0
25400.0
25400.0
25400.0
26987.509765625
35724.15625
46593.703125
64168.13671875
79270.828125
93278.296875
104470.7265625
113670.078125
121297.3515625
127040.484375
131575.953125
134987.859375
137487.03125
140003.125
141741.09375
143134.875
144217.171875
145137.859375
148336.90625
150332.796875
149008.65625
153114.171875
159022.78125
157304.65625
153565.46875
150941.0625
149036.09375
147551.640625
145780.203125
143722.125
141546.4375
139479.625
137426.625
135525.921875
133688.171875
131943.640625
130417.875
128828.75
127383.6171875
125978.703125
124691.4921875
123435.8671875
122240.890625
121164.7421875
120099.7734375
119123.578125
118164.2578125
117251.4453125
116459.9609375
115632.2890625
114866.6328125
114112.2109375
113403.1328125
112701.2578125
112034.2890625
111428.4609375
110831.3359375
110280.9921875
109736.734375
109216.2109375
108764.78125
108286.09375
107844.1171875
107410.015625
107015.1328125
106628.921875
106264.578125
105932.09375
105611.7421875
105322.0546875
105048.890625
104830.203125
104647.9375
104463.8828125
104301.3125
104154.0703125
104033.734375
103928.328125
103849.7890625
103794.9765625
103759.140625
103741.5625
103740.4609375
103760.953125
103786.9375
103832.328125
103904.171875
104029.375
104255.6484375
104487.2890625
104707.1328125
104897.9765625
105077.78125
105198.03125
105281.5234375
105365.8671875
105432.671875
105501.859375
105518.3203125
105489.5546875
105477.9375
105459.5078125
105426.5859375
105640.9609375
106204.3828125
106632.34375
107074.5546875
