25400.0
25400.0
25400.0
25400.0
25400.0
25400.0
25400.0
25400.0
25400.0
25400.0
25400.0
25400.0
25400.0
25400.0
25400.0
25400.0
25400.0
25400.0
33817.484375
54005.0078125
72474.515625
88167.8828125
101273.8359375
112267.828125
121064.625
127688.9921875
132837.96875
136559.15625
139381.015625
141738.59375
143457.265625
144819.390625
145863.203125
150125.40625
151194.125
149987.90625
157013.265625
153514.3125
149374.78125
146559.21875
144968.734375
143930.578125
142727.0625
141036.75
139169.359375
137097.921875
135120.28125
133152.90625
131333.265625
129675.3125
128035.2265625
126513.8984375
125042.859375
123664.0390625
122485.8828125
121257.0859375
120130.9453125
119035.9140625
118035.25
117057.171875
116134.8515625
115287.2265625
114454.890625
113689.625
112941.9453125
112231.25
111616.75
110973.359375
110367.828125
109779.8046875
109238.484375
108705.8203125
108200.3984375
107735.015625
107277.34375
106853.21875
106436.4609375
106041.703125
105700.2890625
105344.4375
105018.7421875
104703.3984375
104416.1953125
104137.203125
103876.6015625
103641.796875
103447.3828125
103278.6640625
103121.640625
102979.5859375
102863.5234375
102757.96875
102675.6484375
102610.7109375
102569.703125
102546.140625
102544.625
102562.046875
102601.9296875
102663.734375
102725.1328125
102819.4453125
102945.5078125
103195.578125
103459.625
103722.875
103943.0625
104147.59375
104282.9765625
104380.671875
104522.3203125
104649.3828125
104721.1015625
104827.9375
104899.546875
104962.3125
105236.6875
105890.0
106381.3359375
106878.8125
107352.6875
107774.65625
108138.9375
108409.5703125
108625.59375
