25400.0
25400.0
25400.0
25400.0
25400.0
25400.0
25400.0
25400.0
25400.0
25400.0
25400.0
25400.0
25400.0
25400.0
25400.0
27546.283203125
36706.68359375
47986.96484375
65406.4921875
82805.0859375
97829.859375
110460.578125
120204.0
127993.28125
133896.28125
137979.875
140962.1875
143051.65625
145061.578125
146507.796875
150819.28125
151592.765625
152253.671875
157313.515625
151352.296875
148136.59375
146130.859375
145456.015625
144416.015625
142903.171875
140903.71875
138643.71875
136461.203125
134230.671875
132190.734375
130183.265625
128326.46875
126548.203125
124892.6875
123417.5625
121973.34375
120662.625
119394.53125
118202.125
117187.765625
116129.2109375
115178.2265625
114253.640625
113406.125
112576.453125
111782.21875
111045.28125
110328.6640625
109673.6796875
109037.546875
108435.125
107916.5625
107376.9765625
106899.1484375
106430.015625
105995.0859375
105569.6328125
105167.921875
104800.375
104443.09375
104120.015625
103807.625
103513.8984375
103263.359375
103003.9375
102772.3203125
102554.375
102361.015625
102179.2578125
102013.5859375
101869.3125
101741.09375
101637.9296875
101551.3203125
101485.578125
101442.0078125
101413.046875
101405.2109375
101424.71875
101470.84375
101588.6171875
101794.96875
102004.34375
102223.1875
102429.765625
102627.5546875
102788.5703125
102950.6640625
103135.2265625
103387.8515625
103622.078125
103827.03125
104419.1953125
105295.140625
105966.5234375
106665.65625
107314.6796875
107881.1953125
108314.3125
108615.453125
108872.015625
109056.4296875
109187.5546875
109357.421875
109619.1015625
109983.2734375
110242.53125
110430.3359375
110560.8046875
110651.453125
