25400.0
25400.0
25400.0
25400.0
25400.0
25400.0
25400.0
25400.0
25400.0
25400.0
25400.0
25400.0
25400.0
25400.0
25400.0
25400.0
25400.0
25400.0
35356.9296875
54642.31640625
73177.0546875
87724.9296875
100993.796875
111805.4921875
120316.8984375
127296.078125
132572.9375
136626.390625
139604.109375
141667.265625
143543.53125
145084.53125
146204.6875
147892.046875
151413.0
151848.59375
151720.296875
158286.5
156751.71875
152848.296875
150201.625
149360.46875
148452.125
147238.421875
145577.515625
143704.09375
141533.40625
139403.09375
137345.09375
135393.265625
133621.5
131858.640625
130179.703125
128748.953125
127257.015625
125887.84375
124550.28125
123317.71875
122116.875
120989.2890625
119954.0546875
118935.1875
117993.984375
117072.1953125
116197.71875
115440.15625
114642.125
113899.828125
113152.5234375
112466.125
111797.015625
111161.296875
110574.9140625
109993.265625
109450.765625
108911.6171875
108395.5859375
107955.46875
107488.71875
107059.1875
106638.734375
106252.1484375
105872.53125
105512.7109375
105183.359375
104864.0390625
104571.8671875
104288.421875
104026.0078125
103815.4921875
103597.0234375
103397.734375
103206.5859375
103036.453125
102874.7890625
102727.8359375
102601.3984375
102480.4296875
102377.5078125
102287.8046875
102213.203125
102162.1796875
102121.515625
102098.2734375
102090.375
102095.5703125
102105.75
102127.9296875
102164.7890625
102222.5546875
102300.9921875
102461.9375
102668.234375
102852.234375
103050.609375
103238.2578125
103414.8046875
103562.4140625
103655.921875
103760.9921875
103860.21875
103943.1328125
104014.3671875
104044.0234375
