25400.0
25400.0
25400.0
25400.0
25400.0
25400.0
25400.0
25400.0
25400.0
25400.0
25400.0
25400.0
25400.0
25400.0
25400.0
25400.0
25400.0
37282.11328125
56580.09375
74327.796875
89367.9609375
102029.8515625
113022.4921875
121638.53125
128234.65625
133436.578125
137116.25
139918.078125
141996.046875
143821.125
145182.40625
147675.109375
150563.921875
150214.890625
152972.96875
154033.5625
148936.078125
145678.15625
143270.59375
142046.1875
141313.28125
140406.6875
139062.484375
137477.859375
135662.109375
133706.859375
131850.59375
130086.46875
128462.8828125
126863.7734375
125364.7421875
123914.40625
122559.3046875
121421.5703125
120221.8203125
119128.015625
118054.21875
117074.3046875
116119.4140625
115216.828125
114391.90625
113589.5703125
112859.4453125
112141.21875
111460.4609375
110869.9921875
110251.7734375
109680.8828125
109123.6875
108595.7421875
108078.1328125
107586.875
107136.7890625
106696.4140625
106291.796875
105896.9375
105535.9609375
105223.3671875
104892.953125
104589.71875
104289.6640625
104013.8671875
103741.1796875
103483.7890625
103249.65625
103020.7890625
102816.359375
102621.234375
102439.9453125
102288.2890625
102135.8828125
102002.8046875
101881.859375
101784.6796875
101703.140625
101638.4296875
101597.2421875
101577.3515625
101578.046875
101597.03125
101641.7734375
101709.4609375
101822.8515625
102037.28125
102268.1484375
102487.546875
102708.2578125
102948.3125
103149.671875
103330.96875
103583.15625
103871.1875
104127.359375
104337.4765625
105255.515625
106064.9375
106762.9375
107448.0625
108100.4765625
108650.671875
109066.8046875
109383.296875
109616.625
109797.4921875
