25400.0
25400.0
25400.0
25400.0
25400.0
25400.0
25400.0
25400.0
25400.0
25400.0
25400.0
25400.0
25400.0
25400.0
25400.0
25400.0
25400.0
25400.0
25400.0
29023.505859375
47239.12109375
65849.1796875
81330.421875
95262.0390625
106518.6640625
115598.5
123127.765625
128800.8984375
133239.03125
136584.625
138931.171875
141229.65625
142936.75
144232.875
145236.03125
147392.078125
150298.078125
150695.84375
151042.9375
156854.8125
155022.21875
150887.015625
148229.140625
146357.59375
145228.484375
143965.828125
142435.75
140636.71875
138659.453125
136779.40625
134868.46875
133123.484375
131434.546875
129840.9140625
128436.484375
126959.8125
125614.8671875
124306.734375
123108.0078125
121936.6015625
120825.3203125
119804.8046875
118811.328125
117895.875
116999.6875
116148.546875
115412.875
114633.7734375
113917.8125
113214.8515625
112563.015625
111921.671875
111307.515625
110726.328125
110163.15625
109645.96875
109134.03125
108647.015625
108225.3359375
107778.9765625
107364.8046875
106955.5390625
106577.078125
106206.171875
105853.453125
105528.8046875
105213.6875
104924.734375
104643.0859375
104379.1640625
104154.03125
103922.828125
103746.359375
103578.9765625
103434.328125
103297.1875
103173.7578125
103075.640625
102993.1484375
102928.125
102884.7421875
102858.765625
102850.1875
102859.078125
102882.53125
102932.6796875
102988.6328125
103059.2421875
103161.09375
103309.359375
103563.359375
103805.4296875
104042.125
104250.6328125
104424.8671875
104556.7578125
104645.96875
104753.5625
104870.9296875
104951.8984375
105007.671875
105073.5703125
105123.9375
105161.3125
105442.171875
