25400.0
25400.0
25400.0
25400.0
25400.0
25400.0
25400.0
25400.0
25400.0
25400.0
25400.0
25400.0
25400.0
25400.0
25400.0
25400.0
25400.0
25400.0
25400.0
25400.0
41803.5859375
60232.32421875
76270.34375
90744.7109375
102152.6953125
111590.59375
119513.40625
125489.3046875
130253.765625
133843.859375
136461.28125
139101.078125
140942.453125
142423.28125
143565.953125
144532.4375
146923.703125
149648.109375
149591.21875
150154.53125
155511.0
157682.390625
153260.21875
150119.953125
147814.1875
146063.84375
144537.65625
142719.828125
140643.375
138665.390625
136682.640625
134816.53125
133017.015625
131323.65625
129859.5546875
128290.7578125
126864.703125
125484.2421875
124223.7890625
122988.328125
121822.0703125
120761.984375
119722.0546875
118764.875
117824.4609375
116935.265625
116166.2109375
115357.4609375
114604.5234375
113871.359375
113195.6328125
112527.8828125
111880.046875
111286.546875
110705.8203125
110169.7890625
109640.8359375
109136.0078125
108699.015625
108237.7109375
107814.609375
107394.9375
107011.03125
106631.7421875
106276.6328125
105946.7109375
105629.1171875
105339.3671875
105064.234375
104833.5546875
104653.4296875
104472.7109375
104310.796875
104165.8203125
104047.0
103944.71875
103869.0546875
103818.265625
103784.984375
103776.3359375
103785.6484375
103824.0703125
103871.703125
103939.96875
104041.453125
104221.0
104478.4765625
104738.84375
104970.328125
105166.9375
105348.0546875
105427.0
105522.265625
105639.2421875
105718.6484375
105775.1015625
105845.25
105897.6171875
105934.96875
106323.4140625
106939.1015625
107409.3671875
107893.234375
108334.9296875
108748.6171875
