25400.0
25400.0
25400.0
25400.0
25021.185546875
24661.33984375
24598.583984375
24460.728515625
24324.28515625
24303.65625
24301.087890625
24302.044921875
24304.08203125
24306.42578125
24308.76171875
24311.18359375
24313.5
24315.78515625
24318.01953125
24320.037109375
24322.224609375
24324.365234375
24327.89453125
24331.115234375
24334.486328125
24338.083984375
24341.880859375
24346.236328125
24351.16015625
24357.046875
24363.958984375
24371.376953125
24381.40234375
24393.767578125
24410.671875
24428.6640625
24450.56640625
24479.328125
24517.23046875
24572.1953125
24642.533203125
24725.916015625
25026.4375
25179.005859375
25251.44921875
25279.1953125
25290.458984375
25295.392578125
25298.76953125
25302.703125
25304.533203125
25307.248046875
25310.037109375
25312.193359375
25312.951171875
25314.19921875
25312.912109375
25308.2265625
25364.60546875
25521.3515625
25825.025390625
26617.65234375
27904.4921875
30123.544921875
33308.42578125
36996.58984375
41445.87890625
45521.6875
49748.49609375
54979.83984375
60564.28515625
66505.2265625
71945.15625
77208.3046875
83473.703125
90043.25
95881.4921875
101649.3359375
107044.7421875
112306.7578125
118440.03125
124687.578125
130965.4921875
136463.421875
141762.140625
147028.40625
151980.390625
156960.78125
161943.109375
166935.65625
171526.015625
175359.703125
179265.828125
178593.9375
176277.453125
174126.65625
171764.5
169456.078125
167392.90625
165466.5625
163990.515625
162425.6875
160685.625
159101.453125
157365.0625
155741.5
154282.359375
152767.1875
151054.671875
149387.921875
147833.234375
146344.8125
144663.421875
142854.859375
141168.265625
141047.75
140550.640625
139658.859375
138408.8125
137300.78125
136254.71875
135335.140625
134742.109375
134253.53125
133875.125
133452.859375
