25400.0
25400.0
25400.0
25154.455078125
25052.814453125
25052.814453125
25052.814453125
25052.814453125
25052.814453125
25052.814453125
25081.689453125
25102.3359375
25107.291015625
25110.419921875
25111.74609375
25112.74609375
25110.708984375
25111.341796875
27712.978515625
43406.03515625
60815.984375
77944.90625
92940.0859375
106097.8046875
117850.2890625
127058.3671875
134197.125
140218.8125
144825.40625
147921.34375
150336.890625
152047.15625
149495.5
144764.765625
140151.171875
136151.953125
132832.15625
129329.6640625
126560.796875
125386.640625
123794.0546875
122235.2890625
120699.296875
120129.84375
120307.1875
120298.359375
120700.3515625
121193.0390625
121664.828125
122139.453125
122484.6953125
122815.5234375
123268.6640625
123741.40625
124206.0546875
124554.9296875
124694.1953125
124533.3046875
124098.4296875
123442.9921875
122802.9765625
122205.4296875
121627.0390625
120998.21875
120352.609375
119766.71875
119122.3203125
118506.6640625
117883.1015625
117293.9375
116702.96875
116129.3828125
115590.1796875
115049.3125
114527.7265625
113981.25
113468.078125
113026.96875
112559.5625
112117.5
111672.6953125
111267.2890625
110864.234375
110473.90625
110106.5234375
109737.6171875
109391.0078125
109042.6953125
108702.734375
108403.3828125
108081.2109375
107778.2421875
107474.09375
107186.5625
106899.140625
106619.1328125
106356.6328125
106094.25
105847.328125
105600.0390625
105359.4296875
105147.703125
104920.75
104707.484375
104494.1640625
104294.40625
104094.375
103901.15625
103719.9921875
103538.53125
103368.25
103198.375
103033.859375
102888.4609375
102733.1015625
102589.0625
102444.9375
102310.265625
102176.0859375
102046.96875
101926.6875
101806.703125
101695.5234375
101583.5546875
