25400.0
25400.0
25400.0
25194.044921875
25171.333984375
25171.333984375
25171.333984375
25171.333984375
25171.333984375
25171.333984375
25171.333984375
25171.333984375
25171.333984375
25171.333984375
25171.333984375
25180.666015625
25203.267578125
25641.7890625
39708.3828125
58371.01171875
76761.7890625
93040.46875
107078.0234375
119326.671875
128761.3125
136255.5625
142004.140625
145980.25
148867.796875
150876.3125
154338.390625
149749.875
143775.25
138557.6875
133794.34375
131646.6875
128954.625
126527.3984375
124867.8125
124340.2265625
124456.8046875
125019.59375
125739.9765625
126528.7890625
127166.2890625
127676.8984375
128292.125
128827.3828125
129082.703125
128939.7109375
128371.1875
127578.7734375
126603.6328125
125623.2109375
124734.671875
123752.3359375
122812.734375
121869.21875
120927.96875
120022.2890625
119162.1171875
118380.390625
117631.9765625
116935.625
116225.125
115538.34375
114941.6875
114307.46875
113716.7421875
113129.734375
112580.8125
112033.703125
111508.453125
111017.0859375
110527.1953125
110070.1640625
109615.8984375
109177.8515625
108795.0546875
108387.96875
108009.7578125
107633.9921875
107282.6875
106933.3203125
106596.5859375
106282.875
105968.9453125
105676.359375
105386.46875
105108.375
104866.953125
104610.296875
104370.7109375
104132.8359375
103911.1015625
103690.3359375
103477.578125
103281.859375
103087.140625
102904.6796875
102722.9921875
102549.4140625
102399.3828125
102239.921875
102090.7109375
101941.5546875
101803.2421875
101666.390625
101535.6171875
101413.265625
101291.578125
101177.9453125
101065.0390625
100956.296875
100861.390625
100759.65625
100665.578125
100573.140625
100488.28125
100404.6015625
100325.6015625
100251.4609375
100178.5078125
100110.078125
100042.5703125
