25400.0
25400.0
25400.0
25245.076171875
25245.076171875
25245.076171875
25245.076171875
25245.076171875
25245.076171875
25245.076171875
25245.076171875
25245.076171875
25245.076171875
25245.076171875
25245.076171875
25245.076171875
25245.076171875
25245.076171875
25245.076171875
25245.076171875
25245.076171875
31812.841796875
49360.30078125
66184.4453125
81232.921875
94371.4765625
106253.65625
116629.46875
125434.6953125
133307.625
139465.828125
144660.359375
148809.078125
147250.484375
144808.828125
142388.703125
139851.453125
137374.46875
134959.578125
132699.984375
130868.71875
128749.546875
126763.375
124893.2109375
123252.4375
121794.3515625
120459.0859375
119189.6796875
117759.8828125
116488.59375
115378.9921875
115854.3125
116198.1328125
115921.3125
115205.875
114702.671875
114217.171875
114191.9140625
114288.5390625
114454.6171875
114450.3515625
114466.2890625
114734.9296875
115088.109375
115408.140625
115749.0625
116036.015625
116328.8984375
116633.2265625
116908.3671875
117119.0390625
117376.453125
117701.5390625
118060.1328125
118466.265625
118851.0859375
119171.1328125
119502.2890625
119753.546875
119884.4375
119854.6484375
119640.578125
119363.0234375
119063.875
118731.046875
118390.4921875
118028.3828125
117673.5078125
117399.8046875
117115.453125
116836.2265625
116536.7109375
116237.2890625
115919.203125
115594.1171875
115275.3671875
114942.796875
114619.578125
114285.140625
113950.1953125
113648.953125
113314.2109375
112986.109375
112650.1328125
112329.0390625
112002.734375
111682.4296875
111378.0625
111069.3671875
110775.8125
110478.671875
110187.5
109929.1796875
109650.328125
109386.8828125
109121.5078125
108870.90625
108618.328125
108371.375
108138.1015625
107902.5703125
107679.65625
107454.4921875
