25400.0
25400.0
25400.0
25131.5234375
24843.109375
24843.109375
24843.109375
24843.109375
24849.478515625
24890.357421875
24900.16015625
24903.458984375
24905.296875
24906.798828125
24908.1328125
24909.361328125
24910.6875
24913.015625
24914.220703125
24914.98828125
24911.955078125
24913.1875
25891.056640625
37936.3515625
52162.63671875
67101.71875
80480.625
92878.5
104874.9765625
114540.0625
123739.96875
126170.875
127581.671875
128257.6015625
128458.078125
128283.4296875
127886.7421875
127295.8203125
126547.8515625
125652.3984375
124678.4609375
123762.4921875
122728.046875
121734.265625
120712.90625
119785.921875
118873.578125
117995.6171875
117180.3046875
116382.9609375
115692.8203125
115297.0546875
114982.0546875
114692.0078125
114358.1875
114271.5703125
113875.3828125
113437.9609375
112980.078125
112527.078125
112102.8125
111750.9296875
111487.203125
110950.7890625
110318.1953125
109793.734375
109280.015625
108830.1953125
108430.3359375
108834.078125
109302.09375
109311.0546875
108991.9375
108475.96875
108011.3046875
107743.65625
107526.953125
107327.59375
107305.9296875
107380.890625
107414.40625
107461.265625
107488.9140625
107447.109375
107335.21875
107222.8125
107175.1171875
107211.8125
107292.046875
107368.234375
107438.2890625
107423.5859375
107408.6796875
107422.5078125
107471.125
107549.5546875
107649.0
107770.1328125
107901.7421875
108050.3125
108210.4140625
108364.46875
108527.1484375
108675.4765625
108830.5546875
108987.5546875
109157.3203125
109321.0078125
109468.203125
109598.71875
109681.0859375
109688.421875
109671.6328125
109648.7890625
109617.4765625
109579.5
109531.1484375
109468.890625
109393.046875
109308.4453125
109218.6953125
109119.28125
109017.25
108906.109375
