25400.0
25400.0
25400.0
25211.7421875
24989.375
24989.375
24989.375
24989.375
24989.375
24989.375
24989.375
24989.375
24990.47265625
25023.11328125
25030.255859375
25033.396484375
25035.283203125
25036.021484375
25036.69140625
25034.234375
25033.970703125
25048.98828125
36048.609375
51893.9140625
67600.4609375
81928.3203125
95006.5625
106807.375
117110.8671875
125741.78125
133541.359375
139706.34375
139377.421875
138537.578125
137338.28125
135841.296875
134249.265625
132539.4375
130861.515625
129143.0234375
127456.6640625
126021.3359375
124525.328125
123157.6953125
121792.1015625
120697.59375
119620.4921875
118477.890625
117421.984375
116563.8046875
115975.5078125
115336.71875
114732.5390625
113937.328125
113154.546875
112432.328125
111746.375
111933.6796875
112517.5234375
112413.0703125
111849.6484375
111201.359375
110806.109375
110394.6875
110273.828125
110302.6328125
110467.1328125
110612.5703125
110593.3046875
110513.0546875
110500.1875
110575.078125
110684.734375
110801.46875
110913.9140625
110999.875
111037.9921875
111101.078125
111222.3203125
111381.9296875
111585.125
111811.6796875
112071.703125
112339.7265625
112581.125
112833.3984375
113085.125
113323.140625
113519.0078125
113625.3125
113610.0625
113541.890625
113445.3828125
113332.1875
113194.0234375
113034.1796875
112866.9375
112681.1875
112492.640625
112290.78125
112082.9296875
111891.0703125
111675.28125
111500.046875
111341.03125
111188.34375
111023.3046875
110849.2421875
110672.71875
110483.1015625
110294.0234375
110093.984375
109890.078125
109703.515625
109495.2578125
109292.7578125
109083.0078125
108879.6015625
108670.265625
108461.59375
108260.1015625
108053.0859375
107853.9609375
107650.0859375
