25400.0
25400.0
25168.0703125
24586.80078125
24716.787109375
24106.55859375
23413.443359375
23073.267578125
22984.201171875
23028.66796875
23189.505859375
23520.876953125
24455.787109375
24842.45703125
24955.6328125
24992.583984375
25014.1953125
25033.87109375
25053.48046875
25070.798828125
25087.72265625
25115.2421875
25142.322265625
25157.978515625
25168.091796875
25174.80078125
25180.333984375
25184.951171875
25187.076171875
25209.85546875
25617.96875
26458.333984375
29402.09375
34748.34765625
41651.74609375
48385.2734375
55482.2421875
61863.47265625
67320.546875
71831.6328125
75680.296875
79438.78125
82564.9609375
85042.8046875
87645.0
90149.78125
92602.09375
94887.1328125
97713.6484375
99636.921875
101638.15625
103930.015625
105844.96875
107614.9453125
109105.5625
110447.765625
111674.3046875
112576.5703125
113323.328125
113843.3671875
114326.0
114684.84375
114800.2890625
114883.1640625
114904.9296875
114866.140625
114786.53125
114740.578125
114713.25
114638.640625
114522.1328125
114544.3984375
114811.2421875
114969.5546875
115071.796875
115135.7578125
115165.5390625
115167.9140625
115157.8828125
115121.8828125
115053.53125
115039.4296875
115011.0859375
114944.2421875
114839.0
114711.8515625
114575.7734375
114420.359375
114260.2109375
114085.6484375
113881.2578125
113633.3125
113387.828125
113177.5546875
112978.828125
112810.46875
112649.875
112473.3984375
112314.078125
112197.984375
112170.140625
112112.7109375
112027.59375
111933.9765625
111820.09375
111701.953125
111573.5
111443.7890625
111306.0390625
111162.6796875
111018.3984375
110873.7734375
110737.5546875
110599.8828125
110467.0703125
110351.4609375
110231.5546875
110121.953125
109993.9375
109846.15625
109664.75
109473.9921875
109283.953125
109083.84375
108889.53125
108737.015625
