25400.0
25400.0
25400.0
25088.509765625
24826.11328125
24826.11328125
24826.11328125
24828.48046875
24877.734375
24888.083984375
24891.5078125
24893.55078125
24895.2109375
24896.79296875
24898.166015625
24899.892578125
24902.28515625
24903.47265625
24902.833984375
24900.9765625
24917.59375
32389.802734375
48111.70703125
63319.0703125
78155.53125
91529.6796875
104070.796875
115333.9765625
124884.140625
129770.9453125
130683.8671875
130998.625
130817.296875
130297.4921875
129537.5390625
128545.1953125
127446.90625
126229.5546875
125013.0234375
123728.7421875
122469.984375
121422.0625
120321.6328125
119301.875
118306.0390625
117391.3671875
116474.2109375
115843.2578125
115599.25
115345.1015625
114827.859375
114283.921875
113756.078125
113286.3984375
112779.921875
112324.3828125
111696.765625
111053.015625
110435.5546875
109869.2578125
109477.3203125
110147.0703125
110493.2265625
110240.234375
109674.1875
109149.09375
108820.453125
108536.0234375
108290.2265625
108309.9765625
108389.84375
108514.8125
108596.921875
108548.859375
108444.8359375
108372.4140625
108402.8046875
108483.5078125
108591.2421875
108680.328125
108762.0546875
108768.1640625
108785.546875
108843.0859375
108935.546875
109065.25
109214.6328125
109391.90625
109588.078125
109778.3359375
109986.1015625
110175.1484375
110373.2734375
110573.6328125
110775.890625
110959.5234375
111104.3203125
111182.7734375
111167.3203125
111120.0078125
111056.5078125
110986.953125
110896.3203125
110789.5234375
110666.1953125
110537.625
110395.2265625
110245.703125
110094.9921875
109935.2734375
109775.953125
109609.296875
109439.7265625
109283.46875
109127.84375
109001.109375
108877.390625
108755.5703125
108623.9453125
108486.4296875
108347.8984375
108200.0546875
108053.21875
107898.1015625
