25400.0
25400.0
25400.0
25333.080078125
25130.1640625
25130.162109375
25130.162109375
25130.162109375
25130.162109375
25130.162109375
25130.162109375
25130.162109375
25130.162109375
25130.162109375
25130.162109375
25130.162109375
25130.162109375
25130.162109375
25130.162109375
25130.162109375
25130.162109375
25130.162109375
25130.162109375
33507.73046875
49238.828125
65400.609375
79573.359375
92605.40625
104233.7578125
113602.0859375
123059.0390625
130914.9296875
137406.546875
142636.984375
147086.4375
148442.59375
146176.9375
143833.171875
141515.390625
139067.671875
136674.453125
134618.46875
132479.9375
130540.515625
128662.421875
126783.4609375
124989.28125
123375.578125
122011.609375
120713.359375
119540.484375
118163.34375
116872.6640625
115839.1328125
115360.4375
115885.109375
116117.4296875
115631.4765625
114980.1171875
114477.5078125
114115.7109375
114072.9609375
114158.1484375
114314.15625
114309.6015625
114322.6484375
114552.0234375
114859.25
115183.765625
115484.4453125
115751.7265625
116007.3984375
116271.3515625
116543.65625
116709.8984375
116925.8046875
117202.1171875
117490.640625
117848.34375
118220.375
118564.3046875
118878.421875
119178.6328125
119409.453125
119520.5546875
119485.859375
119295.9609375
119041.8125
118757.7890625
118483.3359375
118160.2421875
117838.34375
117497.09375
117206.8125
116938.625
116674.0546875
116410.0859375
116127.5390625
115845.5703125
115547.2421875
115243.2109375
114965.3203125
114654.9765625
114353.1953125
114040.3046875
113737.9296875
113426.125
113115.3828125
112809.2421875
112494.0078125
112192.90625
111886.5390625
111585.25
111317.2109375
111025.328125
110748.1328125
110466.7890625
110199.3984375
109928.40625
109662.796875
109411.3828125
109157.9375
108918.375
108676.609375
