25400.0
25400.0
24710.36328125
24713.06640625
24184.2734375
23704.84765625
23635.068359375
23634.666015625
23648.98046875
23672.296875
23714.05859375
23798.60546875
23932.31640625
24216.5703125
24797.880859375
25011.998046875
25100.408203125
25136.916015625
25156.025390625
25169.353515625
25185.8359375
25203.607421875
25222.201171875
25237.982421875
25252.71484375
25263.30859375
25273.009765625
25281.43359375
25287.4140625
25292.43359375
25293.1171875
25335.525390625
25698.642578125
26658.787109375
29235.361328125
34094.33984375
39512.55859375
45316.80859375
49975.88671875
55542.71875
62820.38671875
69949.65625
78176.5234375
86421.9453125
95475.7109375
105333.8515625
114982.1171875
124356.921875
133600.515625
136028.296875
137092.234375
137650.421875
137759.125
137606.953125
137214.90625
136693.59375
136036.515625
135235.875
134268.765625
133234.8125
132476.859375
131956.234375
131341.578125
130636.1328125
129731.890625
128976.8203125
128211.0625
127570.8828125
127000.984375
126394.515625
125763.1484375
125145.9296875
124561.328125
123967.703125
123400.0390625
122815.7734375
122242.0703125
121782.75
121148.3046875
120326.0
119503.6171875
118735.40625
118932.375
118790.859375
118373.4140625
117755.1640625
117120.9375
116607.3203125
116123.9375
115769.4453125
115557.703125
115336.46875
115184.1640625
115030.8203125
114809.9296875
114608.5078125
114472.0390625
114379.5625
114316.515625
114268.859375
114241.5
114409.9765625
114552.5859375
114652.421875
114733.140625
114801.0703125
114863.203125
114920.7109375
114973.4375
115024.5
115064.1015625
115065.4453125
115094.03125
115128.03125
115155.734375
115149.734375
115121.3671875
115099.9296875
115120.7421875
115204.578125
115315.78125
115281.3984375
115246.0625
115221.078125
