25400.0
25356.39453125
24692.169921875
24834.091796875
23932.48046875
23359.998046875
22510.783203125
22038.119140625
22048.83984375
22930.7734375
24249.576171875
24729.599609375
24736.111328125
24745.29296875
24777.609375
24820.595703125
24865.72265625
24913.552734375
24960.623046875
25004.6328125
25040.3203125
25075.31640625
25104.755859375
25130.73046875
25152.373046875
25171.5078125
25186.8984375
25199.966796875
25212.07421875
25230.931640625
25239.724609375
25259.923828125
25333.9921875
25634.65625
26827.853515625
29521.033203125
33577.74609375
38572.8203125
44315.5390625
49589.63671875
55136.765625
61950.41796875
69482.34375
73860.015625
77224.78125
80693.09375
84293.8671875
87434.3828125
90047.53125
92443.59375
94701.3828125
96496.9609375
98311.953125
100026.6171875
101490.875
102749.765625
103758.8671875
104800.7109375
105675.7265625
106465.5625
107167.328125
107721.125
108157.0546875
108492.265625
109172.1484375
109842.734375
110416.875
110906.5546875
111246.703125
111516.8828125
111776.328125
112276.21875
112624.5078125
112869.609375
113030.46875
113125.9765625
113183.796875
113208.3828125
113208.34375
113186.1796875
113149.140625
113081.03125
113011.7109375
112931.3125
112812.1796875
112661.65625
112490.6328125
112313.7734375
112167.0078125
112037.09375
111881.3828125
111714.984375
111553.9296875
111364.2578125
111182.359375
110996.5546875
110825.03125
110646.5234375
110462.828125
110279.0859375
110082.1484375
109889.5234375
109689.0078125
109488.4453125
109307.921875
109108.5859375
108918.453125
108728.046875
108546.3828125
108393.7421875
108290.3671875
108156.9765625
107995.7265625
107825.671875
107642.640625
107458.1953125
107292.5390625
107116.21875
106950.1171875
106764.9375
106583.375
106398.734375
106234.3671875
106109.53125
106086.9140625
106008.1953125
105878.1875
