25400.0
25069.77734375
22429.76171875
21715.83984375
20471.4921875
19611.974609375
18895.603515625
18671.56640625
19138.421875
19920.724609375
21264.23046875
22526.408203125
23418.947265625
24094.08203125
24639.193359375
25004.693359375
24969.05859375
24977.962890625
25004.8203125
25032.658203125
25059.759765625
25081.796875
25102.1171875
25117.029296875
25130.44140625
25140.1953125
25156.376953125
25188.7265625
25239.943359375
25443.73046875
26042.490234375
27922.248046875
32288.88671875
38085.15234375
44896.3046875
48490.85546875
52519.10546875
57322.49609375
61419.86328125
65116.0625
68390.0078125
71416.8515625
74468.0234375
76907.671875
79271.4609375
81319.640625
83348.1640625
85114.5
86735.6015625
88203.0234375
89528.546875
90794.1796875
92034.734375
93267.609375
94419.6171875
95389.6171875
96363.328125
97511.296875
98913.3125
100159.8359375
101387.0546875
102546.8515625
103517.515625
104402.7421875
105162.3671875
105855.21875
106469.15625
106966.203125
107445.9765625
107846.78125
108208.3515625
108511.0625
108770.4765625
108981.2890625
109147.2578125
109279.6484375
109343.21875
109480.5078125
109574.5625
109622.8125
109650.2890625
109657.5
109643.859375
109611.7734375
109562.1484375
109496.4453125
109418.8203125
109326.265625
109225.2421875
109122.390625
109023.2734375
108921.6171875
108796.1171875
108665.7109375
108526.5546875
108390.0546875
108246.4296875
108107.9140625
107977.921875
107844.1796875
107707.5234375
107566.8359375
107432.265625
107316.484375
107189.9140625
107070.09375
106951.0390625
106838.7578125
106725.1953125
106629.4921875
106553.84375
106474.8984375
106394.6953125
106306.75
106214.5390625
106132.34375
106039.7890625
105965.671875
105930.2734375
105938.46875
105932.671875
105916.3984375
105895.140625
105856.140625
105810.3828125
105759.8359375
