25400.0
24388.310546875
22014.224609375
21373.080078125
20012.044921875
19079.83203125
18352.33203125
18108.890625
18529.671875
19268.693359375
20530.11328125
21781.853515625
22664.685546875
23334.36328125
23869.677734375
24379.361328125
24821.751953125
25071.80078125
25044.505859375
25047.91796875
25065.744140625
25084.314453125
25102.771484375
25116.189453125
25129.216796875
25156.16015625
25179.00390625
25196.857421875
25254.7421875
25485.142578125
26139.16015625
28212.458984375
32762.982421875
38529.01953125
43148.4375
46515.12109375
49892.828125
54261.109375
58076.48828125
61695.0390625
64937.796875
67930.7109375
70710.859375
73260.7734375
75725.203125
77824.2109375
79777.203125
81607.1640625
83332.9296875
84872.8203125
86226.953125
87500.7890625
88688.9609375
89923.4453125
91114.8046875
92131.6953125
93181.5
94127.8515625
95264.140625
96653.6015625
97980.515625
99256.453125
100476.859375
101556.2890625
102490.421875
103352.2265625
104120.796875
104745.546875
105370.6171875
105909.1015625
106398.4609375
106817.7265625
107202.75
107533.0703125
107804.109375
108039.5
108230.859375
108368.6171875
108563.1484375
108703.6328125
108819.2734375
108899.8515625
108958.3828125
108986.2265625
108994.3671875
108985.53125
108962.140625
108922.609375
108870.84375
108803.921875
108727.46875
108663.3984375
108580.4921875
108485.625
108379.578125
108272.3046875
108156.0859375
108038.03125
107924.3359375
107806.9375
107689.21875
107560.7109375
107424.3671875
107300.9140625
107170.2890625
107044.4609375
106912.875
106785.40625
106652.53125
106529.8828125
106430.65625
106336.765625
106246.3515625
106152.1875
106055.8828125
105967.9140625
105876.078125
105787.9765625
105697.421875
105609.734375
105550.640625
105541.9609375
105545.359375
105539.9609375
105529.5703125
105513.453125
