25400.0
25277.21484375
24780.37109375
23828.68359375
21660.666015625
20479.140625
20824.19921875
22080.650390625
23587.123046875
24626.587890625
24751.853515625
24756.423828125
24789.791015625
24839.7890625
24890.759765625
24945.419921875
24995.998046875
25037.36328125
25076.1171875
25108.10546875
25135.326171875
25156.96875
25179.587890625
25196.01171875
25207.1171875
25259.033203125
25488.5546875
26185.26171875
28697.400390625
32844.5859375
38787.7109375
45013.23046875
51109.08984375
56227.2265625
59386.03515625
61914.16015625
64346.3046875
67128.0703125
70108.8046875
73113.1328125
76464.4609375
79289.8125
82110.3046875
84603.9921875
87389.9375
89791.5
91918.6484375
93767.671875
95495.546875
97089.4609375
98347.8125
99435.0234375
100553.296875
101511.59375
102443.5546875
103229.0625
103921.4609375
104484.3671875
104963.875
105371.4921875
106056.5546875
106907.640625
107703.765625
108388.6171875
108969.390625
109419.3359375
109838.7578125
110178.4140625
110475.65625
110718.203125
110927.890625
111094.3203125
111225.4765625
111256.1796875
111220.2578125
111192.453125
111268.5234375
111397.34375
111475.2265625
111498.7890625
111483.75
111440.9453125
111370.71875
111278.828125
111175.8125
111054.265625
110931.34375
110799.421875
110662.390625
110541.140625
110430.8125
110319.0625
110187.6328125
110046.4609375
109894.46875
109738.3984375
109585.8203125
109427.6953125
109275.7734375
109124.9453125
109004.109375
108914.375
108814.9921875
108713.0703125
108603.84375
108472.0703125
108338.0703125
108203.8515625
108072.203125
107934.1953125
107798.0
107654.5546875
107508.6953125
107375.8671875
107230.46875
107090.0703125
106946.84375
106810.625
106672.1640625
106536.59375
106407.25
106287.3125
106239.3515625
106164.59375
