25400.0
24881.62109375
23330.244140625
22300.001953125
20675.1796875
19399.521484375
18351.744140625
18427.181640625
18996.31640625
20059.44921875
21315.466796875
22202.951171875
22892.771484375
23472.654296875
24000.681640625
24449.80859375
24871.43359375
25053.390625
25025.046875
25024.705078125
25056.4453125
25095.310546875
25126.6875
25153.37109375
25173.4140625
25189.576171875
25202.544921875
25212.033203125
25219.662109375
25262.310546875
25421.626953125
25940.630859375
27614.20703125
31463.349609375
36498.0
41789.453125
44962.38671875
47834.75
51318.140625
55008.37890625
58512.31640625
61844.03125
64640.5234375
67489.7734375
69889.984375
72551.53125
74889.984375
77004.578125
78893.125
80603.34375
82301.0859375
83812.5546875
85230.8828125
86518.0703125
87530.6015625
88713.5390625
89847.1640625
90976.078125
92010.75
93009.75
93940.265625
94783.296875
95832.3671875
97092.7265625
98310.046875
99506.4296875
100499.703125
101484.7421875
102342.53125
103140.3515625
103836.46875
104485.9453125
105081.984375
105602.6640625
106082.4140625
106497.1953125
106886.0546875
107225.3203125
107493.6875
107749.078125
107937.0390625
108108.78125
108339.15625
108531.921875
108682.5546875
108795.578125
108886.0234375
108949.9296875
108990.8515625
109014.8203125
109022.0859375
109013.7421875
108990.4296875
108950.859375
108897.875
108839.765625
108782.4921875
108720.484375
108646.359375
108565.0
108479.0703125
108388.5
108300.9921875
108197.84375
108093.8125
107978.375
107856.8125
107726.421875
107594.2265625
107465.484375
107337.375
107213.671875
107086.8671875
106976.7265625
106890.34375
106794.2109375
106698.78125
106594.7109375
106490.8359375
106382.5234375
106280.046875
106185.625
106089.6328125
105999.9921875
105908.4921875
