25400.0
25400.0
25400.0
25088.400390625
24785.228515625
24785.228515625
24785.228515625
24807.275390625
24844.244140625
24852.70703125
24855.82421875
24857.828125
24859.546875
24861.146484375
24862.572265625
24863.96875
24865.216796875
24867.82421875
24869.255859375
24869.240234375
24866.59765625
24874.830078125
29193.400390625
43363.24609375
56975.1328125
72636.4375
85147.171875
97478.7578125
109196.765625
118550.0390625
122735.7578125
124603.0625
125932.171875
126506.140625
126653.4140625
126465.5859375
126058.453125
125540.8125
124884.3203125
124088.9765625
123216.4609375
122389.6484375
121446.9609375
120472.0859375
119519.859375
118671.953125
117842.890625
117045.109375
116302.1640625
115638.7109375
115303.125
114937.6796875
114547.2890625
114278.6015625
114000.2421875
113822.5390625
113607.5234375
113215.3984375
112786.6953125
112358.8671875
111950.2578125
111538.390625
111163.03125
110875.0
110285.109375
109770.265625
109261.078125
108813.5546875
108391.9609375
108262.1796875
108842.171875
109158.5078125
109022.234375
108619.265625
108098.1640625
107720.6640625
107496.90625
107303.515625
107066.5078125
107068.453125
107164.140625
107215.8828125
107282.515625
107328.234375
107301.75
107196.578125
107092.71875
107044.859375
107082.4921875
107157.609375
107248.2890625
107319.6796875
107375.5859375
107366.5703125
107357.78125
107377.7578125
107427.8984375
107507.078125
107604.703125
107722.6171875
107854.921875
107984.1328125
108138.4765625
108297.7109375
108461.421875
108607.2734375
108757.0546875
108911.7265625
109068.5390625
109227.734375
109372.7265625
109506.796875
109607.3359375
109640.765625
109628.0546875
109600.2734375
109562.6875
109519.109375
109465.578125
109401.4609375
109325.1953125
109238.1171875
109147.1484375
109045.2109375
