25400.0
25330.140625
24788.5078125
24056.048828125
22271.400390625
20923.0859375
20303.8203125
20433.76171875
21781.458984375
22873.91015625
23696.935546875
24449.611328125
25002.41796875
24929.89453125
24913.55859375
24930.78125
24960.1875
24995.052734375
25026.404296875
25058.6171875
25086.6171875
25112.849609375
25135.30078125
25154.81640625
25172.90234375
25186.150390625
25198.701171875
25207.935546875
25216.576171875
25222.67578125
25224.986328125
25246.8984375
25351.640625
25679.486328125
26856.15234375
29499.70703125
33600.73046875
38160.5390625
43667.48828125
48599.44140625
53309.02734375
57114.078125
60496.2578125
64039.3359375
67575.7109375
70763.5078125
73620.125
76352.5703125
79287.234375
81761.859375
83981.5390625
85874.359375
87768.7890625
89552.59375
90866.984375
92311.6484375
93815.53125
95178.5546875
96367.421875
97511.5625
98553.28125
99501.21875
100402.1484375
101194.0859375
101970.046875
102649.9375
103179.34375
103853.109375
104721.2109375
105507.5234375
106196.21875
106835.96875
107409.6953125
107914.171875
108394.40625
108692.1015625
108971.1484375
109402.515625
109799.796875
110144.8203125
110405.5703125
110615.4375
110771.53125
110900.125
110999.6328125
111070.984375
111125.09375
111160.6015625
111177.625
111171.0078125
111165.5546875
111147.4765625
111104.6796875
111029.3203125
110926.234375
110803.96875
110669.375
110545.5546875
110448.5390625
110350.0234375
110235.125
110103.9453125
109975.3671875
109824.4921875
109679.671875
109543.546875
109419.71875
109294.5859375
109156.59375
109013.765625
108865.328125
108720.421875
108570.5234375
108421.640625
108287.5234375
108139.84375
107997.2578125
107851.046875
107713.8125
107575.3125
107438.359375
107322.0
107271.65625
107194.0234375
107088.28125
