25400.0
25400.0
25400.0
25216.39453125
24955.642578125
24955.642578125
24955.642578125
24955.642578125
24955.642578125
24955.642578125
24955.642578125
24955.642578125
24989.451171875
24999.890625
25002.9296875
25004.359375
25005.958984375
25007.82421875
25008.74609375
25009.388671875
25008.853515625
25006.76171875
25008.435546875
26670.72265625
39202.94921875
54083.66015625
68830.6015625
81937.0234375
94477.6953125
104666.328125
114545.4609375
123252.078125
131114.828125
137312.421875
137815.515625
137324.03125
136645.359375
135595.046875
134360.703125
132964.625
131512.25
130170.71875
128681.703125
127254.640625
125827.6171875
124525.859375
123250.03125
122046.015625
120908.3125
119877.5390625
119039.6328125
118122.453125
117164.1796875
116495.5546875
115954.3125
115399.6015625
114833.4296875
114307.4609375
113830.984375
113089.7109375
112401.125
111743.609375
111159.0078125
110995.3203125
111660.2265625
111927.2578125
111610.7109375
111015.3125
110455.3203125
110118.0
109782.546875
109583.2890625
109621.6953125
109704.46875
109841.5703125
109930.7578125
109873.28125
109774.7578125
109711.671875
109731.1640625
109821.796875
109921.703125
110015.390625
110081.5234375
110085.3515625
110112.5
110177.421875
110284.0625
110423.6484375
110572.40625
110761.109375
110962.9609375
111189.28125
111392.3203125
111596.671875
111807.296875
112019.6875
112225.9375
112402.2109375
112529.2890625
112568.9453125
112540.6484375
112482.46875
112410.5546875
112321.9765625
112221.9296875
112099.8359375
111965.7578125
111826.609375
111674.203125
111520.4140625
111355.171875
111186.21875
111029.9296875
110854.171875
110681.203125
110530.3203125
110403.6015625
110275.515625
110143.15625
110008.375
109862.2421875
109715.2109375
109557.875
