25400.0
25400.0
25400.0
25288.251953125
25077.017578125
25077.017578125
25077.017578125
25077.017578125
25077.017578125
25077.017578125
25077.017578125
25077.017578125
25077.017578125
25077.017578125
25077.017578125
25077.017578125
25077.017578125
25077.017578125
25077.017578125
25077.017578125
25100.466796875
25105.44140625
25108.029296875
27128.265625
40636.03515625
56078.8984375
71336.953125
84288.875
96858.4453125
106986.0234375
116764.140625
125377.6015625
133129.515625
139114.359375
144233.4375
143962.71875
142615.578125
141028.40625
139292.75
137400.296875
135466.0
133686.015625
131765.453125
130022.15625
128364.3515625
126793.1171875
125358.328125
123949.515625
122542.875
121183.8515625
119998.1953125
118918.4375
117921.7890625
117208.1328125
116543.703125
115621.8359375
114727.8671875
113936.046875
113387.3671875
113947.8515625
114498.3125
114223.828125
113526.53125
113057.125
112669.546875
112420.6484375
112396.59375
112428.4921875
112567.7890625
112640.7421875
112673.2265625
112762.7421875
112944.53125
113174.0703125
113399.875
113623.234375
113815.9375
113992.2890625
114210.5546875
114441.5625
114573.375
114721.765625
114925.28125
115171.0234375
115440.40625
115745.453125
116059.8203125
116355.2109375
116635.3515625
116883.3671875
117127.6484375
117310.1875
117395.640625
117357.7734375
117211.0390625
117021.7265625
116815.203125
116583.4296875
116342.21875
116081.7265625
115812.9375
115565.671875
115287.7578125
115060.3203125
114847.8828125
114643.140625
114425.421875
114199.6796875
113973.7578125
113734.109375
113496.9609375
113247.921875
112996.1875
112766.984375
112511.6796875
112264.09375
112007.7265625
111760.09375
111504.8984375
111251.328125
111007.703125
110757.5546875
110517.734375
110272.140625
