25400.0
24355.19921875
21812.01953125
20815.154296875
19314.59375
18659.09375
19108.2734375
19900.802734375
21141.21484375
22590.447265625
23563.568359375
24276.908203125
24862.80078125
25226.787109375
25167.064453125
25154.638671875
25166.283203125
25180.806640625
25196.689453125
25209.724609375
25220.716796875
25229.1171875
25247.396484375
25254.6640625
25256.3125
25350.57421875
25897.2421875
27809.74609375
32590.318359375
38246.03125
44198.21875
47336.453125
49991.6875
53516.9296875
57480.96484375
61008.21484375
64434.71875
67886.2578125
70932.59375
73720.1484375
76388.53125
78771.21875
81066.8125
83027.25
84875.015625
86661.1015625
88346.5546875
89838.3515625
91166.0078125
92439.484375
93594.28125
94773.5546875
95878.0
96791.6875
97698.7734375
98974.2421875
100239.765625
101361.3984375
102431.703125
103398.96875
104292.9375
105203.28125
105963.859375
106642.734375
107214.5
107654.328125
108078.46875
108429.3671875
108735.40625
108983.25
109191.875
109366.375
109501.359375
109603.234375
109671.265625
109711.921875
109726.3125
109626.3359375
109664.21875
109687.3203125
109678.7109375
109642.828125
109584.5859375
109513.3671875
109433.15625
109340.9765625
109243.25
109133.9375
109016.984375
108905.96875
108777.4765625
108647.0859375
108526.3828125
108406.703125
108273.6796875
108133.0078125
107993.1796875
107851.46875
107714.5390625
107573.734375
107439.7421875
107320.8671875
107184.3203125
107055.2734375
106925.4296875
106805.5859375
106685.7578125
106568.359375
106455.6171875
106341.609375
106235.1953125
106130.25
106043.2109375
105979.5859375
105910.640625
105841.5859375
105766.625
105734.1875
105767.265625
105784.59375
105792.0234375
105792.0390625
105784.5546875
105768.9609375
