25400.0
25327.03125
24664.0546875
23904.099609375
22994.349609375
21537.919921875
20563.09375
19709.28515625
19368.912109375
19693.97265625
20466.568359375
21912.173828125
23110.25390625
23990.029296875
24703.529296875
24888.18359375
24877.048828125
24904.154296875
24940.791015625
24986.31640625
25025.353515625
25064.126953125
25095.82421875
25123.359375
25147.697265625
25167.044921875
25184.958984375
25196.98828125
25213.84375
25228.919921875
25240.84375
25297.728515625
25480.50390625
26041.857421875
28014.890625
32043.072265625
37041.171875
43784.9140625
50083.6171875
53143.7421875
57918.8125
62125.828125
66020.53125
69523.953125
72352.9453125
75359.5703125
78186.6875
80734.0234375
82902.90625
84954.421875
86897.0234375
88585.203125
90167.5
91545.3046875
92828.8515625
94128.0078125
95291.4921875
96502.25
97545.5390625
98492.765625
99295.4765625
100026.1328125
101005.796875
102160.5
103288.796875
104287.296875
105187.1796875
105977.1015625
106611.5
107228.2109375
107752.515625
108238.5078125
108653.3984375
109023.421875
109340.3828125
109608.9375
109838.2265625
110017.0
110161.7109375
110197.859375
110241.0078125
110391.5703125
110494.8359375
110557.5859375
110586.1875
110587.9296875
110571.3515625
110535.5703125
110482.4921875
110414.203125
110328.3515625
110230.8984375
110130.7890625
110010.1875
109907.4375
109791.0234375
109669.03125
109536.21875
109399.078125
109266.96875
109132.4609375
109001.3671875
108862.8515625
108717.28125
108588.90625
108449.0234375
108316.703125
108188.0234375
108071.9296875
107954.75
107837.5625
107734.703125
107648.8515625
107570.21875
107484.1875
107389.9453125
107299.375
107192.2890625
107088.8984375
106966.1796875
106846.1171875
106722.921875
106599.2890625
106478.4140625
106352.3046875
106230.5625
106107.1875
