25400.0
25400.0
25400.0
25382.55859375
25379.056640625
25371.224609375
25366.53515625
25363.5703125
25361.7890625
25360.658203125
25359.962890625
25359.541015625
25359.2734375
25359.109375
25359.00390625
25358.9375
25358.900390625
25358.876953125
25358.876953125
25358.3046875
25357.953125
25357.01953125
36669.71875
54805.7890625
71720.390625
85594.1796875
98091.0078125
109028.5078125
118349.0546875
126983.1328125
133787.484375
139586.84375
144405.984375
148419.265625
151411.328125
153603.578125
153385.609375
149612.859375
146085.84375
142829.859375
139838.328125
136639.734375
133841.859375
131288.453125
129127.34375
127046.015625
124821.234375
122851.6328125
121855.9921875
121255.84375
120205.734375
119359.3203125
118862.4296875
118517.984375
118368.0703125
118604.1953125
118656.4609375
118730.84375
119035.375
119531.6171875
120079.0546875
120589.0703125
121030.7421875
121462.578125
121874.6171875
122159.9609375
122500.25
122934.8359375
123413.359375
123929.2265625
124372.3828125
124742.3203125
124980.7265625
125002.7890625
124801.4453125
124404.0078125
123990.0546875
123504.65625
123011.2890625
122554.046875
122150.5234375
121736.40625
121309.6875
120884.6484375
120434.796875
119992.671875
119519.40625
119043.359375
118614.8046875
118145.140625
117695.4453125
117237.203125
116800.078125
116356.0
115922.0703125
115511.9453125
115097.609375
114706.046875
114310.609375
113924.390625
113582.7109375
113213.15625
112863.3203125
112509.9375
112175.0859375
111832.2109375
111494.703125
111175.0234375
110844.875
110515.6015625
110191.84375
109885.5390625
109620.2265625
109337.015625
109070.8359375
108803.1484375
108550.1953125
108295.6171875
108046.6640625
107811.7109375
107578.71875
107361.7734375
107142.40625
