25400.0
25100.048828125
23240.1484375
22468.00390625
20566.72265625
19656.73828125
18708.634765625
18467.701171875
18483.259765625
18752.68359375
19899.462890625
21335.015625
22313.42578125
23115.576171875
23811.140625
24406.4453125
24949.568359375
25101.5859375
25080.248046875
25088.734375
25108.11328125
25134.845703125
25158.130859375
25178.638671875
25194.18359375
25207.328125
25216.134765625
25222.7109375
25228.765625
25283.708984375
25551.310546875
26439.724609375
28841.384765625
33487.33203125
38934.12890625
44365.1484375
47361.4609375
50097.01953125
54208.08203125
57701.82421875
61382.08984375
64629.453125
67779.1796875
70579.2578125
73150.921875
75887.9765625
78184.8828125
80280.390625
82178.25
84020.4453125
85689.203125
87090.7734375
88412.765625
89780.484375
91106.2421875
92356.75
93415.0546875
94497.5234375
95452.09375
96385.4453125
97251.9140625
98671.2890625
99970.8515625
101086.6328125
102111.375
102997.2421875
103814.5078125
104548.296875
105153.8125
105753.28125
106271.6328125
106757.0859375
107168.625
107497.3671875
107716.8515625
108103.9140625
108434.3359375
108690.4140625
108900.53125
109057.90625
109165.8984375
109254.765625
109314.609375
109349.4296875
109360.328125
109353.6953125
109327.5703125
109313.0546875
109293.5546875
109256.78125
109197.4609375
109120.765625
109036.234375
108927.4140625
108801.546875
108663.9765625
108524.3828125
108372.5078125
108220.8046875
108099.15625
107986.8359375
107878.53125
107756.8671875
107625.6796875
107499.59375
107362.2421875
107230.8125
107098.1171875
106973.9140625
106847.890625
106722.8828125
106602.953125
106483.25
106371.8125
106257.4921875
106144.8046875
106043.453125
105932.359375
105827.03125
105719.7890625
105636.0390625
105590.0859375
105521.9609375
105437.953125
105339.8515625
105237.984375
105128.3984375
