25400.0
25071.12890625
24590.486328125
23657.390625
21490.337890625
20328.279296875
19339.265625
18979.048828125
19593.921875
21081.87890625
22144.580078125
22978.470703125
23746.501953125
24441.75390625
25045.45703125
25082.365234375
25054.224609375
25064.673828125
25089.787109375
25113.54296875
25138.3203125
25159.359375
25178.119140625
25193.087890625
25205.630859375
25214.349609375
25221.01953125
25229.40625
25291.111328125
25577.26171875
26678.638671875
29149.86328125
33949.8203125
39311.37109375
45483.1484375
48747.84765625
51218.15625
54468.6796875
57821.19921875
61093.4921875
64540.015625
67745.1875
70743.71875
73191.40625
76140.8671875
78659.6640625
80904.734375
82846.46875
84780.6328125
86533.1484375
87983.78125
89559.703125
91039.359375
92416.1640625
93711.9765625
94804.640625
95919.4296875
96951.1875
97918.2578125
98820.40625
99640.6875
100779.015625
101834.3828125
102804.1875
103651.4921875
104441.4375
105152.78125
105739.75
106321.09375
106714.3828125
107166.9375
107724.8984375
108188.6640625
108552.4921875
108830.734375
109067.2109375
109259.375
109420.1171875
109556.8515625
109661.0859375
109744.8359375
109793.609375
109840.203125
109861.921875
109846.1640625
109797.71875
109714.8671875
109607.9609375
109498.96875
109419.71875
109334.1171875
109237.890625
109111.28125
108971.6796875
108815.0546875
108667.6796875
108519.5234375
108370.15625
108222.9140625
108067.828125
107917.5859375
107763.8046875
107616.5
107487.203125
107346.671875
107213.46875
107079.921875
106954.484375
106810.8515625
106671.8828125
106601.2265625
106537.5390625
106447.828125
106331.671875
106204.7109375
106084.609375
105948.3984375
105816.3203125
105680.3515625
105550.3046875
105418.921875
105290.90625
105169.953125
105049.0546875
104936.7734375
104825.1796875
