25400.0
25279.9140625
24479.93359375
23075.611328125
21240.318359375
20413.375
20887.498046875
22013.123046875
23700.265625
24802.435546875
24779.033203125
24756.103515625
24790.470703125
24844.67578125
24897.6484375
24935.052734375
24972.953125
25005.078125
25034.623046875
25059.583984375
25082.515625
25123.0703125
25157.822265625
25182.7734375
25203.71484375
25284.263671875
25592.142578125
26598.263671875
29739.0546875
34545.32421875
40729.03125
47335.28515625
53824.1953125
58236.79296875
62956.9453125
67488.8671875
71454.921875
75281.9921875
78471.5390625
81810.921875
84820.8359375
87176.953125
89474.1953125
91609.296875
93611.1328125
95315.96875
96817.453125
98148.1015625
99418.6484375
100624.5859375
101651.7421875
102535.703125
103259.3828125
103808.125
104697.5
105733.0703125
106732.7734375
107630.765625
108397.109375
109045.71875
109576.4375
110035.4921875
110406.3515625
110733.015625
110998.3984375
111188.8125
111355.515625
111475.453125
111539.1328125
111550.0703125
111433.859375
111420.96875
111497.375
111518.8046875
111493.3125
111432.4140625
111345.453125
111254.9296875
111140.359375
111013.2734375
110869.578125
110721.703125
110556.859375
110382.65625
110233.6015625
110070.359375
109910.9765625
109745.328125
109581.84375
109440.59375
109283.6953125
109138.9453125
108998.8515625
108868.7421875
108736.1015625
108603.8046875
108477.4609375
108351.1875
108226.390625
108106.5703125
107990.9296875
107886.8671875
107764.765625
107636.765625
107495.03125
107357.875
107214.3984375
107072.25
106934.796875
106791.265625
106651.3046875
106505.8828125
106363.2265625
106235.125
106094.296875
105959.15625
105835.453125
105747.3359375
105717.9609375
105774.3046875
105792.46875
105778.75
105744.25
105690.46875
