25400.0
24553.5
23190.6171875
22192.177734375
20750.701171875
19276.9765625
18450.517578125
18714.29296875
19402.60546875
20638.578125
21900.888671875
22785.26171875
23469.255859375
24022.87890625
24531.6640625
24967.95703125
25037.75390625
25024.537109375
25040.244140625
25066.76171875
25091.00390625
25113.5625
25130.150390625
25145.912109375
25156.52734375
25164.271484375
25172.0234375
25221.390625
25427.275390625
26042.751953125
27929.486328125
32368.197265625
38062.6171875
43441.51171875
46913.74609375
50412.66796875
54856.12109375
58829.7890625
62439.734375
65706.0
68689.390625
71558.546875
74096.171875
76535.96875
78625.1796875
80597.5234375
82422.328125
84126.09375
85645.890625
86987.828125
88267.953125
89460.8828125
90703.8203125
91888.9140625
92897.484375
93935.578125
94872.2734375
96147.578125
97500.1796875
98806.796875
100081.8203125
101225.578125
102255.9296875
103147.0234375
103967.2890625
104696.390625
105290.28125
105880.8359375
106385.9921875
106842.5
107235.3203125
107590.2265625
107890.828125
108135.046875
108345.671875
108505.03125
108647.78125
108816.3125
108935.4921875
109030.4453125
109092.75
109127.5078125
109139.28125
109134.7890625
109113.6484375
109078.0
109026.34375
108962.4921875
108880.9375
108801.7890625
108729.1640625
108634.96875
108530.2421875
108417.625
108301.765625
108177.734375
108055.65625
107938.359375
107815.515625
107692.6015625
107556.875
107419.4453125
107296.5625
107166.6171875
107040.203125
106909.1015625
106781.5
106649.9140625
106532.453125
106444.28125
106356.828125
106272.0859375
106180.734375
106085.859375
106001.6953125
105911.1171875
105823.2109375
105732.71875
105661.46875
105631.375
105638.7890625
105634.15625
105623.6328125
105608.0546875
105586.0859375
