25400.0
25400.0
25400.0
25400.0
25400.0
25400.0
25400.0
25400.0
25400.0
25400.0
25400.0
25400.0
25400.0
25400.0
25400.0
25400.0
25400.0
25400.0
25400.0
25400.0
25400.0
25400.0
30299.193359375
52027.52734375
69572.265625
84214.71875
95633.6640625
105441.078125
114098.4453125
120267.9921875
125656.8125
130032.765625
133726.21875
136759.953125
139446.609375
141534.078125
143247.359375
144759.40625
146007.703125
147088.1875
148026.140625
148983.984375
149917.6875
150689.796875
154623.734375
155142.21875
152962.90625
160658.671875
170904.34375
171561.78125
168473.84375
166046.890625
164915.21875
163923.765625
162147.609375
160035.796875
157979.28125
155942.890625
154031.765625
152141.765625
150333.5625
148657.46875
147002.84375
145505.515625
144217.609375
143009.765625
141963.609375
140892.78125
139921.03125
138796.390625
137747.6875
136789.859375
135897.40625
135082.171875
134248.578125
133396.1875
132495.078125
131547.4375
130670.0703125
129749.1640625
128947.8984375
128127.3125
127339.3203125
126534.4765625
125755.03125
125029.46875
124284.8203125
123722.0390625
123146.59375
122549.796875
121999.90625
121390.1171875
120799.1171875
120195.0703125
119622.2578125
119052.4765625
118494.7109375
117963.3984375
117424.484375
116913.6796875
116383.8671875
115878.6484375
115461.21875
115029.640625
114677.359375
114557.0546875
114404.8359375
114198.984375
113953.7890625
113687.234375
113390.640625
113088.75
112763.859375
112420.5078125
112094.4296875
111719.1796875
111351.1953125
110935.5
110515.8203125
110101.796875
109711.40625
109353.8515625
109004.5234375
108682.3046875
108364.9296875
