25400.0
25400.0
25400.0
25068.32421875
24930.90625
24930.90625
24930.90625
24930.90625
24930.90625
24964.486328125
24989.521484375
24995.365234375
24997.849609375
24999.62109375
25001.162109375
25004.06640625
25005.478515625
25006.583984375
25005.12109375
25004.51171875
25058.21484375
38869.6171875
54628.62109375
71109.890625
86463.5546875
99639.1640625
111498.6015625
122349.671875
130792.078125
137523.53125
142735.578125
147183.046875
148875.609375
145558.640625
142491.765625
139443.8125
136517.171875
133784.75
131210.484375
128756.90625
126482.2890625
124456.390625
122805.3125
120995.7109375
119221.59375
117554.1875
117137.0625
117346.1484375
116645.1484375
115859.9609375
115133.6015625
114902.71875
114806.6484375
114932.609375
114959.375
115079.1484375
115346.3515625
115657.6484375
115918.6953125
116198.0625
116464.5234375
116586.5
116780.5546875
117050.296875
117394.6484375
117788.703125
118114.046875
118450.8515625
118740.5
118930.0
118935.9140625
118751.5
118430.7421875
118078.7890625
117690.65625
117293.453125
116942.75
116618.390625
116321.3125
115978.640625
115635.0234375
115269.6328125
114910.3828125
114534.546875
114157.4921875
113789.890625
113403.578125
113032.59375
112654.8046875
112282.9609375
111952.6796875
111593.8828125
111253.1640625
110908.328125
110583.453125
110256.6171875
109938.3671875
109638.2734375
109336.2109375
109050.9921875
108763.6640625
108483.546875
108236.515625
107969.203125
107716.453125
107462.109375
107221.6796875
106974.3359375
106718.0234375
106481.53125
106251.3671875
106035.2109375
105817.2578125
105606.53125
105420.4375
105220.921875
105033.59375
104846.1328125
104668.6875
104490.7890625
104317.859375
104155.2578125
103993.3046875
103844.5390625
103695.984375
