25400.0
25400.0
25400.0
25172.41796875
24994.44921875
24994.44921875
24994.44921875
24994.44921875
24994.44921875
24994.44921875
24998.666015625
25041.11328125
25049.873046875
25052.615234375
25054.541015625
25057.17578125
25058.41796875
25059.38671875
25056.916015625
25058.083984375
27159.0859375
42408.0859375
58697.75390625
75736.0859375
90668.7578125
103581.984375
115226.859375
125725.53125
133982.0625
140343.953125
145130.96875
149126.4375
150232.53125
146588.234375
143307.734375
140009.265625
136898.96875
134015.96875
131094.921875
128551.9609375
126271.2109375
124314.6328125
122361.3203125
120361.953125
119182.9609375
118652.390625
118158.4609375
117489.5625
116840.0546875
116512.90625
116376.2109375
116590.03125
116589.8359375
116678.2890625
117072.4453125
117578.265625
118060.21875
118504.4765625
118908.78125
119351.6953125
119614.890625
119932.609375
120344.3515625
120797.96875
121263.0625
121656.6171875
121945.375
122108.515625
122046.1640625
121772.265625
121332.2890625
120827.0546875
120301.7109375
119856.0
119421.4453125
118997.421875
118547.2578125
118087.5546875
117667.6640625
117191.640625
116725.8046875
116247.6484375
115790.3125
115325.1328125
114867.9375
114433.5
113994.9140625
113580.8125
113164.640625
112759.5859375
112401.9765625
112016.390625
111651.84375
111255.6484375
110890.4765625
110533.890625
110192.5234375
109873.6796875
109554.7890625
109253.03125
108945.4921875
108645.75
108381.484375
108098.0546875
107831.5625
107563.4453125
107312.1796875
107063.6953125
106824.8203125
106599.890625
106373.1875
106158.1796875
105941.125
105729.125
105541.2578125
105338.1875
105146.28125
104952.859375
104769.75
104584.9453125
104405.078125
104234.9765625
104064.109375
103903.6015625
103741.921875
