25400.0
25400.0
25400.0
25181.3828125
25036.3125
25036.572265625
25036.3125
25036.3125
25036.3125
25036.3125
25036.3125
25036.3125
25037.72265625
25075.146484375
25083.33984375
25085.802734375
25088.564453125
25089.76171875
25090.416015625
25091.107421875
25089.951171875
25088.806640625
25092.4453125
30420.267578125
46080.35546875
61317.9140625
76762.7421875
89693.7578125
101308.609375
112183.75
120868.9140625
128452.59375
134669.40625
140330.578125
144724.25
148104.046875
150480.21875
152244.03125
149018.609375
145663.953125
142333.703125
139334.5625
136537.34375
133613.46875
131078.25
128767.3515625
126788.1015625
124619.5390625
122553.3671875
121017.875
120624.3671875
119967.4453125
118750.8671875
117954.2109375
117280.2421875
117066.8359375
116985.421875
117082.734375
117063.828125
117170.84375
117447.1015625
117758.7109375
118038.5703125
118307.8125
118569.3984375
118696.015625
118854.9375
119118.7578125
119435.53125
119814.390625
120163.1875
120489.8828125
120781.71875
120964.734375
120989.5703125
120853.3046875
120528.03125
120149.6171875
119786.09375
119365.546875
119000.015625
118658.90625
118328.296875
117974.609375
117605.8984375
117238.78125
116853.09375
116473.1875
116069.2421875
115664.9921875
115302.34375
114906.21875
114527.6640625
114141.5390625
113773.9921875
113401.3359375
113037.90625
112693.3984375
112346.359375
112017.8515625
111686.296875
111361.7578125
111074.7109375
110764.7734375
110471.3046875
110174.6953125
109894.21875
109610.4140625
109332.859375
109070.109375
108804.6953125
108536.46875
108259.265625
107993.8984375
107764.9609375
107521.453125
107293.625
107066.015625
106851.3515625
106635.421875
106425.2578125
106227.140625
106032.3984375
105850.1953125
105666.828125
