25400.0
25400.0
25400.0
25173.7421875
25042.482421875
25042.482421875
25042.482421875
25042.482421875
25042.482421875
25042.482421875
25042.482421875
25042.482421875
25045.806640625
25081.896484375
25089.736328125
25093.1640625
25095.05078125
25095.978515625
25096.7109375
25094.87109375
25094.306640625
25110.0859375
35895.96484375
52347.2734375
68643.53125
83364.03125
96695.609375
107991.3359375
118989.1171875
127877.59375
134309.515625
140174.359375
144927.53125
148556.265625
151140.765625
151182.5625
147323.390625
143921.65625
140542.921875
137460.46875
134285.65625
131491.9375
129251.9453125
127042.96875
124881.984375
122709.125
121077.1328125
120537.4609375
119707.5
118707.6484375
118098.5546875
117493.8046875
117338.3125
117472.203125
117519.90625
117473.5234375
117764.65625
118173.7421875
118592.1875
118989.0
119362.53125
119746.8828125
119959.0390625
120229.0078125
120598.59375
121029.375
121445.2109375
121832.9453125
122163.40625
122387.140625
122423.203125
122248.3671875
121867.046875
121421.1015625
120931.3671875
120468.9609375
120048.3671875
119635.9375
119257.03125
118824.5234375
118396.5390625
117945.015625
117495.1328125
117030.0859375
116568.703125
116127.46875
115677.234375
115248.765625
114814.2421875
114389.7890625
114015.0390625
113609.9765625
113227.8203125
112841.96875
112477.5078125
112110.1015625
111751.359375
111412.6015625
111062.1796875
110713.640625
110370.8671875
110046.4375
109763.328125
109454.609375
109164.4296875
108871.1953125
108596.7734375
108321.6640625
108054.2578125
107802.1796875
107550.5625
107319.2890625
107086.859375
106859.5625
106658.15625
106439.3984375
106232.1796875
106022.03125
105823.7265625
105623.2890625
105427.484375
105242.0078125
105054.0078125
104876.59375
104698.0703125
