25400.0
25400.0
25400.0
25180.8828125
25032.134765625
25032.134765625
25032.134765625
25032.134765625
25032.134765625
25032.134765625
25032.134765625
25032.134765625
25046.734375
25075.0546875
25081.50390625
25084.728515625
25086.603515625
25087.533203125
25088.2421875
25085.751953125
25086.244140625
26712.404296875
40909.984375
57327.90625
73824.03125
87973.578125
101003.5390625
112044.4765625
122788.46875
131318.359375
137402.921875
142872.65625
147191.96875
150414.25
150859.578125
147224.6875
143848.265625
140672.78125
137652.703125
134691.390625
131805.75
129224.9765625
127199.2109375
125236.9296875
123158.78125
121161.765625
119913.6640625
119391.90625
118683.34375
118035.34375
117445.6953125
116957.890625
116829.0703125
117011.7421875
117087.0625
117083.6796875
117334.1484375
117774.515625
118235.65625
118705.7421875
119110.1953125
119507.8125
119871.234375
120129.984375
120476.265625
120893.046875
121311.0625
121749.8203125
122115.2109375
122411.2578125
122548.5546875
122467.6796875
122190.9921875
121762.5078125
121273.9921875
120783.953125
120328.625
119906.0
119524.71875
119091.125
118662.1015625
118211.5390625
117766.6640625
117298.5859375
116831.5546875
116384.34375
115928.9453125
115494.296875
115052.7734375
114620.390625
114237.453125
113824.828125
113435.34375
113042.6796875
112671.296875
112297.4140625
111932.6796875
111571.65625
111199.0
110856.8359375
110519.7265625
110196.0078125
109912.4453125
109603.515625
109309.8046875
109013.953125
108735.7109375
108456.8203125
108185.4453125
107929.6015625
107672.8671875
107433.8515625
107196.5
106966.59375
106762.5078125
106541.453125
106332.2734375
106120.2734375
105919.7421875
105717.2109375
105519.0546875
105331.140625
105141.0703125
104961.5546875
104780.3671875
