25400.0
25400.0
25400.0
25019.583984375
24755.67578125
24712.876953125
24736.5546875
24804.47265625
24816.1484375
24819.669921875
24822.09765625
24824.53125
24826.87890625
24829.078125
24831.23046875
24833.15234375
24835.87109375
24838.3828125
24839.91015625
24840.4609375
24838.421875
24865.171875
31426.31640625
46037.30078125
60487.19921875
75172.515625
88802.375
100884.8515625
111834.1484375
122117.7578125
129950.171875
136686.578125
141945.875
145574.015625
143592.421875
141500.609375
139236.3125
137024.046875
134763.125
132676.984375
130554.03125
128522.96875
126899.2578125
125096.453125
123452.0
121908.296875
120538.4453125
119241.65625
118020.2734375
116715.1875
115453.078125
114420.875
114730.2578125
115360.0625
115136.5625
114298.1015625
113727.234375
113214.3046875
112939.3515625
112858.640625
112914.3359375
113083.2265625
113068.1796875
113060.96875
113199.1015625
113403.8046875
113590.140625
113797.7890625
113997.6328125
114177.2265625
114247.5390625
114358.0390625
114528.9453125
114741.96875
115001.9296875
115283.3984375
115562.671875
115819.6640625
116046.3359375
116269.078125
116424.2734375
116476.3359375
116413.234375
116202.6171875
115947.3125
115679.546875
115388.5390625
115092.46875
114789.09375
114532.53125
114316.4609375
114072.3828125
113827.828125
113565.96875
113305.4296875
113030.578125
112751.6796875
112479.875
112197.4765625
111923.8203125
111641.25
111360.3515625
111107.984375
110826.1484375
110552.3046875
110273.0859375
110007.0234375
109736.3984375
109470.9140625
109218.3046875
108962.1796875
108718.40625
108471.09375
108229.3125
108015.484375
107784.5546875
107567.0703125
107347.5390625
107139.6171875
106929.703125
106724.03125
106529.203125
106332.28125
106145.65625
105957.0234375
