25400.0
25400.0
25400.0
25141.45703125
25020.2265625
25020.2265625
25020.2265625
25020.2265625
25020.2265625
25020.2265625
25020.2265625
25025.59375
25062.318359375
25069.765625
25072.486328125
25075.12109375
25076.291015625
25077.185546875
25075.34765625
25074.80859375
25111.265625
39266.51171875
55567.7578125
72427.6328125
87742.6015625
100875.7578125
112697.2109375
123454.4296875
131845.046875
138468.578125
143543.203125
147857.109375
150920.65625
148290.40625
144847.96875
141484.59375
138202.328125
135357.4375
132296.53125
129637.484375
127281.2421875
125188.9921875
123299.8515625
121216.0078125
119402.609375
119006.8203125
118541.3125
117789.984375
117103.9140625
116439.9296875
116313.4296875
116461.9609375
116490.984375
116477.8984375
116769.0
117196.5
117626.3671875
118017.703125
118383.875
118755.5
118977.828125
119269.453125
119657.65625
120092.2265625
120542.5078125
120933.5390625
121235.6484375
121428.4140625
121401.75
121159.578125
120762.828125
120301.921875
119818.3671875
119379.0859375
118972.3515625
118581.0625
118165.8515625
117737.40625
117343.4140625
116901.1015625
116464.5390625
116005.9921875
115564.9921875
115114.8125
114671.5
114249.4296875
113821.6484375
113416.0078125
113007.640625
112610.03125
112259.4765625
111881.8359375
111524.6484375
111165.4296875
110826.25
110484.6484375
110151.9296875
109836.609375
109493.9375
109177.7265625
108869.8046875
108573.3828125
108309.5390625
108026.6875
107760.4375
107494.375
107244.3359375
106993.296875
106750.2734375
106521.03125
106290.609375
106076.3984375
105864.9765625
105659.046875
105476.4375
105278.8359375
105092.0703125
104903.125
104724.28125
104543.9921875
104369.09375
104203.2265625
104035.5546875
103877.4765625
103717.828125
