25400.0
25400.0
25400.0
25191.630859375
25044.912109375
25044.912109375
25044.912109375
25044.912109375
25044.912109375
25044.912109375
25044.912109375
25044.912109375
25045.193359375
25084.01953125
25092.47265625
25096.0703125
25098.0078125
25098.923828125
25099.63671875
25097.359375
25097.166015625
25130.72265625
38387.55859375
54832.43359375
71088.3203125
85451.8671875
98635.1953125
109816.625
120694.453125
129487.1171875
135757.65625
141413.84375
145963.65625
149278.0
151800.78125
150352.5625
146585.9375
143165.984375
139894.46875
136702.765625
133590.59375
130824.4921875
128660.2265625
126522.0234375
124264.59375
122144.96875
121116.71875
120417.6875
119376.1953125
118659.3046875
117969.8203125
117676.84375
117570.0390625
117747.53125
117730.2265625
117798.609375
118212.953125
118711.828125
119193.3046875
119632.171875
120044.0
120456.828125
120712.21875
121023.8203125
121429.7109375
121893.2578125
122312.09375
122700.6875
123009.703125
123175.9921875
123130.0078125
122883.4140625
122428.8671875
121935.8984375
121404.3828125
120949.21875
120506.96875
120062.1171875
119651.0859375
119185.375
118723.375
118234.265625
117761.2890625
117276.5625
116797.5625
116340.2421875
115875.75
115434.890625
114990.046875
114556.3125
114173.4765625
113760.046875
113369.3046875
112975.8359375
112603.5234375
112200.140625
111811.640625
111455.6484375
111103.2890625
110774.6015625
110443.4296875
110116.4453125
109828.046875
109517.171875
109226.046875
108933.1328125
108657.875
108384.546875
108122.5390625
107875.5546875
107626.265625
107390.484375
107151.3203125
106918.0390625
106710.9453125
106487.2734375
106275.4921875
106061.7109375
105858.203125
105653.359375
105453.2578125
105263.703125
105072.8515625
104892.796875
104712.09375
