25400.0
25400.0
24620.39453125
24781.556640625
24287.4453125
23827.83984375
23770.1484375
23767.54296875
23775.787109375
23789.296875
23808.802734375
23838.529296875
23885.8828125
23968.611328125
24093.05078125
24312.251953125
24848.849609375
25067.138671875
25140.236328125
25163.107421875
25174.546875
25183.734375
25191.70703125
25199.681640625
25205.873046875
25211.61328125
25216.431640625
25219.359375
25220.33984375
25279.27734375
25765.451171875
26979.1328125
30217.244140625
35867.71484375
41771.76171875
48311.72265625
53744.87109375
58590.109375
62848.55859375
66502.546875
69859.8203125
72595.5546875
75220.296875
77503.3359375
79783.515625
84671.140625
89518.625
95990.0234375
102722.65625
109931.6875
117688.5
126002.4609375
133643.46875
140386.28125
144858.265625
144604.65625
144507.84375
144140.28125
143433.078125
142533.890625
141517.9375
140367.34375
139226.6875
138092.53125
136859.90625
135711.9375
134903.671875
134117.609375
133202.40625
132201.96875
131227.265625
130240.7734375
129331.8671875
128463.65625
127848.25
127271.3671875
126648.0859375
126065.671875
125411.1796875
124781.15625
124126.875
123444.7890625
122568.0078125
121643.0859375
120758.0078125
120291.421875
120311.296875
120020.3671875
119547.25
118990.9921875
118386.3828125
117883.84375
117366.0625
116999.234375
116768.171875
116543.9296875
116380.421875
116198.890625
115965.4453125
115730.3125
115545.9609375
115417.4765625
115318.2109375
115249.71875
115203.546875
115183.2890625
115358.6953125
115504.484375
115594.2109375
115652.9296875
115693.9375
115730.078125
115765.40625
115787.78125
115782.453125
115763.1875
115735.625
115697.9765625
115697.546875
115708.671875
115712.0
115699.7734375
115668.09375
115615.1328125
