25400.0
25400.0
25400.0
25086.876953125
24936.587890625
24936.587890625
24936.587890625
24936.587890625
24936.587890625
24958.974609375
24994.662109375
25002.7265625
25005.6484375
25007.46875
25009.060546875
25011.2421875
25013.458984375
25014.666015625
25015.619140625
25013.029296875
25015.15234375
27240.98046875
41214.359375
57135.328125
73359.703125
87424.6328125
100428.6953125
111477.3203125
122234.9609375
130843.453125
136961.078125
142460.171875
146814.375
150137.625
148109.96875
144910.640625
141820.0625
138917.15625
136029.078125
133474.234375
130756.8125
128294.2578125
126367.7890625
124476.3671875
122712.8515625
120802.234375
119127.09375
118317.359375
117879.09375
117705.8046875
116949.15625
116329.90625
115831.0390625
115715.6875
115845.890625
115950.328125
115911.78125
116141.8125
116473.1171875
116839.0
117204.734375
117529.328125
117876.5
118158.703125
118373.734375
118662.0078125
118978.4765625
119381.03125
119782.7890625
120136.734375
120442.4453125
120660.234375
120717.3984375
120585.9296875
120275.1015625
119883.125
119447.6015625
118994.890625
118634.7109375
118266.2890625
117906.625
117524.8203125
117145.578125
116745.59375
116342.09375
115946.7734375
115528.5234375
115125.3828125
114713.640625
114307.421875
113945.734375
113551.8125
113177.5703125
112799.078125
112441.328125
112080.7265625
111729.2265625
111396.9765625
111062.234375
110745.78125
110426.9765625
110103.6328125
109806.4296875
109494.09375
109206.9609375
108921.6171875
108655.0546875
108387.5
108126.984375
107878.484375
107624.953125
107385.7890625
107143.1953125
106908.46875
106702.2109375
106480.3515625
106271.0390625
106063.2421875
105869.9375
105676.0234375
105486.3984375
105306.59375
105125.140625
104952.7734375
104778.578125
