25400.0
25400.0
25400.0
25149.888671875
25030.21875
25030.21875
25030.21875
25030.21875
25030.21875
25030.21875
25030.21875
25032.90625
25071.5078125
25079.189453125
25081.83984375
25084.486328125
25085.68359375
25086.5546875
25086.27734375
25084.486328125
25088.822265625
31227.990234375
47336.546875
64027.484375
80281.4375
93854.40625
106011.53125
117300.4140625
126279.84375
133538.1875
139267.03125
144329.40625
147901.34375
150537.5
151284.890625
147196.6875
143490.609375
140098.625
136757.25
133650.453125
130800.015625
128299.0
126227.171875
123818.453125
121695.859375
120939.1953125
120320.6328125
118993.7109375
118111.390625
117351.890625
117182.7578125
117294.6796875
117273.4296875
117349.4296875
117608.625
117967.4375
118299.1484375
118630.3671875
118938.8203125
119106.3984375
119355.609375
119688.5390625
120102.0234375
120516.890625
120890.6875
121217.3125
121397.2890625
121385.0234375
121170.1640625
120770.671875
120332.59375
119855.6796875
119415.0546875
119029.9921875
118631.109375
118231.40625
117802.8671875
117363.859375
116959.6875
116499.078125
116052.75
115596.375
115159.9921875
114716.4609375
114279.9765625
113866.015625
113449.0703125
113055.8203125
112660.0234375
112273.921875
111933.4296875
111565.71875
111218.6953125
110868.796875
110538.9921875
110207.1015625
109883.296875
109577.1015625
109257.328125
108943.234375
108630.0546875
108331.8515625
108071.9296875
107795.7734375
107537.03125
107278.40625
107035.296875
106791.140625
106556.15625
106340.0234375
106123.265625
105917.5390625
105709.4140625
105506.0703125
105326.6796875
105132.2265625
104948.4140625
104763.0078125
104588.125
104411.421875
104237.46875
104073.453125
103907.984375
103751.2578125
103593.84375
