25400.0
25400.0
25400.0
25063.97265625
24908.6796875
24908.6796875
24908.6796875
24908.6796875
24908.6796875
24962.767578125
24977.2578125
24981.552734375
24983.875
24985.669921875
24987.30078125
24989.505859375
24991.84375
24993.173828125
24993.724609375
24991.205078125
24997.671875
29713.423828125
45105.75
60976.8359375
76946.125
90818.109375
103605.75
114433.578125
124980.5546875
133258.765625
139181.984375
144392.90625
148449.390625
147894.203125
144954.28125
142028.09375
139167.703125
136458.96875
133825.421875
131457.671875
128960.671875
126691.5390625
124860.796875
123130.53125
121527.15625
119741.4921875
118180.296875
117300.5
117222.1328125
117107.453125
116390.2421875
115873.2734375
115277.203125
115232.1015625
115315.984375
115464.1171875
115407.875
115482.8671875
115805.0234375
116202.125
116596.3671875
116948.6875
117297.4375
117645.921875
117904.7109375
118143.34375
118414.375
118775.90625
119169.0078125
119565.40625
119897.484375
120196.625
120387.1796875
120414.828125
120263.21875
119941.609375
119532.84375
119098.671875
118693.734375
118296.703125
117940.75
117572.2265625
117207.0703125
116821.515625
116429.375
116046.296875
115648.7578125
115256.15625
114848.6640625
114444.5078125
114084.25
113691.5546875
113317.546875
112938.328125
112578.15625
112214.4453125
111859.78125
111524.765625
111187.234375
110868.40625
110546.984375
110217.9921875
109920.2734375
109607.09375
109318.453125
109031.453125
108762.9765625
108493.515625
108231.7421875
107984.7109375
107735.5625
107497.984375
107254.828125
107017.9609375
106807.9921875
106582.359375
106370.2265625
106157.0234375
105956.734375
105756.8203125
105565.453125
105385.1171875
105203.2265625
105030.890625
104856.6015625
