25400.0
25400.0
25400.0
25105.634765625
24959.05859375
24959.05859375
24959.05859375
24959.05859375
24959.05859375
24959.05859375
24981.513671875
25008.74609375
25014.765625
25016.98046875
25018.494140625
25020.56640625
25022.548828125
25023.572265625
25024.42578125
25022.517578125
25022.140625
25061.607421875
37682.5625
53605.8515625
69687.84375
84286.0234375
97564.0
108812.4375
119715.609375
128331.5078125
134728.875
140647.59375
145399.828125
149091.390625
146369.28125
143509.234375
140602.5
137919.4375
135293.171875
132786.03125
130563.25
128269.0625
126326.640625
124394.328125
122728.2265625
121175.359375
119592.5859375
117975.9375
116510.4375
116118.859375
116576.65625
116132.1796875
115228.828125
114594.09375
114071.3203125
113981.8046875
114028.9296875
114232.7109375
114207.6015625
114248.0
114435.5
114648.4375
114857.78125
115063.328125
115211.2265625
115309.8671875
115448.546875
115686.25
115953.3828125
116291.296875
116619.5234375
116934.5703125
117246.75
117495.34375
117643.171875
117640.96875
117443.7734375
117186.578125
116928.0078125
116618.984375
116299.703125
115957.71875
115679.625
115417.5390625
115150.0390625
114878.203125
114583.78125
114289.0390625
113976.5625
113658.53125
113368.3515625
113044.328125
112730.7734375
112407.28125
112094.921875
111765.6796875
111439.5390625
111128.7890625
110813.140625
110512.421875
110207.0390625
109907.390625
109641.5234375
109353.25
109081.0390625
108807.3203125
108549.9453125
108290.90625
108038.15625
107799.4296875
107558.8515625
107330.7265625
107100.4140625
106875.546875
106677.0703125
106462.4609375
106259.3828125
106054.5390625
105860.9296875
105665.859375
105475.265625
105295.0390625
105113.046875
104941.40625
104768.1484375
