25400.0
25400.0
25400.0
25283.751953125
25192.884765625
25192.884765625
25192.884765625
25192.884765625
25192.884765625
25192.884765625
25192.884765625
25192.884765625
25192.884765625
25192.884765625
25192.884765625
25192.884765625
25192.884765625
25192.884765625
25192.884765625
25192.884765625
25192.884765625
32912.75
50310.90625
67974.921875
84274.359375
97769.5
109783.1015625
120813.09375
129454.875
136415.453125
141864.5625
146591.296875
149901.171875
152259.109375
151853.296875
147584.453125
143667.0625
140121.453125
136476.734375
133390.65625
130599.109375
128127.4453125
125734.171875
123323.5625
122226.8828125
121326.8671875
120093.703125
119180.734375
118506.6796875
118299.8203125
118500.5546875
118465.2265625
118620.9921875
119087.6640625
119564.0546875
120075.8125
120500.578125
120959.078125
121246.875
121590.1171875
122036.765625
122541.4921875
123052.796875
123478.171875
123806.390625
123908.0859375
123766.5
123353.953125
122862.0
122318.4140625
121801.2421875
121332.90625
120870.28125
120409.375
119917.1484375
119429.9296875
118907.8984375
118380.625
117906.296875
117386.3203125
116889.5234375
116384.7265625
115905.7109375
115422.5078125
114952.59375
114509.5546875
114063.1484375
113642.09375
113218.5390625
112805.7421875
112441.0078125
112047.65625
111676.5546875
111303.203125
110945.171875
110554.0
110179.359375
109839.3671875
109505.171875
109194.09375
108883.34375
108581.6484375
108316.2734375
108031.6484375
107766.5859375
107505.359375
107258.65625
107010.3984375
106767.3984375
106537.0625
106303.375
106082.015625
105858.5859375
105640.796875
105448.640625
105241.796875
105046.7265625
104851.5703125
104666.484375
104480.4609375
104299.6484375
104129.4140625
103958.265625
103796.5625
103633.3671875
