25400.0
25400.0
25400.0
25258.37109375
25073.40625
25073.40625
25073.40625
25073.40625
25073.40625
25073.40625
25073.40625
25073.40625
25073.40625
25073.40625
25073.40625
25104.373046875
25112.525390625
25114.478515625
25115.119140625
25112.861328125
25112.935546875
25134.896484375
38351.796875
54518.9765625
70098.234375
84586.9296875
97075.9296875
108330.1484375
118900.75
126804.296875
133849.6875
139498.3125
144520.8125
148309.28125
151241.265625
149505.546875
146246.265625
143069.859375
140196.59375
137270.03125
134652.9375
132177.296875
129736.6171875
127627.9453125
125670.7109375
123962.765625
122047.09375
120255.0546875
118816.796875
118479.5
118344.21875
117675.9140625
116937.125
116308.75
116061.9609375
115950.75
116110.3359375
116109.4140625
116206.4453125
116513.265625
116859.8203125
117223.5546875
117512.921875
117807.984375
118106.90625
118249.875
118470.9765625
118763.46875
119130.046875
119530.25
119929.0390625
120290.1875
120604.640625
120825.0859375
120874.7578125
120738.3515625
120434.5625
120112.6015625
119729.2421875
119336.4609375
118929.6796875
118594.2265625
118265.3125
117929.1796875
117590.9609375
117229.265625
116870.796875
116494.40625
116113.90625
115768.34375
115376.21875
114995.296875
114605.4765625
114232.8828125
113853.2578125
113479.8359375
113124.3515625
112763.2265625
112421.46875
112077.4765625
111741.5078125
111444.6796875
111123.3125
110819.46875
110512.8359375
110222.328125
109929.2890625
109642.8515625
109372.46875
109099.2109375
108840.8125
108579.90625
108324.9921875
108099.6328125
107852.0546875
107604.6796875
107346.34375
107107.9375
106876.21875
106654.53125
106447.4921875
106239.7421875
106044.21875
105847.53125
