25400.0
25400.0
25400.0
25216.08203125
25016.728515625
25016.728515625
25016.728515625
25016.728515625
25016.728515625
25016.728515625
25016.728515625
25035.884765625
25059.90234375
25065.48046875
25067.515625
25070.12890625
25071.294921875
25071.978515625
25072.64453125
25071.056640625
25070.34765625
25077.44140625
32979.4765625
48747.81640625
64013.34375
79145.7421875
91902.75
103396.65625
114183.953125
122538.8046875
129956.3125
136023.484375
141505.03125
145744.8125
149007.875
151438.0
149005.625
145644.28125
142622.375
139589.53125
136801.28125
134359.5
131693.5625
129360.9609375
127222.34375
125372.109375
123506.0390625
121577.0390625
119866.0234375
119108.8671875
118824.3671875
118153.3984375
117287.3984375
116671.2421875
116045.75
115926.0
115981.859375
116101.4140625
116111.828125
116220.9453125
116446.59375
116715.390625
116944.1875
117192.359375
117396.296875
117500.59375
117677.96875
117925.078125
118242.765625
118596.9765625
118953.65625
119280.8046875
119579.859375
119805.078125
119887.796875
119807.53125
119540.8203125
119250.328125
118900.1796875
118543.0859375
118156.0234375
117836.984375
117535.203125
117227.6796875
116916.5390625
116580.75
116246.453125
115893.3671875
115534.9609375
115208.640625
114841.9140625
114481.4609375
114111.09375
113756.8359375
113395.3984375
113038.8984375
112699.5625
112355.21875
112027.546875
111697.0703125
111374.5234375
111089.515625
110782.0546875
110490.15625
110196.3125
109918.2421875
109637.4140625
109362.84375
109102.609375
108839.84375
108590.9765625
108339.578125
108093.359375
107875.921875
107640.1640625
107417.4296875
107191.953125
106974.109375
106739.6015625
106507.15625
106292.953125
106084.6484375
105890.953125
105697.671875
