25400.0
25400.0
25400.0
25160.369140625
25042.673828125
25042.673828125
25042.673828125
25042.673828125
25042.673828125
25042.673828125
25042.673828125
25042.673828125
25052.744140625
25081.4609375
25087.7578125
25090.8984375
25092.12890625
25092.939453125
25092.921875
25090.98828125
25093.5078125
29601.17578125
45474.21875
62229.703125
78781.1015625
92500.078125
104753.5625
115996.96875
125077.1328125
132535.8125
138473.40625
143682.96875
147466.796875
150291.984375
150444.109375
146525.1875
142983.875
139694.75
136639.109375
133557.3125
130704.8203125
128226.078125
126217.6015625
124019.6484375
121896.0625
120083.21875
119806.859375
118979.5078125
117792.8203125
117086.3125
116459.4375
116245.21875
116335.2109375
116394.921875
116441.71875
116681.2421875
116953.5625
117205.453125
117459.9296875
117596.1015625
117746.140625
117980.0390625
118304.9296875
118681.3515625
119060.0703125
119414.171875
119703.15625
119902.03125
119895.4140625
119682.96875
119360.0078125
118981.09375
118574.640625
118168.9765625
117822.328125
117499.1015625
117150.984375
116783.7578125
116439.953125
116047.4140625
115661.6015625
115258.8671875
114859.53125
114444.8984375
114034.203125
113641.6328125
113242.296875
112862.0390625
112476.7421875
112099.6875
111767.375
111409.0625
111071.5234375
110731.5625
110410.9296875
110087.9609375
109773.03125
109475.15625
109175.109375
108891.8828125
108605.6796875
108326.9375
108080.46875
107814.703125
107563.7109375
107310.8359375
107066.3203125
106820.59375
106570.4765625
106325.03125
106086.4765625
105869.078125
105654.171875
105447.953125
105267.0390625
105073.6484375
104892.3046875
104714.046875
104548.8203125
104383.0078125
104220.0234375
104065.234375
103908.6875
103760.3203125
103611.078125
