25400.0
25400.0
25400.0
25165.658203125
24949.5234375
24944.625
24944.625
24944.625
24944.625
24944.625
24994.255859375
25005.61328125
25008.998046875
25010.8671875
25012.41796875
25013.744140625
25016.4296875
25017.892578125
25018.759765625
25019.658203125
25017.986328125
25017.361328125
25033.796875
34168.94921875
49626.51953125
64596.96484375
79449.1953125
92176.8046875
103665.7890625
114437.9609375
122951.3984375
130365.234375
136337.53125
141747.46875
145944.0
149168.640625
151436.046875
148025.640625
144807.59375
141878.515625
138893.84375
136156.984375
133759.171875
131163.0625
128886.0703125
126786.90625
124980.5625
123131.703125
121249.1953125
119577.90625
118907.0078125
118610.546875
118030.5703125
117170.4765625
116560.8671875
115916.5859375
115811.1015625
115849.296875
115958.3125
115949.4609375
116032.71875
116259.453125
116543.859375
116781.859375
117037.7890625
117291.4609375
117383.515625
117533.8515625
117756.296875
118050.0546875
118381.140625
118739.65625
119055.8671875
119343.8515625
119584.546875
119710.2734375
119658.921875
119468.78125
119188.1875
118837.921875
118479.890625
118089.8359375
117758.6328125
117447.296875
117135.640625
116823.421875
116487.515625
116152.7890625
115799.8046875
115442.453125
115117.7734375
114749.3125
114390.75
114023.2890625
113671.8359375
113313.3046875
112959.796875
112623.390625
112281.5703125
111957.390625
111630.4296875
111311.09375
111028.953125
110723.890625
110434.734375
110142.6875
109866.7578125
109587.8671875
109315.6171875
109057.21875
108796.015625
108548.6875
108298.96875
108054.2109375
107837.921875
107586.1015625
107347.8359375
107114.3203125
106895.0625
106675.1484375
106462.578125
106261.5234375
106060.2421875
105870.9765625
105680.46875
