25400.0
25400.0
25400.0
24905.40234375
24730.365234375
24730.36328125
24772.00390625
24823.671875
24832.4609375
24835.71875
24838.283203125
24840.884765625
24843.369140625
24845.666015625
24847.830078125
24850.748046875
24853.2578125
24855.08203125
24852.994140625
24862.06640625
28433.33203125
43050.83203125
58035.421875
74389.53125
89187.3125
102067.7734375
113726.921875
124308.296875
132622.0625
139102.1875
144017.21875
143816.6875
141598.15625
139135.75
136731.515625
134285.53125
131954.953125
129704.6484375
127552.109375
125712.5390625
123799.6640625
122059.328125
120621.296875
119197.421875
117858.8671875
116380.1171875
115070.1953125
114305.46875
115197.7421875
115184.5078125
114338.8125
113673.5390625
113071.46875
112825.0078125
112711.609375
112874.0859375
113002.6875
112971.7578125
113020.6640625
113175.078125
113339.984375
113532.203125
113747.375
113838.609375
113929.359375
114089.0703125
114283.703125
114549.4375
114845.453125
115137.5
115402.8203125
115673.9140625
115892.9609375
116013.0625
115994.375
115819.171875
115558.9609375
115268.9609375
114991.5703125
114667.7421875
114364.078125
114098.546875
113851.046875
113586.5234375
113311.359375
113035.296875
112741.7890625
112453.5234375
112152.375
111849.0390625
111574.7578125
111271.9609375
110979.8984375
110680.0703125
110386.1796875
110084.2109375
109787.03125
109504.515625
109218.0
108945.453125
108670.0
108399.8828125
108160.7421875
107902.296875
107658.6640625
107413.5625
107182.609375
106949.671875
106722.328125
106507.6171875
106290.9765625
106085.9765625
105880.1796875
105679.171875
105501.9609375
105305.484375
105108.125
104914.0703125
104735.546875
104559.5703125
104389.796875
104230.890625
104070.8359375
103919.625
103767.7734375
