25400.0
25400.0
25400.0
25400.0
25400.0
25400.0
25400.0
25400.0
25400.0
25400.0
25400.0
25400.0
25400.0
25400.0
25400.0
25400.0
25400.0
25400.0
33634.3984375
56324.02734375
75844.453125
91514.984375
104227.2109375
115062.7421875
123384.2890625
129805.828125
134705.3125
138602.421875
141875.703125
144442.8125
146499.34375
147864.296875
149042.5625
150135.65625
152237.921875
156391.6875
154232.1875
153660.890625
148533.046875
145437.5625
143804.65625
143254.171875
142853.984375
141861.890625
140573.53125
139259.6875
138053.3125
136732.5
135429.40625
134169.515625
133023.015625
131904.265625
130857.0
129965.375
129044.015625
128228.0078125
127480.28125
126998.4921875
126581.234375
126180.7421875
125839.28125
125503.2109375
125130.8046875
124527.5625
124048.546875
123659.640625
123264.5703125
122895.1015625
122488.5703125
122075.046875
121623.15625
121122.3671875
120619.4140625
120153.3515625
119691.3828125
119205.34375
118701.3046875
118242.71875
117744.40625
117268.9453125
116852.125
116484.65625
116083.78125
115670.5234375
115280.0390625
114948.390625
114636.046875
114414.390625
114170.46875
113949.0703125
113700.8359375
113455.640625
113197.21875
112951.3046875
112705.2890625
112430.453125
112140.1953125
111844.75
111676.828125
111581.8125
111453.734375
111303.4453125
111103.671875
110885.0625
110640.6328125
110389.9140625
110113.9453125
109817.8046875
109507.8203125
109176.1328125
108849.9921875
108504.3515625
108115.5703125
107781.7890625
107437.7265625
107125.828125
106823.5625
106547.328125
106277.8046875
106021.9375
105786.0234375
105556.9375
105349.328125
105146.375
