25400.0
25400.0
25400.0
25221.537109375
25023.435546875
25023.435546875
25023.435546875
25023.435546875
25023.435546875
25023.435546875
25023.435546875
25023.435546875
25050.875
25070.662109375
25075.55859375
25077.48046875
25080.154296875
25081.373046875
25082.064453125
25082.783203125
25081.46484375
25080.447265625
25085.94921875
31598.421875
47345.1328125
62574.328125
77783.1328125
90643.484375
102218.3515625
113049.1484375
121767.6015625
129286.15625
135378.0625
140915.390625
145221.296875
148373.796875
150801.0
152554.859375
149570.890625
146119.875
142657.8125
139571.984375
136672.4375
133733.03125
131195.375
128865.7109375
126785.6640625
124534.6171875
122475.5625
121634.4296875
121036.03125
120005.9921875
118875.578125
118133.7734375
117727.09375
117551.9765625
117688.9140625
117709.7265625
117763.859375
118041.921875
118384.515625
118722.90625
119023.34375
119327.09375
119581.421875
119760.6484375
119981.203125
120305.921875
120675.3828125
121085.65625
121424.453125
121740.1328125
121966.9140625
122039.875
121911.4609375
121625.0
121220.046875
120779.7109375
120368.2734375
119961.3046875
119599.34375
119222.59375
118846.1875
118444.2421875
118032.7578125
117623.078125
117190.109375
116771.1875
116341.734375
115916.6796875
115536.90625
115122.953125
114728.875
114330.078125
113952.765625
113572.1953125
113200.34375
112848.421875
112493.09375
112156.734375
111816.5859375
111484.625
111190.9609375
110873.6015625
110573.4140625
110252.75
109944.4296875
109641.53125
109348.9296875
109073.125
108796.3828125
108536.0
108275.5078125
108023.03125
107800.2734375
107561.0390625
107338.09375
107117.4375
106908.9140625
106697.78125
106491.078125
106294.5625
106095.265625
105905.9765625
105714.2734375
