25400.0
25400.0
25400.0
25135.13671875
24935.359375
24935.359375
24935.359375
24935.359375
24935.359375
24947.08984375
24988.248046875
24997.08984375
25000.064453125
25001.8359375
25003.37890625
25005.546875
25007.640625
25008.765625
25009.689453125
25007.259765625
25008.53125
26613.42578125
40415.74609375
56301.25390625
72540.6953125
86796.4453125
99902.734375
111012.140625
121837.75
130333.734375
136525.34375
142144.875
146612.28125
149881.796875
146833.3125
143798.046875
140833.859375
138088.234375
135315.984375
132863.734375
130356.8125
127995.4921875
126095.078125
124215.7578125
122559.2578125
120831.4921875
119160.6171875
117584.8359375
117086.265625
117307.1875
116871.671875
116079.3125
115412.7734375
115006.4296875
114904.0390625
115029.09375
115093.390625
115135.171875
115324.3828125
115601.78125
115903.9765625
116165.578125
116450.625
116741.828125
116903.171875
117101.7109375
117348.2734375
117684.90625
118055.2578125
118440.4140625
118771.2578125
119090.4921875
119324.890625
119414.2421875
119340.0703125
119067.0703125
118724.5234375
118352.578125
118000.9609375
117599.53125
117273.0625
116954.84375
116640.6015625
116302.9765625
115954.328125
115608.5234375
115245.9296875
114891.671875
114523.9296875
114153.265625
113812.34375
113437.8359375
113080.09375
112716.1640625
112369.703125
112017.453125
111672.0625
111343.96875
111013.2890625
110700.828125
110386.421875
110079.625
109808.8203125
109516.015625
109239.5625
108960.640625
108697.0859375
108431.46875
108172.09375
107926.515625
107678.7265625
107434.7890625
107179.6328125
106935.5859375
106726.7265625
106504.296875
106292.171875
106079.671875
105878.9375
105677.2109375
105481.3984375
105297.1171875
105111.453125
104936.6484375
104760.6640625
