25400.0
25400.0
25400.0
25134.728515625
24979.966796875
24979.966796875
24979.966796875
24979.966796875
24979.966796875
24979.966796875
24979.966796875
25025.4140625
25036.740234375
25040.068359375
25041.875
25043.189453125
25046.0
25047.29296875
25048.125
25048.19921875
25045.923828125
25049.314453125
28097.75390625
42844.62890625
58456.7890625
73959.8125
87787.3046875
100018.5546875
111079.875
121428.3046875
129409.6640625
136256.3125
141581.953125
146197.75
149619.421875
150406.125
147110.3125
144132.109375
141139.109375
138301.6875
135660.8125
132924.25
130576.328125
128237.65625
126258.484375
124463.4296875
122702.09375
120855.0625
119196.203125
118698.75
118285.5546875
117945.6953125
117246.640625
116640.796875
116188.375
116118.8984375
116252.140625
116376.1953125
116340.359375
116456.546875
116802.0390625
117193.3125
117605.90625
117974.0625
118334.6875
118711.8828125
118960.5
119200.46875
119499.6953125
119868.109375
120266.953125
120675.4375
121024.9296875
121320.46875
121517.546875
121556.625
121404.671875
121088.21875
120719.6015625
120279.640625
119840.3671875
119428.34375
119063.015625
118687.5390625
118303.671875
117922.390625
117521.796875
117130.578125
116718.8984375
116300.0859375
115922.9765625
115509.0859375
115114.0
114711.5234375
114327.9765625
113938.5
113556.9140625
113195.515625
112831.5625
112487.53125
112139.7734375
111800.296875
111500.21875
111175.96875
110842.4765625
110512.1875
110209.1015625
109909.515625
109619.9375
109348.0859375
109075.21875
108817.515625
108552.6875
108293.3359375
108063.7265625
107815.921875
107582.859375
107347.7421875
107126.109375
106903.0859375
106689.7265625
106490.515625
106290.6484375
106100.84375
105908.640625
