25400.0
25400.0
25400.0
24954.806640625
24773.861328125
24759.25
24759.25
24828.998046875
24850.939453125
24856.30859375
24859.072265625
24861.521484375
24863.865234375
24865.984375
24868.017578125
24870.10546875
24873.1875
24874.974609375
24875.46484375
24873.2890625
24900.80859375
33212.16796875
48176.60546875
63765.203125
79060.234375
92894.078125
105515.4921875
116183.4453125
126558.125
134602.015625
140326.90625
144835.9375
142996.859375
140965.046875
138744.8125
136418.03125
134125.5625
131991.171875
129846.1015625
127862.328125
126073.1484375
124180.375
122585.1015625
121067.859375
119729.2578125
118449.34375
117186.3984375
115886.3828125
114749.421875
114329.234375
114931.578125
115126.7265625
114448.15625
113772.1796875
113280.890625
112920.125
112853.1796875
112926.875
113040.484375
113029.5859375
113075.5078125
113268.34375
113520.0078125
113770.015625
114014.4765625
114254.8125
114469.28125
114568.3203125
114703.703125
114914.34375
115166.328125
115470.0234375
115803.6328125
116088.0703125
116365.296875
116615.296875
116810.7421875
116895.859375
116855.78125
116651.59375
116384.578125
116080.2890625
115770.90625
115433.5390625
115108.6640625
114837.78125
114570.453125
114306.4765625
114025.0078125
113734.875
113467.1796875
113166.1640625
112871.5703125
112565.90625
112269.9921875
111964.0625
111659.7890625
111367.546875
111062.0
110767.0859375
110466.421875
110170.9296875
109908.4609375
109623.4453125
109351.9609375
109077.671875
108817.34375
108553.5390625
108295.8984375
108052.796875
107808.2265625
107577.1171875
107344.46875
107118.140625
106917.7734375
106701.3515625
106487.8203125
106264.265625
106056.796875
105853.609375
105658.9453125
105476.53125
105293.7109375
105121.4921875
104947.890625
