25400.0
25400.0
25400.0
25042.892578125
24883.376953125
24883.376953125
24883.376953125
24883.376953125
24907.234375
24949.443359375
24958.328125
24961.640625
24963.853515625
24965.66796875
24967.37109375
24969.52734375
24972.025390625
24973.4140625
24974.078125
24971.546875
24978.91015625
29791.48828125
45116.85546875
60840.25
76767.03125
90623.890625
103415.59375
114248.21875
124807.0078125
133097.953125
139024.515625
144253.8125
148328.375
146909.75
144110.921875
141284.9375
138515.359375
135901.546875
133298.828125
131078.234375
128633.8359375
126402.140625
124605.515625
122897.1875
121397.6796875
119643.1328125
118095.96875
116794.6953125
116756.78125
116989.1484375
116385.1015625
115724.9609375
115096.421875
114861.1328125
114760.953125
114942.1796875
115009.1953125
115009.546875
115249.0234375
115580.015625
115931.3125
116250.484375
116570.5546875
116883.625
117178.609375
117375.0234375
117602.9453125
117924.125
118282.3046875
118688.34375
119028.2109375
119345.7265625
119603.0234375
119741.015625
119708.8359375
119518.9140625
119168.546875
118772.2734375
118396.453125
117969.796875
117614.3984375
117268.1328125
116929.9765625
116571.0859375
116203.1484375
115841.359375
115463.7734375
115096.6640625
114715.3671875
114325.8984375
113975.3203125
113592.6796875
113227.859375
112856.7265625
112504.0859375
112146.609375
111796.2265625
111464.9453125
111131.125
110815.6640625
110498.390625
110188.3984375
109914.734375
109615.7421875
109312.765625
109013.2421875
108738.9765625
108467.4453125
108205.0390625
107959.6953125
107712.390625
107479.078125
107243.734375
107013.859375
106808.296875
106584.1796875
106372.6640625
106157.8828125
105956.875
105755.171875
105558.90625
105373.6796875
105187.7578125
105015.875
104843.765625
