25400.0
25400.0
25400.0
25084.451171875
24950.87890625
24950.87890625
24950.87890625
24950.87890625
24950.87890625
24954.8671875
24999.908203125
25009.13671875
25012.134765625
25013.90234375
25015.52734375
25018.27734375
25019.58984375
25020.630859375
25018.41796875
25019.228515625
26523.943359375
41376.70703125
57377.7109375
74247.078125
89405.5234375
102413.53125
114181.1796875
124758.328125
132935.28125
139443.375
144413.484375
148577.375
146763.96875
143695.703125
140760.765625
137834.6875
135019.421875
132451.25
129950.3359375
127577.796875
125442.9921875
123543.25
121972.265625
120220.8984375
118530.171875
116943.0859375
116644.9765625
117049.6640625
116355.6640625
115606.5546875
114899.0625
114705.53125
114648.84375
114781.703125
114762.2578125
114895.2265625
115187.4609375
115526.640625
115829.78125
116131.21875
116436.0078125
116619.359375
116810.25
117076.453125
117422.4453125
117821.2578125
118178.796875
118535.0859375
118853.59375
119085.1328125
119146.2265625
119013.375
118706.421875
118356.5
117969.2109375
117570.515625
117186.609375
116848.6328125
116549.3984375
116207.015625
115862.96875
115498.6328125
115137.6875
114760.359375
114381.0390625
114013.1328125
113627.96875
113252.65625
112869.2109375
112492.0
112156.8046875
111791.7734375
111445.6171875
111095.2421875
110763.625
110430.0078125
110105.3359375
109799.234375
109491.03125
109200.4375
108908.046875
108622.484375
108370.96875
108099.46875
107843.1328125
107584.578125
107340.5078125
107091.21875
106830.40625
106589.5546875
106354.9765625
106136.2890625
105915.6015625
105701.359375
105512.78125
105310.65625
105120.578125
104929.7265625
104750.1171875
104569.625
104393.8828125
104227.984375
104061.703125
103905.5859375
103751.0
