25400.0
25400.0
25400.0
25056.34765625
24898.73828125
24898.73828125
24898.73828125
24898.73828125
24898.73828125
24951.369140625
24963.400390625
24967.068359375
24969.208984375
24970.8828125
24972.462890625
24974.51171875
24976.82421875
24978.0546875
24979.041015625
24976.685546875
24978.23046875
26590.408203125
40237.73828125
55891.4296875
71994.3203125
86274.2734375
99389.421875
110508.671875
121369.25
129813.8359375
136043.09375
141740.203125
146276.609375
146929.53125
144327.234375
141597.640625
138865.078125
136341.234375
133838.5625
131469.96875
129332.6640625
127172.296875
125344.734375
123520.6171875
121927.5
120452.0703125
118956.9609375
117412.8046875
116010.015625
115525.5703125
116193.578125
115897.5234375
114982.78125
114381.5859375
113816.5625
113713.3125
113674.8046875
113854.0
113884.7109375
113897.2890625
114058.9453125
114278.421875
114479.265625
114689.1796875
114913.265625
115003.71875
115106.984375
115294.7109375
115537.421875
115838.96875
116168.7578125
116482.34375
116782.796875
117061.3046875
117282.0
117378.8125
117324.390625
117107.1015625
116864.203125
116568.78125
116263.015625
115929.0703125
115610.46875
115336.0078125
115073.09375
114811.8203125
114528.859375
114244.2109375
113941.2734375
113631.8515625
113348.71875
113032.359375
112724.96875
112407.3046875
112100.8046875
111784.046875
111462.265625
111154.46875
110841.5546875
110543.3203125
110240.8984375
109943.7421875
109679.9453125
109393.3828125
109121.828125
108847.8984375
108589.890625
108330.625
108077.8984375
107839.15625
107598.5390625
107370.484375
107140.7265625
106916.3203125
106717.5859375
106502.671875
106299.90625
106095.125
105901.5859375
105706.2421875
105515.4921875
105334.890625
105153.140625
104973.0546875
104783.90625
