25400.0
25400.0
25400.0
25229.658203125
25035.34765625
25035.34765625
25035.34765625
25035.34765625
25035.34765625
25035.34765625
25035.34765625
25035.34765625
25047.6640625
25074.51171875
25080.6875
25083.966796875
25085.1875
25085.892578125
25086.0625
25083.798828125
25084.798828125
26498.634765625
40754.8671875
56661.625
72233.796875
86404.15625
98754.7734375
109899.4453125
120355.4453125
128220.296875
135107.65625
140594.765625
145429.796875
149022.453125
151041.421875
147696.65625
144657.515625
141625.8125
138839.1875
136058.34375
133491.015625
131117.046875
128750.4765625
126747.703125
124891.6875
123239.0546875
121369.1640625
119653.3203125
118398.015625
118051.015625
118030.2109375
117370.7421875
116687.5703125
116085.0625
115868.46875
115767.59375
115935.5
115947.7265625
116006.8828125
116311.1171875
116668.6484375
117042.9296875
117362.3515625
117672.96875
117995.0390625
118187.7265625
118392.296875
118666.265625
119017.5
119405.234375
119822.0703125
120185.59375
120509.796875
120762.3359375
120869.1796875
120793.9375
120524.140625
120206.140625
119821.5234375
119430.5625
119007.65625
118659.5390625
118325.1171875
117986.5625
117646.7421875
117284.171875
116925.171875
116547.9921875
116167.0078125
115820.9140625
115428.484375
115047.484375
114656.953125
114283.703125
113903.7265625
113529.3984375
113173.1796875
112811.3359375
112468.59375
112122.71875
111785.4453125
111487.5859375
111165.4765625
110860.6015625
110552.6796875
110261.3828125
109967.40625
109680.34375
109408.8203125
109134.8125
108875.5234375
108614.140625
108350.5078125
108105.2890625
107842.6796875
107599.0
107357.828125
107131.1796875
106904.9453125
106686.71875
106480.8515625
106273.7265625
106078.2265625
105881.2265625
