25400.0
25400.0
25400.0
25200.138671875
25091.541015625
25091.541015625
25091.541015625
25091.541015625
25091.541015625
25091.541015625
25091.541015625
25091.541015625
25091.541015625
25091.541015625
25091.541015625
25111.8828125
25128.978515625
25132.6328125
25131.76171875
25130.916015625
25139.306640625
36065.80859375
52785.8984375
69943.140625
85705.3984375
99016.7265625
110935.84375
121900.53125
130452.8671875
137243.921875
142500.921875
147022.203125
150140.921875
152481.015625
148773.015625
144968.5
141323.9375
138032.046875
134636.390625
131735.609375
129141.6640625
126849.578125
124605.09375
122346.5
121199.4375
120426.0390625
119387.9921875
118600.5859375
117788.9296875
117674.3984375
117778.5078125
117809.6015625
117761.5625
118088.4609375
118511.015625
119020.59375
119466.9609375
119901.578125
120308.6953125
120575.1328125
120930.6328125
121358.375
121861.9921875
122304.0078125
122700.4765625
122974.4296875
123040.6875
122863.75
122468.5859375
121968.8515625
121453.1015625
120944.9453125
120490.0703125
120053.3515625
119590.546875
119129.90625
118645.203125
118142.6875
117684.9921875
117182.515625
116700.3515625
116209.296875
115741.4140625
115267.3125
114805.1875
114369.5078125
113930.6015625
113516.5859375
113099.4765625
112693.3125
112334.921875
111948.1484375
111583.1484375
111207.6171875
110833.953125
110467.2734375
110115.28125
109786.15625
109456.8671875
109149.703125
108842.7734375
108544.6328125
108282.609375
108000.21875
107735.2109375
107477.3046875
107234.1875
106989.28125
106748.8828125
106521.3671875
106291.609375
106074.640625
105855.375
105640.390625
105450.6953125
105245.546875
105051.3203125
104856.578125
104673.390625
104489.2890625
104309.3203125
104140.390625
103970.2109375
103809.328125
103647.3515625
