25400.0
25400.0
24717.97265625
24731.603515625
24725.9140625
24393.98828125
23859.63671875
23615.705078125
23548.498046875
23545.7421875
23557.513671875
23575.50390625
23604.09765625
23651.08203125
23732.982421875
23860.2109375
24077.990234375
24575.365234375
24917.931640625
25038.64453125
25101.283203125
25134.83984375
25153.021484375
25164.0859375
25173.38671875
25182.4296875
25189.552734375
25196.97265625
25202.51953125
25207.84765625
25211.5
25214.5
25217.10546875
25214.548828125
25460.623046875
26108.69921875
27966.5859375
32143.333984375
37764.015625
43525.65625
49638.54296875
55138.234375
59869.1171875
64063.0859375
67686.609375
70846.1953125
73854.0078125
76363.6953125
78636.6484375
80749.625
82867.3203125
84961.203125
86789.0
88172.4296875
90770.46875
94359.171875
98813.234375
104370.859375
110277.8671875
116133.1484375
122824.78125
129700.8671875
135883.5625
141624.21875
142933.65625
142723.25
142449.796875
142285.09375
141786.0
141100.015625
140262.46875
139347.984375
138354.84375
137366.90625
136432.6875
135457.359375
134442.578125
133426.796875
132813.359375
132151.109375
131312.640625
130538.2890625
129718.8671875
128966.4765625
128219.2734375
127510.8671875
126963.453125
126542.765625
126080.96875
125565.7265625
125034.3046875
124547.421875
124010.109375
123554.296875
123015.421875
122276.140625
121462.5
120658.515625
120369.2265625
120388.6796875
120166.9296875
119722.40625
119203.5234375
118672.390625
118204.1328125
117806.8359375
117397.7421875
117063.609375
116834.171875
116598.625
116417.484375
116249.453125
116066.84375
115841.453125
115625.7421875
115462.1015625
115319.84375
115206.765625
115117.03125
115049.703125
115001.4296875
115135.921875
115245.2265625
115312.09375
115348.0625
115370.3359375
