25400.0
25400.0
25400.0
25400.0
25400.0
25400.0
25400.0
25400.0
25400.0
25400.0
25400.0
25400.0
25400.0
25400.0
25400.0
25400.0
25400.0
25400.0
25400.0
31416.259765625
54254.39453125
73122.4609375
88766.0703125
101630.171875
112080.90625
121104.75
127809.2109375
133140.96875
137320.28125
140317.578125
143214.46875
145628.4375
147471.734375
148832.28125
149815.546875
150747.078125
152834.21875
156813.3125
155258.484375
150355.53125
145243.359375
142624.0
140520.234375
139338.953125
139255.96875
139140.96875
138454.96875
137538.609375
136494.890625
135419.578125
134484.84375
133407.875
132298.140625
131308.21875
130300.984375
129393.1484375
128510.2109375
127711.4609375
126942.703125
126231.46875
125591.0625
125007.59375
124586.4609375
124320.2890625
124074.6484375
123859.375
123648.8203125
123418.6640625
123168.78125
122751.6484375
122355.2421875
122022.3671875
121713.3828125
121448.6875
121168.5
120858.234375
120534.71875
120225.84375
119856.609375
119448.3125
119057.328125
118685.390625
118291.171875
117890.1171875
117505.421875
117116.46875
116716.6875
116301.5078125
115916.1953125
115636.0390625
115306.8828125
115008.078125
114743.453125
114504.671875
114334.7421875
114140.03125
113941.8828125
113724.96875
113511.078125
113285.796875
113062.6796875
112859.0390625
112631.3515625
112416.421875
112202.3828125
112001.3046875
111737.34375
111470.5625
111218.140625
111124.3515625
111042.171875
110925.09375
110774.78125
110617.1796875
110422.671875
110219.90625
109998.984375
109776.265625
109533.421875
109274.2578125
109010.171875
108729.984375
108455.1484375
108169.4375
