20000.0
19999.986328125
20000.0
20000.0
20000.0
20000.0
19999.998046875
19892.638671875
20000.0
20000.0
20000.0
20000.0
20000.0
20000.0
20000.0
20000.0
20000.0
20000.0
20000.0
20000.0
20000.0
20000.0
20000.0
20000.0
20000.0
20000.0
20000.0
20000.0
20000.0
20000.0
20000.0
20000.0
20000.0
20000.0
19999.998046875
20000.0
20000.0
20000.0
19999.990234375
20000.0
19999.986328125
20000.0
19461.046875
18765.599609375
18080.0078125
17399.263671875
16716.697265625
16074.560546875
15502.421875
14991.572265625
14529.1044921875
14081.2451171875
13622.53515625
13201.2919921875
12855.6181640625
12499.140625
12165.8291015625
11837.4033203125
11535.1953125
11239.759765625
10969.1533203125
10725.736328125
10489.0615234375
10270.912109375
10057.8095703125
9905.4814453125
9769.529296875
9618.4462890625
9458.7373046875
9298.1240234375
9151.865234375
9007.4873046875
8868.23828125
8737.681640625
8606.4677734375
8483.2939453125
8359.7587890625
8240.2373046875
8136.60205078125
8024.62158203125
7918.12353515625
7808.3828125
7704.21875
7600.400390625
7500.92724609375
7408.6630859375
7316.021484375
7229.02783203125
7141.97705078125
7057.72412109375
6983.89306640625
6904.68603515625
6830.3828125
6756.19287109375
6686.2099609375
6615.54150390625
6546.341796875
6480.923828125
6415.1796875
6353.3544921875
6291.33984375
6226.04541015625
6167.177734375
6106.10986328125
6050.33203125
5995.14892578125
5943.55322265625
5892.01611328125
5841.5244140625
5793.4453125
5744.607421875
5698.17724609375
5651.50048828125
5606.5107421875
5567.00634765625
5524.04638671875
5483.66455078125
5443.1806640625
5404.2509765625
5363.892578125
5323.46142578125
5286.6279296875
5238.08740234375
5193.40625
5151.81494140625
