20000.0
20000.0
20000.0
20000.0
20000.0
20000.0
20000.0
20000.0
20000.0
20000.0
20000.0
20000.0
20000.0
20000.0
20000.0
20000.0
20000.0
20000.0
20000.0
20000.0
20000.0
20000.0
20000.0
20000.0
20000.0
20000.0
20000.0
20000.0
20000.0
20000.0
20000.0
20000.0
20000.0
20000.0
20000.0
20000.0
20000.0
20000.0
20000.0
20000.0
20000.0
20000.0
19999.99609375
19999.96875
19994.849609375
20000.0
19999.908203125
20000.0
20000.0
20000.0
20000.017578125
20000.0
20000.0
20000.001953125
20000.0
20000.0
20000.0
20000.0
20000.0
20000.0
20000.0
20000.0
20000.0
20000.0
20000.0
20000.0
20000.0
19999.98046875
20000.0
20000.0
20000.0
20000.0
20000.0
20000.0
20000.0
19999.998046875
20000.0
20000.0
20000.0
19999.998046875
20000.0
20000.0
20000.0
20000.0
20000.0
20000.0
20000.0
20000.0
20000.0
20000.0
20000.0
20000.0
19999.671875
20000.0
20000.0
19999.998046875
20000.0
19999.880859375
19999.984375
19999.998046875
20000.0
20000.0
20000.0
20000.0
19999.9921875
20000.0
20000.0
19999.990234375
19999.998046875
20000.0
20000.0
20000.0
20000.0
20000.0
20000.0
19976.53515625
19594.126953125
19200.634765625
18782.666015625
18367.490234375
17987.498046875
17608.421875
17254.81640625
16895.455078125
