20000.0
20000.0
20000.0
20000.0
20000.0
20000.0
20000.0
20000.0
20000.0
20000.0
20000.0
20000.0
20000.0
20000.0
20000.0
20000.0
20000.0
20000.0
20000.0
20000.0
20000.0
20000.0
20000.0
20000.0
20000.0
20000.0
20000.0
20000.0
20000.0
20000.0
20000.0
20000.0
20000.0
20000.0
20000.0
20000.0
20000.0
20000.0
20000.0
20000.0
19999.994140625
20000.0
20000.0
20000.0
20000.0
20000.0
20000.0
19999.998046875
19999.95703125
20000.0
19999.962890625
20000.0
20000.0
20000.0
20000.0
20000.0
20000.0
20000.0
20000.0
20000.0
20000.0
19537.3828125
18758.50390625
18030.333984375
17355.982421875
16788.12890625
16206.408203125
15680.15234375
15179.4990234375
14720.9111328125
14288.05078125
13909.7529296875
13591.791015625
13277.90234375
12986.38671875
12698.87109375
12437.994140625
12214.197265625
11968.7177734375
11737.7724609375
11508.5556640625
11295.556640625
11075.8251953125
10822.84765625
10585.671875
10375.607421875
10185.85546875
9997.76171875
9824.97265625
9680.3310546875
9537.865234375
9392.92578125
9169.3935546875
8972.2041015625
8800.421875
8654.279296875
8521.3173828125
8382.4052734375
8251.103515625
8117.880859375
7978.9140625
7851.3798828125
7714.732421875
7587.32568359375
7462.4794921875
7347.876953125
7230.47216796875
7112.7822265625
7002.41796875
6893.84716796875
6795.8544921875
6699.75537109375
6606.04052734375
6522.85302734375
6431.826171875
6345.29248046875
6255.66796875
6158.353515625
6060.53369140625
5968.11572265625
5882.70361328125
5797.396484375
5717.0068359375
5635.658203125
