20000.0
20000.0
20000.0
20000.0
20000.0
20000.0
20000.0
20000.0
20000.0
20000.0
20000.0
20000.0
20000.0
20000.0
20000.0
20000.0
20000.0
20000.0
20000.0
20000.0
20000.0
20000.0
20000.0
20000.0
20000.0
20000.0
20000.0
20000.0
20000.0
20000.0
20000.0
20000.0
20000.0
20000.0
20000.0
20000.0
20000.0
20000.0
20000.0
20000.0
20000.0
20000.0
20000.0
20000.0
20000.0
20000.0
20000.0
20000.0
20000.0
20000.0
19999.99609375
20000.0
19999.994140625
20000.0
20000.0
19999.998046875
20000.0
19999.998046875
20000.0
20000.0
20000.0
20000.0
20000.0
20000.0
20000.0
20000.0
20000.0
20000.0
20000.0078125
20000.0
20000.0
20000.00390625
20000.0
20000.001953125
20000.0
20000.0
20000.0
20000.0
19321.9921875
18610.228515625
17939.701171875
17153.365234375
16544.388671875
15981.7900390625
15480.224609375
15016.3193359375
14612.560546875
14041.552734375
13535.15234375
13115.1572265625
12710.462890625
12309.5341796875
11950.65234375
11572.234375
11234.8984375
10915.1767578125
10636.3642578125
10352.5546875
10077.1650390625
9828.5126953125
9584.2939453125
9360.2412109375
9140.4658203125
8927.205078125
8741.89453125
8532.646484375
8332.126953125
8129.91162109375
7948.3701171875
7780.16259765625
7617.97607421875
7462.4130859375
7305.22705078125
7160.0908203125
7021.5654296875
6892.47314453125
6780.8271484375
6664.57763671875
6558.4453125
6459.7236328125
6372.62060546875
6286.1708984375
6202.10595703125
6123.21337890625
6046.14306640625
5975.265625
5905.0283203125
