20000.0
20000.0
20000.0
20000.0
20000.0
20000.0
20000.0
20000.0
20000.0
20000.0
20000.0
20000.0
20000.0
20000.0
20000.0
20000.0
20000.0
20000.0
20000.0
20000.0
20000.0
20000.0
20000.0
20000.0
20000.0
20000.0
20000.0
20000.0
20000.0
20000.0
20000.0
20000.0
20000.0
20000.0
20000.0
20000.0
20000.0
20000.0
20000.0
20000.0
20000.0
20000.0
20000.0
20000.0
20000.0
20000.0
19997.857421875
19999.720703125
19999.998046875
20000.0
20000.0
20000.0
20000.0
19999.9921875
20000.0
20000.0
20000.0
20000.0
20000.0
20000.0
20000.0
20000.0
20000.0
20000.0
20000.0
20000.0
20000.0
20000.0
20000.0
20000.0
19512.38671875
18794.55078125
18104.990234375
17475.361328125
16869.87109375
16304.798828125
15810.2548828125
15341.962890625
14918.4990234375
14508.2802734375
14138.9931640625
13849.5849609375
13547.87890625
13284.8544921875
13017.83984375
12764.4423828125
12506.34375
12254.767578125
12006.5908203125
11768.5400390625
11553.60546875
11343.83203125
11143.7275390625
10923.181640625
10699.7666015625
10508.6123046875
10321.806640625
10161.5146484375
10008.34765625
9863.2490234375
9657.0673828125
9437.1484375
9251.3203125
9090.21484375
8947.2392578125
8819.826171875
8677.869140625
8547.0703125
8409.0498046875
8269.681640625
8128.26171875
7990.55078125
7860.3818359375
7732.37451171875
7614.24755859375
7494.70703125
7378.73974609375
7279.26220703125
7175.27587890625
7078.95458984375
6982.1640625
6890.74560546875
6798.51171875
6702.21337890625
6603.3681640625
6505.08203125
6415.134765625
6326.5595703125
