20000.0
20000.0
20000.0
20000.0
20000.0
20000.0
19999.998046875
20000.0
20000.0
20000.0
20000.0
20000.0
20000.0
20000.0
20000.0
20000.0
20000.0
20000.0
20000.0
20000.0
20000.0
20000.0
20000.0
20000.0
20000.0
20000.0
20000.0
20000.0
20000.0
20000.0
20000.0
20000.0
20000.0
20000.0
20000.0
20000.0
20000.0
20000.0
20000.0
20000.0
20000.0
20000.0
20000.0
20000.0
20000.0
20000.0
20000.0
20000.0
19999.99609375
20000.0
19999.931640625
20000.0
20000.0
20000.0
19999.912109375
20000.0
20000.0
20000.0
20000.0
20000.0
19999.998046875
20000.0
20000.0
20000.0
20000.0
20000.0
20000.0
20000.0
20000.0
20000.0
20000.0
20000.0
20000.0
20000.0
20000.0
20000.00390625
20000.0
20000.0
20000.00390625
20000.001953125
20000.001953125
20000.0
20000.0
20000.0
20000.0
19616.462890625
18951.73828125
18346.302734375
17790.78515625
17079.03515625
16510.896484375
16054.73828125
15590.4013671875
15170.5458984375
14778.458984375
14445.74609375
13967.169921875
13506.2255859375
13137.7353515625
12782.9462890625
12450.845703125
12114.5888671875
11782.6025390625
11495.15234375
11198.0439453125
10927.1708984375
10668.3046875
10431.736328125
10184.875
9957.31640625
9751.013671875
9547.6884765625
9359.4580078125
9173.548828125
8992.7373046875
8834.333984375
8661.1220703125
8489.59375
8314.001953125
8147.611328125
7985.13671875
7840.74560546875
7706.56689453125
7569.19580078125
7437.576171875
7304.822265625
