20000.0
20000.0
20000.0
20000.0
20000.0
19999.998046875
20000.0
20000.0
20000.0
20000.0
20000.0
20000.0
20000.0
20000.0
20000.0
20000.0
20000.0
20000.0
20000.0
20000.0
20000.0
20000.0
20000.0
20000.0
20000.0
20000.0
20000.0
20000.0
20000.0
20000.0
20000.0
20000.0
20000.0
20000.0
20000.0
20000.0
20000.0
20000.0
20000.0
20000.0
20000.0
20000.0
20000.0
20000.0
20000.0
20000.0
20000.0
20000.0
20000.0
20000.0
20000.0
20000.0
20000.0
20000.0
20000.0
20000.0
20000.0
20000.0
20000.0
20000.0
20000.0
20000.0
20000.0
20000.0
20000.0
20000.0
20000.0
20000.0
20000.0
20000.0
20000.0
20000.0
20000.0
19999.736328125
20000.0
20000.0
20000.0
20000.0
20000.0
19997.279296875
19999.986328125
19999.9921875
20000.0
20000.0
20000.0
20000.0234375
20000.017578125
20000.0
19999.96484375
20000.0
20000.0
20000.0
20000.0
20000.00390625
20000.005859375
20000.0
20000.0
20000.0
20000.001953125
20000.001953125
20000.001953125
20000.0
20000.0
20000.0
20000.0
20000.0
20000.0
19999.939453125
20000.0
20000.0
20000.0
20000.0
19945.685546875
19474.064453125
18986.083984375
18462.029296875
17874.49609375
17412.396484375
16980.83203125
16580.048828125
16214.4404296875
15856.2236328125
15530.482421875
15224.3349609375
