20000.0
20000.0
20000.0
20000.0
20000.0
20000.0
20000.0
20000.0
20000.0
20000.0
20000.0
20000.0
20000.0
20000.0
20000.0
20000.0
20000.0
20000.0
20000.0
20000.0
20000.0
20000.0
20000.0
20000.0
20000.0
20000.0
20000.0
20000.0
20000.0
20000.0
20000.0
20000.0
20000.0
20000.0
20000.0
20000.0
20000.0
20000.0
20000.0
20000.0
20000.0
20000.0
20000.0
20000.0
20000.0
20000.0
20000.0
20000.0
20000.0
20000.0
20000.0
20000.0
20000.0
20000.0
20000.0
19999.998046875
20000.0
20000.0
20000.0
20000.0
20000.0
20000.0
20000.0
20000.0
20000.0
19999.685546875
20000.0
20000.0
20000.0
20000.0
19999.7265625
20000.0
20000.0
20000.0
20000.0
20000.025390625
20000.0
20000.013671875
19999.966796875
20000.0
19703.88671875
19080.212890625
18524.076171875
17986.90625
17480.76171875
17008.810546875
16541.447265625
16115.0029296875
15697.4599609375
15306.1474609375
14979.23046875
14645.17578125
14338.599609375
14037.259765625
13758.779296875
13483.3798828125
13218.5927734375
12975.8916015625
12765.0791015625
12568.7080078125
12380.685546875
12205.35546875
12048.3505859375
11875.6962890625
11710.2646484375
11528.3681640625
11359.3740234375
11192.4306640625
11032.3076171875
10883.1357421875
10734.55859375
10595.7802734375
10457.2236328125
10322.9560546875
10204.90234375
10077.728515625
9957.931640625
9837.376953125
9723.3662109375
9608.041015625
9495.37109375
9389.3701171875
9279.8427734375
9162.494140625
9033.5791015625
