20000.0
20000.0
20000.0
20000.0
20000.0
20000.0
20000.0
20000.0
20000.0
20000.0
20000.0
20000.0
20000.0
20000.0
20000.0
20000.0
20000.0
20000.0
20000.0
20000.0
20000.0
20000.0
20000.0
19999.998046875
20000.0
20000.0
20000.0
20000.0
20000.0
20000.0
20000.0
20000.0
20000.0
20000.0
20000.0
20000.0
20000.0
20000.0
20000.0
20000.0
20000.0
20000.0
20000.0
20000.0
20000.0
20000.0
20000.0
20000.0
20000.0
20000.0
20000.0
20000.0
20000.0
20000.0
20000.0
19999.990234375
20000.0
19999.994140625
20000.0
20000.0
20000.0
20000.0
20000.005859375
20000.0
20000.0
20000.0
19999.99609375
19999.994140625
20000.0
20000.0
20000.0
20000.0
20000.0
19429.509765625
18786.44921875
18170.689453125
17585.05859375
17077.841796875
16552.76171875
16075.8359375
15616.8759765625
15215.2373046875
14829.3486328125
14466.9169921875
14135.0927734375
13810.466796875
13510.1884765625
13213.4951171875
12939.55078125
12729.470703125
12516.533203125
12323.2900390625
12125.416015625
11935.642578125
11726.8134765625
11527.4541015625
11343.7373046875
11162.4716796875
10994.1015625
10827.0185546875
10666.1064453125
10525.3662109375
10374.478515625
10232.712890625
10090.5966796875
9956.9599609375
9822.271484375
9690.802734375
9566.638671875
9425.416015625
9276.6298828125
9152.384765625
9038.482421875
8939.9345703125
8834.685546875
8668.9228515625
8503.0771484375
8365.2119140625
8243.4033203125
8137.27197265625
8043.52880859375
7949.09228515625
7855.23583984375
7757.34375
