20000.0
20000.0
20000.0
20000.0
20000.0
20000.0
20000.0
20000.0
20000.0
20000.0
20000.0
20000.0
20000.0
20000.0
20000.0
20000.0
20000.0
20000.0
20000.0
20000.0
19998.83203125
20000.0
19998.3515625
20000.0
20000.0
20000.0
20000.0
20000.0
20000.0
20000.0
20000.0
20000.0
20000.0
20000.0
20000.0
20000.0
20000.0
20000.0
20000.0
20000.0
19999.578125
19999.994140625
20000.0
19847.287109375
18753.111328125
17961.052734375
17325.626953125
16771.896484375
16281.9482421875
15820.9638671875
15409.5712890625
15004.423828125
14623.546875
14304.4248046875
13977.8583984375
13684.3837890625
13400.646484375
13144.4921875
12899.2216796875
12670.181640625
12462.505859375
12260.6376953125
12075.6494140625
11894.4541015625
11723.7041015625
11575.2724609375
11420.6806640625
11279.078125
11140.6201171875
11013.416015625
10888.3115234375
10769.5009765625
10658.98828125
10548.43359375
10447.0048828125
10347.9013671875
10254.185546875
10173.794921875
10089.52734375
10012.154296875
9936.244140625
9866.1611328125
9797.83984375
9733.6689453125
9674.3505859375
9615.81640625
9561.8583984375
9508.6806640625
9457.6201171875
9413.29296875
9366.01171875
9322.0107421875
9278.3720703125
9237.701171875
9197.7392578125
9158.91015625
9122.1298828125
9084.85546875
9049.1982421875
9012.7060546875
8976.1005859375
8942.8662109375
8905.45703125
8868.185546875
8826.57421875
8782.744140625
8734.9501953125
8684.83203125
8634.8974609375
8580.505859375
8525.67578125
8466.59765625
8406.1767578125
8353.91015625
8295.341796875
8238.0087890625
8175.66796875
8112.36279296875
8048.109375
7981.05322265625
7910.98779296875
7835.8583984375
7761.67919921875
7594.74853515625
