20000.0
20000.0
20000.0
20000.0
20000.0
20000.0
20000.0
20000.0
20000.0
20000.0
20000.0
20000.0
20000.0
20000.0
20000.0
20000.0
20000.0
20000.0
20000.0
20000.0
20000.0
20000.0
20000.0
20000.0
20000.0
20000.0
20000.0
20000.0
20000.0
20000.0
20000.0
19999.998046875
20000.0
20000.0
20000.0
20000.0
20000.0
20000.0
20000.0
20000.0
20000.0
20000.0
20000.0
20000.0
20000.0
20000.0
20000.0
20000.0
20000.0
20000.0
20000.0
20000.0
20000.0
20000.0
20000.0
20000.0
20000.0
20000.0
20000.0
19999.951171875
20000.0
20000.0
20000.0
19999.951171875
20000.0
20000.0
19999.884765625
20000.0
19999.97265625
20000.0
20000.0
20000.0
20000.0
20000.0
20000.0
20000.0
20000.0
20000.0
20000.0
20000.0
20000.025390625
20000.0
20000.009765625
20000.0
20000.0
19796.51171875
19148.990234375
18551.330078125
17991.25390625
17480.0703125
17053.947265625
16612.958984375
16211.7451171875
15820.73046875
15462.1142578125
15108.0634765625
14793.375
14502.2314453125
14204.736328125
13908.9560546875
13645.6376953125
13399.7568359375
13187.74609375
12962.7080078125
12754.052734375
12547.716796875
12356.2587890625
12166.7578125
11984.0048828125
11812.6533203125
11640.4423828125
11478.033203125
11315.0966796875
11156.1044921875
10962.7265625
10783.8212890625
10639.6142578125
10500.7958984375
10373.0185546875
10246.5361328125
10064.1611328125
9870.4921875
9692.5673828125
9545.5537109375
9413.787109375
