20000.0
20000.0
20000.0
20000.0
20000.0
20000.0
20000.0
20000.0
20000.0
20000.0
20000.0
20000.0
20000.0
20000.0
20000.0
20000.0
20000.0
20000.0
20000.0
20000.0
19997.021484375
20000.0
19999.931640625
20000.0
20000.0
20000.0
20000.0
20000.0
19985.767578125
19192.486328125
18412.77734375
17731.16796875
17095.5234375
16539.21875
16016.9345703125
15542.3291015625
15111.7197265625
14694.3232421875
14295.61328125
13912.6240234375
13559.3056640625
13259.537109375
12950.4697265625
12670.30078125
12399.171875
12152.15625
11900.0615234375
11661.9130859375
11444.62109375
11251.0537109375
11090.3310546875
10886.17578125
10688.2841796875
10531.001953125
10369.986328125
10226.70703125
10083.18359375
9952.51171875
9820.5693359375
9707.7265625
9607.1298828125
9506.51171875
9412.1328125
9318.3125
9197.4150390625
9097.484375
8973.4716796875
8869.2744140625
8775.5302734375
8694.3134765625
8617.7138671875
8541.0263671875
8469.71484375
8399.4033203125
8333.0234375
8269.2412109375
8207.0400390625
8152.57373046875
8094.56103515625
8040.66259765625
7985.61376953125
7932.970703125
7880.35595703125
7828.7294921875
7779.17724609375
7729.1611328125
7681.83642578125
7633.4189453125
7586.0654296875
7544.09130859375
7498.7373046875
7455.71044921875
7412.3388671875
7371.42138671875
7330.36572265625
7290.82666015625
7254.05810546875
7217.61474609375
7183.681640625
7149.9609375
7117.4189453125
7088.91455078125
7058.2705078125
7029.0048828125
6998.931640625
6969.35400390625
6936.810546875
6876.63818359375
6807.52587890625
6734.0439453125
6662.078125
6585.310546875
6504.65380859375
6429.40673828125
6342.89208984375
6256.2177734375
6164.306640625
6074.35986328125
5981.47509765625
5886.68603515625
5791.3525390625
5694.42919921875
5603.6220703125
5512.8447265625
