20000.0
20000.0
20000.0
20000.0
20000.0
20000.0
20000.0
20000.0
20000.0
20000.0
20000.0
20000.0
20000.0
20000.0
20000.0
20000.0
20000.0
20000.0
20000.0
20000.0
20000.0
19999.974609375
20000.0
20000.0
20000.0
20000.0
20000.0
20000.0
20000.0
20000.0
20000.0
20000.0
20000.0
20000.0
20000.0
20000.0
20000.0
19999.990234375
18816.341796875
17508.458984375
16384.1484375
15589.0810546875
14973.35546875
14510.951171875
14063.59765625
13667.201171875
13289.7724609375
12949.6201171875
12635.12890625
12341.6298828125
12066.3974609375
11799.625
11560.349609375
11331.4287109375
11118.0205078125
10936.8388671875
10749.880859375
10579.697265625
10417.1044921875
10268.3818359375
10124.5
9988.4345703125
9864.2412109375
9742.9140625
9631.8330078125
9522.8046875
9419.486328125
9330.39453125
9235.1533203125
9147.111328125
9060.2744140625
8980.58203125
8902.2392578125
8827.2724609375
8758.0546875
8689.8271484375
8626.7861328125
8564.7998046875
8506.189453125
8455.2666015625
8401.5478515625
8352.0185546875
8303.2412109375
8258.1650390625
8214.0
8171.95751953125
8133.02392578125
8093.6533203125
8057.17919921875
8021.32373046875
7987.08740234375
7957.43115234375
7926.2119140625
7897.29296875
7868.5146484375
7841.828125
7815.611328125
7790.39013671875
7766.80078125
7743.1708984375
7720.60400390625
7698.17333984375
7676.46826171875
7657.24169921875
7636.26953125
7616.48974609375
7596.07666015625
7576.2880859375
7555.81298828125
7535.63232421875
7515.8681640625
7495.16845703125
7475.0224609375
7454.45068359375
7433.39208984375
7413.95556640625
7391.36083984375
7368.46337890625
7343.85498046875
7318.765625
7290.83544921875
7259.55224609375
7224.5556640625
7186.20703125
7147.2265625
7105.30615234375
