20000.0
20000.0
20000.0
20000.0
20000.0
20000.0
20000.0
20000.0
20000.0
20000.0
20000.0
20000.0
20000.0
20000.0
20000.0
20000.0
20000.0
20000.0
20000.0
19999.990234375
20000.0
20000.0
20000.0
20000.0
20000.0
20000.0
20000.0
20000.0
20000.0
19301.451171875
18209.744140625
17307.390625
16561.181640625
15879.9287109375
15406.984375
14826.2685546875
14101.36328125
13538.8525390625
13042.826171875
12617.0205078125
12187.962890625
11792.462890625
11453.494140625
11083.56640625
10755.0341796875
10460.2783203125
10217.3251953125
9995.919921875
9784.1962890625
9585.666015625
9390.7900390625
9211.849609375
9042.130859375
8893.7685546875
8773.3271484375
8650.9716796875
8526.4267578125
8396.818359375
8274.5634765625
8155.85888671875
8044.27001953125
7942.46484375
7843.5654296875
7752.8544921875
7666.8642578125
7587.943359375
7518.06298828125
7442.6640625
7372.2939453125
7302.2451171875
7236.3955078125
7170.646484375
7107.69140625
7049.52783203125
6992.53125
6939.81494140625
6887.84228515625
6838.02392578125
6794.7099609375
6748.6923828125
6705.86962890625
6663.33056640625
6623.7216796875
6584.3603515625
6546.5361328125
6511.3583984375
6476.43408203125
6443.88134765625
6411.42138671875
6380.22802734375
6352.9541015625
6323.884765625
6296.80712890625
6269.8701171875
6244.61279296875
6219.5361328125
6195.28466796875
6172.7919921875
6150.201171875
6129.0859375
6107.9580078125
6087.56494140625
6069.6025390625
6050.52783203125
6032.56982421875
6014.67236328125
5997.892578125
5981.037109375
5964.7099609375
5949.3662109375
5933.9794921875
5919.5712890625
5905.013671875
5891.19287109375
5878.95458984375
5865.91015625
5853.4990234375
5840.89697265625
5829.013671875
5816.89111328125
5804.99560546875
5793.6826171875
5782.2353515625
5771.2890625
5760.24169921875
