20000.0
20000.0
20000.0
20000.0
20000.0
20000.0
20000.0
20000.0
20000.0
20000.0
20000.0
20000.0
20000.0
20000.0
20000.0
20000.0
20000.0
20000.0
20000.0
20000.0
20000.0
20000.0
20000.0
20000.0
20000.0
20000.0
20000.0
20000.0
20000.0
20000.0
20000.0
20000.0
20000.0
20000.0
20000.0
20000.0
20000.0
20000.0
19999.99609375
20000.0
20000.0
19999.998046875
19999.974609375
20000.0
19999.998046875
19999.982421875
19999.998046875
20000.0
19079.830078125
18226.361328125
17487.7890625
16766.94140625
16098.9208984375
15578.8076171875
15051.7412109375
14556.02734375
14087.9453125
13666.0625
13254.27734375
12866.6044921875
12514.802734375
12171.1982421875
11857.0556640625
11547.986328125
11261.060546875
11028.5400390625
10820.1787109375
10624.4404296875
10428.0947265625
10243.9326171875
10060.3095703125
9882.5986328125
9716.2568359375
9559.5087890625
9415.8671875
9267.19140625
9119.994140625
8977.6806640625
8826.482421875
8688.416015625
8552.4765625
8425.9873046875
8299.9228515625
8177.45068359375
8061.61865234375
7945.72265625
7837.16162109375
7728.6142578125
7623.1640625
7530.240234375
7430.6318359375
7336.396484375
7240.4697265625
7149.517578125
7057.9228515625
6968.8515625
6885.04248046875
6800.85595703125
6721.61376953125
6641.9521484375
6565.08056640625
6496.3125
6400.916015625
6305.716796875
6215.53369140625
6136.68994140625
6061.41650390625
5992.32568359375
5929.34326171875
5867.201171875
5809.44873046875
5744.00146484375
5676.56201171875
5623.88330078125
5564.291015625
5506.45703125
5449.09814453125
5397.57763671875
5343.61474609375
5286.7578125
5231.0419921875
5174.0673828125
5114.703125
5054.0810546875
