20000.0
20000.0
20000.0
20000.0
20000.0
20000.0
20000.0
20000.0
20000.0
20000.0
20000.0
20000.0
20000.0
20000.0
20000.0
20000.0
20000.0
20000.0
20000.0
20000.0
20000.0
20000.0
20000.0
20000.0
20000.0
20000.0
20000.0
20000.0
20000.0
19999.998046875
20000.0
20000.0
20000.0
20000.0
20000.0
20000.0
20000.0
20000.0
20000.0
20000.0
20000.0
20000.0
20000.0
19999.998046875
20000.0
20000.0
20000.0
19637.703125
18912.166015625
18201.259765625
17545.18359375
16870.369140625
16242.8525390625
15736.3212890625
15227.4853515625
14768.9609375
14305.8955078125
13882.7216796875
13499.87890625
13151.263671875
12821.2998046875
12482.5791015625
12177.482421875
11878.58203125
11592.9287109375
11346.2646484375
11087.0703125
10849.314453125
10616.59765625
10403.00390625
10231.23046875
10064.3125
9905.5009765625
9742.59765625
9592.68359375
9444.5361328125
9300.6474609375
9173.7646484375
9036.9287109375
8907.8984375
8778.2265625
8655.8115234375
8533.103515625
8413.1201171875
8303.2421875
8200.859375
8101.7978515625
7999.2392578125
7897.37939453125
7806.4560546875
7700.2724609375
7598.7001953125
7499.00927734375
7406.96142578125
7315.46630859375
7226.8701171875
7143.556640625
7059.77587890625
6980.87353515625
6901.13623046875
6822.71923828125
6753.33544921875
6678.32275390625
6607.462890625
6535.85546875
6468.833984375
6400.9140625
6333.56396484375
6269.1279296875
6203.6044921875
6141.35693359375
6078.32373046875
6016.67236328125
5962.11865234375
5903.03857421875
5847.08544921875
5790.53466796875
5736.97900390625
5682.6796875
5628.61669921875
5576.38720703125
5523.64990234375
5473.7294921875
5423.37255859375
