20000.0
20000.0
20000.0
20000.0
20000.0
20000.0
20000.0
20000.0
20000.0
20000.0
20000.0
20000.0
20000.0
20000.0
20000.0
20000.0
20000.0
20000.0
20000.0
20000.0
20000.0
20000.0
20000.0
20000.0
20000.0
20000.0
20000.0
20000.0
20000.0
20000.0
20000.0
20000.0
20000.0
20000.0
20000.0
20000.0
20000.0
20000.0
20000.0
20000.0
20000.0
20000.0
20000.0
20000.0
20000.0
20000.0
20000.0
20000.0
20000.0
20000.0
20000.0
20000.0
20000.0
20000.0
20000.0
20000.0
20000.0
20000.0
20000.0
19999.990234375
20000.0
19999.90625
19999.99609375
19999.998046875
19999.69921875
20000.0
20000.0
20000.0
19999.6875
20000.0
20000.0
20000.0
20000.0
20000.0
20000.0
20000.0
20000.0
20000.0
19896.6953125
19238.453125
18649.041015625
18060.55078125
17517.640625
16996.265625
16498.8125
16060.0263671875
15647.3193359375
15273.33984375
14909.751953125
14566.22265625
14271.4189453125
13960.3701171875
13671.7197265625
13384.8076171875
13138.0751953125
12926.544921875
12719.2783203125
12519.9951171875
12301.3681640625
12100.494140625
11903.33984375
11714.3095703125
11549.8486328125
11374.5517578125
11211.23828125
11048.8271484375
10896.890625
10745.103515625
10597.931640625
10459.2138671875
10319.6142578125
10187.376953125
10054.2021484375
9924.6357421875
9809.80859375
9667.111328125
9523.154296875
9402.5400390625
9294.2763671875
9188.2421875
9033.6533203125
8870.474609375
8720.005859375
8595.2451171875
8483.4140625
