20000.0
20000.0
20000.0
20000.0
20000.0
20000.0
20000.0
20000.0
20000.0
20000.0
20000.0
20000.0
19999.998046875
20000.0
20000.0
20000.0
20000.0
20000.0
20000.0
20000.0
20000.0
20000.0
20000.0
20000.0
20000.0
20000.0
20000.0
20000.0
20000.0
20000.0
20000.0
20000.0
20000.0
20000.0
20000.0
20000.0
20000.0
20000.0
19999.998046875
20000.0
20000.0
19999.9765625
19999.9765625
20000.0
20000.0
20000.0
20000.0
19824.65234375
18825.384765625
17904.015625
17060.044921875
16320.4697265625
15636.84765625
15088.1123046875
14533.9150390625
14025.17578125
13595.009765625
13148.3349609375
12743.541015625
12349.9462890625
11992.6572265625
11646.0849609375
11325.60546875
11038.625
10773.998046875
10564.341796875
10354.7958984375
10152.2353515625
9975.1337890625
9785.5966796875
9608.01171875
9439.4150390625
9287.244140625
9130.123046875
8961.9111328125
8804.2568359375
8650.2109375
8508.087890625
8366.98828125
8230.9228515625
8111.85205078125
7984.29150390625
7863.638671875
7742.9228515625
7629.9794921875
7517.03173828125
7407.53564453125
7303.693359375
7200.06103515625
7102.314453125
7004.04541015625
6908.52099609375
6824.55029296875
6734.2900390625
6649.36865234375
6564.1103515625
6483.8505859375
6402.15576171875
6321.7255859375
6245.43017578125
6168.908203125
6088.16650390625
5993.138671875
5904.56982421875
5832.27978515625
5760.205078125
5695.95556640625
5633.3427734375
5576.736328125
5522.01318359375
5468.73291015625
5413.31005859375
5339.65087890625
5280.06689453125
5224.86572265625
5168.19189453125
5114.4326171875
5047.279296875
4985.55419921875
4925.837890625
4870.17919921875
4815.2421875
4763.8232421875
4717.79931640625
4672.1884765625
4628.6787109375
4583.6923828125
