20000.0
20000.0
20000.0
20000.0
20000.0
20000.0
20000.0
20000.0
20000.0
20000.0
20000.0
20000.0
20000.0
20000.0
20000.0
20000.0
20000.0
20000.0
20000.0
20000.0
20000.0
20000.0
20000.0
20000.0
20000.0
20000.0
20000.0
20000.0
20000.0
20000.0
20000.0
20000.0
20000.0
20000.0
20000.0
20000.0
20000.0
20000.0
20000.0
20000.0
20000.0
20000.001953125
20000.0
20000.0
20000.0
20000.0
19999.998046875
19999.970703125
20000.0
20000.0
19421.0859375
18537.5
17737.482421875
17016.458984375
16412.904296875
15777.46875
15216.1943359375
14691.119140625
14273.3642578125
13840.8994140625
13438.0693359375
13074.0537109375
12716.736328125
12386.1357421875
12062.24609375
11753.2314453125
11486.677734375
11209.5
10951.0234375
10705.59765625
10482.677734375
10274.330078125
10104.7373046875
9946.2080078125
9786.26953125
9634.9326171875
9482.51171875
9334.076171875
9203.3876953125
9062.2109375
8940.365234375
8818.6591796875
8698.931640625
8563.93359375
8434.6064453125
8315.3115234375
8197.0263671875
8086.2802734375
7975.19775390625
7867.2333984375
7772.0625
7669.419921875
7572.669921875
7475.45849609375
7383.896484375
7291.7880859375
7202.23583984375
7116.77197265625
7029.6875
6947.02490234375
6864.79541015625
6785.017578125
6714.603515625
6638.57421875
6566.7626953125
6494.3720703125
6425.9853515625
6357.01123046875
6289.658203125
6225.62548828125
6159.4501953125
6096.04052734375
6032.01416015625
5969.8330078125
5915.0576171875
5856.07763671875
5800.5390625
5744.98046875
5692.57080078125
5639.46435546875
5587.34375
5537.93603515625
5488.0087890625
5440.771484375
5388.0771484375
