20000.0
20000.0
20000.0
20000.0
20000.0
20000.0
20000.0
20000.0
20000.0
20000.0
20000.0
20000.0
20000.0
20000.0
20000.0
20000.0
20000.0
20000.0
20000.0
20000.0
20000.0
20000.0
20000.0
20000.0
20000.0
20000.0
20000.0
20000.0
20000.0
20000.0
20000.0
20000.0
20000.0
20000.0
19999.998046875
20000.0
19999.98828125
20000.0
20000.001953125
19999.982421875
20000.0
20000.0
20000.0
20000.0
19999.984375
20000.0
19455.193359375
18597.626953125
17775.466796875
16989.982421875
16310.1728515625
15672.455078125
15106.060546875
14556.0361328125
14046.8232421875
13620.10546875
13207.64453125
12836.998046875
12470.8291015625
12133.6484375
11799.4931640625
11481.474609375
11190.861328125
10909.4033203125
10652.46484375
10399.017578125
10157.6796875
9955.5908203125
9779.181640625
9615.9189453125
9452.6533203125
9299.0849609375
9145.0732421875
8996.50390625
8857.208984375
8716.376953125
8583.009765625
8448.2275390625
8316.970703125
8201.6025390625
8081.61474609375
7977.10400390625
7869.0869140625
7757.14404296875
7640.630859375
7529.1728515625
7425.9423828125
7323.18603515625
7226.75732421875
7129.8544921875
7035.48681640625
6952.4501953125
6862.6953125
6778.05712890625
6692.96875
6612.79638671875
6532.294921875
6454.21826171875
6380.5263671875
6305.89501953125
6234.71484375
6162.84423828125
6093.48486328125
6031.98974609375
5965.060546875
5901.47900390625
5837.12646484375
5776.1728515625
5714.58349609375
5654.38818359375
5597.505859375
5540.09619140625
5485.8466796875
5430.2978515625
5374.771484375
5325.130859375
5271.3974609375
5220.8095703125
5170.08740234375
5122.4111328125
5074.828125
5028.54052734375
4984.59619140625
4940.0283203125
4897.77099609375
4855.0849609375
