20000.0
20000.0
19999.990234375
19999.98828125
20000.0
20000.0
20000.0
20000.0
20000.0
20000.0
20000.0
20000.0
20000.0
20000.0
20000.0
20000.0
20000.0
20000.0
20000.0
20000.0
20000.0
20000.0
20000.0
20000.0
20000.0
19999.99609375
20000.0
20000.0
20000.0
20000.0
20000.0
20000.0
20000.0
20000.0
20000.0
20000.0
20000.0
20000.0
20000.0
20000.0
20000.0
20000.0
20000.0
20000.0
20000.0
20000.0
20000.0
20000.0
20000.0
20000.0
20000.0
20000.0
20000.0
20000.0
20000.0
20000.0
20000.0
20000.0
20000.0
19999.99609375
20000.0
20000.0
19999.94921875
20000.0
19999.998046875
20000.0
20000.0
20000.0
20000.0
20000.0
20000.0
20000.0
20000.0
20000.0
20000.0
20000.0
19999.9921875
20000.0
20000.0
20000.01953125
20000.015625
20000.0078125
19678.05078125
19060.53125
18488.45703125
17929.318359375
17415.912109375
16923.576171875
16473.591796875
16097.9072265625
15708.2216796875
15352.689453125
15005.357421875
14686.8291015625
14372.9599609375
14071.4599609375
13802.83203125
13547.5478515625
13312.1923828125
13095.736328125
12866.1982421875
12668.0244140625
12461.4931640625
12269.017578125
12078.0947265625
11900.466796875
11723.7568359375
11553.8134765625
11395.4365234375
11237.08984375
11088.33203125
10938.84375
10792.8212890625
10663.751953125
10524.888671875
10394.3603515625
10262.515625
10103.0048828125
9954.6162109375
9825.2822265625
9713.1904296875
9602.0224609375
9495.4638671875
9320.572265625
