20000.0
20000.0
20000.0
20000.0
20000.0
20000.0
20000.0
20000.0
20000.0
20000.0
20000.0
20000.0
20000.0
20000.0
20000.0
19999.822265625
20000.0
20000.0
20000.0
20000.0
20000.0
20000.0
20000.0
20000.0
19999.99609375
20000.0
20000.0
20000.0
20000.0
20000.0
20000.0
20000.0
20000.0
19999.994140625
19361.8671875
18270.8046875
17461.2734375
16772.1484375
16213.4208984375
15695.8818359375
15225.3232421875
14832.625
14438.296875
14088.9931640625
13764.673828125
13477.28125
13204.404296875
12950.8828125
12723.8564453125
12507.1923828125
12313.33203125
12127.74609375
11955.4130859375
11808.23828125
11651.888671875
11511.1953125
11376.150390625
11253.900390625
11135.7744140625
11025.2001953125
10924.373046875
10825.4814453125
10734.8857421875
10646.3857421875
10562.193359375
10489.33984375
10411.19140625
10338.33203125
10264.19140625
10192.0947265625
10118.25390625
10040.94921875
9962.0595703125
9864.1826171875
9762.4912109375
9652.5224609375
9530.8056640625
9419.2763671875
9281.3408203125
9131.041015625
8963.7060546875
8625.427734375
8280.482421875
7912.77099609375
7567.24169921875
7236.2978515625
6938.896484375
6651.65576171875
6374.62255859375
6135.990234375
5895.2548828125
5679.404296875
5470.42138671875
5288.55029296875
5108.734375
4936.08837890625
4777.9384765625
4624.99560546875
4484.37255859375
4345.08251953125
4211.06982421875
4093.590576171875
3967.539306640625
3848.50244140625
3729.95361328125
3620.904296875
3513.66455078125
3411.341796875
3316.61962890625
3223.14990234375
3136.685546875
3051.235595703125
2969.44677734375
2903.05615234375
2833.69384765625
2767.23388671875
2700.02099609375
2636.84375
2573.794921875
2513.265625
2457.2587890625
2402.01953125
2350.601318359375
2298.787841796875
