20000.0
20000.0
20000.0
20000.0
20000.0
20000.0
20000.0
20000.0
20000.0
20000.0
20000.0
20000.0
20000.0
20000.0
20000.0
20000.0
19999.54296875
20000.0
19999.998046875
20000.0
20000.0
20000.0
20000.0
20000.0
20000.0
20000.0
20000.0
20000.0
20000.0
20000.0
20000.0
20000.0
20000.0
19999.998046875
20000.0
19452.20703125
18512.248046875
17704.53125
17038.2109375
16433.58203125
15892.1220703125
15445.5908203125
14996.6572265625
14609.3046875
14244.4326171875
13918.6767578125
13610.509765625
13327.9814453125
13077.375
12837.90234375
12619.7431640625
12408.44140625
12213.93359375
12050.4833984375
11882.677734375
11731.591796875
11584.7890625
11452.06640625
11323.3916015625
11202.708984375
11093.33203125
10987.3447265625
10890.4384765625
10795.677734375
10705.724609375
10628.041015625
10545.0390625
10465.380859375
10381.5322265625
10291.3203125
10192.513671875
10086.8955078125
9978.6767578125
9861.8564453125
9743.814453125
9616.8974609375
9460.287109375
9311.607421875
9025.4150390625
8676.8564453125
8291.962890625
7922.8046875
7563.177734375
7228.44482421875
6925.43408203125
6627.4287109375
6350.10693359375
6090.28076171875
5850.974609375
5648.11474609375
5439.48486328125
5253.7080078125
5069.7900390625
4902.033203125
4740.005859375
4586.2255859375
4442.88671875
4299.1044921875
4165.69140625
4033.232666015625
3906.30517578125
3796.2177734375
3680.18359375
3573.332275390625
3468.052490234375
3370.698486328125
3274.5732421875
3182.828369140625
3097.97607421875
3014.95849609375
2944.877197265625
2872.941650390625
2802.25146484375
2739.8955078125
2672.294189453125
2609.4072265625
2547.328125
2490.12841796875
2433.83056640625
2379.788330078125
2329.550048828125
2281.1533203125
2236.616943359375
2191.936279296875
