20000.0
20000.0
20000.0
20000.0
20000.0
20000.0
20000.0
20000.0
20000.0
20000.0
20000.0
20000.0
20000.0
20000.0
20000.0
19999.998046875
20000.0
19999.998046875
20000.0
20000.0
20000.0
20000.0
20000.0
20000.0
19999.998046875
20000.0
20000.0
20000.0
20000.0
20000.0
20000.0
19999.998046875
19999.91015625
20000.0
19999.984375
20000.0
19813.947265625
18871.48828125
18103.271484375
17408.630859375
16796.146484375
16302.6279296875
15807.21875
15380.5615234375
14988.4697265625
14644.8349609375
14318.0625
14015.998046875
13746.978515625
13492.05859375
13265.19921875
13047.6787109375
12842.578125
12667.2138671875
12487.5771484375
12326.072265625
12171.056640625
12031.0
11895.4306640625
11768.2236328125
11651.8798828125
11537.2939453125
11431.1572265625
11325.431640625
11223.0234375
11131.4443359375
11030.8349609375
10931.1123046875
10821.13671875
10699.044921875
10564.3271484375
10420.736328125
10269.9375
10105.2666015625
9923.2080078125
9704.6708984375
9294.8173828125
8919.2919921875
8481.1787109375
8073.2314453125
7688.6201171875
7341.587890625
7004.11669921875
6678.4892578125
6393.87841796875
6124.77001953125
5882.35986328125
5646.02099609375
5428.9443359375
5247.02978515625
5059.37109375
4890.173828125
4723.865234375
4569.63330078125
4416.2900390625
4266.70166015625
4127.109375
3989.694580078125
3863.273681640625
3739.343994140625
3621.543701171875
3519.86767578125
3412.478759765625
3313.3701171875
3215.695068359375
3128.041259765625
3046.39453125
2965.806396484375
2889.890380859375
2814.112548828125
2743.591064453125
2673.93310546875
2607.43359375
2549.554931640625
2488.302490234375
2431.4013671875
2376.465576171875
2326.458984375
2276.97412109375
2229.021240234375
2183.949951171875
2138.739990234375
2096.144287109375
2053.384521484375
