20000.0
20000.0
20000.0
20000.0
20000.0
20000.0
20000.0
20000.0
20000.0
20000.0
20000.0
20000.0
20000.0
20000.0
20000.0
20000.0
19999.998046875
20000.0
20000.0
20000.0
19999.998046875
20000.0
20000.0
20000.0
20000.0
20000.0
20000.0
20000.0
20000.0
20000.0
20000.0
20000.0
20000.0
20000.0
19999.998046875
20000.0
20000.0
20000.0
19412.970703125
18499.4296875
17751.509765625
17168.330078125
16602.03515625
16118.3291015625
15661.3017578125
15253.0498046875
14868.015625
14516.767578125
14208.6083984375
13914.5224609375
13650.490234375
13395.498046875
13159.8984375
12961.392578125
12757.7255859375
12573.7734375
12396.5439453125
12231.177734375
12070.1875
11920.615234375
11785.443359375
11654.41015625
11535.01171875
11419.02734375
11310.1826171875
11215.8017578125
11116.9345703125
11026.1484375
10937.263671875
10855.013671875
10773.513671875
10694.728515625
10621.021484375
10545.8076171875
10474.5458984375
10400.3359375
10322.689453125
10247.50390625
10152.439453125
10055.3388671875
9949.75
9839.412109375
9720.1572265625
9595.3125
9453.951171875
9298.708984375
9047.5673828125
8711.2958984375
8362.126953125
8038.84130859375
7696.57666015625
7389.3515625
7093.36474609375
6823.865234375
6552.9521484375
6297.29443359375
6070.2158203125
5852.61572265625
5654.67822265625
5462.51806640625
5287.11328125
5133.55859375
4972.29345703125
4824.8662109375
4681.45361328125
4548.42822265625
4416.07373046875
4288.04638671875
4167.4306640625
4044.727783203125
3931.224365234375
3818.4833984375
3710.716552734375
3617.472900390625
3518.684814453125
3426.966796875
3336.047607421875
3251.544189453125
3167.8251953125
3087.65869140625
3013.647216796875
2947.000732421875
2882.876708984375
2817.415283203125
