20000.0
20000.0
20000.0
20000.0
20000.0
20000.0
20000.0
20000.0
20000.0
20000.0
20000.0
20000.0
20000.0
20000.0
20000.0
19999.958984375
20000.0
19999.1171875
19999.99609375
20000.0
20000.0
20000.0
20000.0
20000.0
19999.99609375
20000.0
20000.0
20000.0
20000.0
20000.0
20000.0
19998.90234375
20000.0
20000.0
19311.5390625
18278.931640625
17844.27734375
17467.0
16796.2109375
16212.376953125
15669.900390625
15174.1015625
14769.29296875
14359.419921875
14004.0166015625
13668.5751953125
13369.798828125
13084.193359375
12824.203125
12590.376953125
12368.80859375
12167.2412109375
11971.9912109375
11789.4306640625
11635.7734375
11478.14453125
11335.7060546875
11198.2314453125
11072.7138671875
10951.4716796875
10838.44921875
10735.7626953125
10635.98828125
10545.6845703125
10457.681640625
10374.359375
10302.072265625
10226.666015625
10157.16796875
10086.2490234375
10017.4892578125
9944.64453125
9864.5302734375
9780.1953125
9686.30078125
9589.6171875
9484.494140625
9376.48046875
9275.5732421875
9151.158203125
9011.943359375
8859.7080078125
8549.876953125
8219.037109375
7870.302734375
7538.740234375
7215.77099609375
6923.40234375
6640.58154296875
6372.2060546875
6135.08349609375
5896.19775390625
5682.6953125
5476.48193359375
5297.3095703125
5120.22705078125
4949.89404296875
4792.0537109375
4637.68994140625
4497.54052734375
4359.17919921875
4224.8857421875
4107.30810546875
3981.98388671875
3865.173828125
3749.35498046875
3641.78564453125
3535.879150390625
3435.093994140625
3341.980712890625
3249.96630859375
3164.707763671875
3080.37109375
2999.608154296875
2929.46630859375
2860.30859375
2796.32177734375
2730.825439453125
2668.765869140625
2606.03076171875
2544.85546875
2487.96337890625
2431.693603515625
2379.85693359375
2328.55029296875
