20000.0
20000.0
20000.0
20000.0
20000.0
20000.0
20000.0
20000.0
20000.0
20000.0
20000.0
20000.0
20000.0
20000.0
20000.0
20000.0
20000.00390625
20000.0
20000.0
20000.0
20000.0
19999.998046875
20000.0
20000.0
20000.0
20000.0
20000.0
20000.0
20000.0
20000.0
20000.0
20000.0
20000.0
19999.99609375
19999.982421875
20000.0
19142.060546875
18069.86328125
17284.412109375
16643.998046875
16095.6962890625
15639.1650390625
15176.892578125
14762.41796875
14367.9150390625
14020.943359375
13689.8818359375
13390.7666015625
13123.2041015625
12867.2333984375
12636.2109375
12414.294921875
12209.234375
12035.5791015625
11856.4765625
11694.5146484375
11535.1708984375
11389.6845703125
11247.732421875
11115.001953125
10994.59375
10878.0517578125
10771.876953125
10668.0556640625
10569.6025390625
10485.4072265625
10397.7392578125
10317.560546875
10238.994140625
10167.076171875
10096.927734375
10030.4365234375
9968.90625
9907.98046875
9850.779296875
9794.603515625
9740.2861328125
9692.140625
9638.6943359375
9585.6552734375
9528.4228515625
9466.4072265625
9395.904296875
9319.8828125
9241.67578125
9157.158203125
9070.0234375
8978.794921875
8884.0712890625
8780.177734375
8656.2548828125
8527.451171875
8237.98828125
7966.47509765625
7670.85009765625
7375.61474609375
7101.47412109375
6837.619140625
6597.1748046875
6362.35302734375
6136.01953125
5935.72705078125
5731.9521484375
5548.91455078125
5371.5595703125
5218.767578125
5066.12548828125
4917.83935546875
4778.197265625
4639.591796875
4511.7802734375
4387.44287109375
4268.27392578125
4164.0078125
4052.08935546875
3946.631591796875
3838.97509765625
3739.056884765625
3639.57421875
3543.799560546875
3455.08740234375
3367.416748046875
3285.99609375
3205.09033203125
