20000.0
20000.0
20000.0
20000.0
20000.0
20000.0
20000.0
20000.0
20000.0
20000.0
20000.0
20000.0
20000.0
20000.0
20000.0
20000.0
20000.0
19999.95703125
20000.0
20000.0
20000.0
20000.0
20000.0
20000.0
20000.0
20000.0
19999.998046875
20000.0
20000.0
20000.0
20000.0
20000.0
20000.0
20000.0
20000.0
20000.0
19999.99609375
20000.0
20000.0
19772.75390625
18899.408203125
18221.353515625
17568.109375
16993.873046875
16468.953125
16006.6533203125
15576.515625
15186.4091796875
14846.0693359375
14522.63671875
14231.337890625
13951.7314453125
13693.865234375
13477.0810546875
13255.6376953125
13055.3046875
12859.3271484375
12678.79296875
12505.607421875
12344.8310546875
12198.8916015625
12057.75390625
11929.6630859375
11804.9013671875
11686.576171875
11585.5390625
11479.1708984375
11380.640625
11283.5615234375
11193.1630859375
11102.953125
11014.37109375
10930.7392578125
10843.57421875
10755.63671875
10655.4365234375
10545.142578125
10441.21875
10320.990234375
10190.91796875
10060.6728515625
9909.3447265625
9740.2734375
9502.037109375
9147.404296875
8773.0029296875
8394.9013671875
8018.80029296875
7672.32861328125
7378.51123046875
7073.236328125
6784.294921875
6506.7421875
6260.81005859375
6025.4560546875
5805.1083984375
5601.9375
5409.5517578125
5233.95849609375
5063.56689453125
4904.91064453125
4768.208984375
4622.74853515625
4486.9267578125
4349.6259765625
4220.50634765625
4092.67626953125
3969.947021484375
3856.370361328125
3744.563720703125
3641.19677734375
3539.048583984375
3441.3037109375
3356.465087890625
3266.491943359375
3182.98193359375
3102.47998046875
3032.505615234375
2960.90087890625
2890.758056640625
2824.74853515625
2758.70458984375
2697.1533203125
2635.2041015625
