20000.0
20000.0
20000.0
20000.0
20000.0
20000.0
20000.0
20000.0
20000.0
20000.0
20000.0
20000.0
20000.0
20000.0
20000.0
20000.0
19999.74609375
20000.0
20000.0
19997.7734375
20000.0
20000.0
20000.0
20000.0
20000.0
19999.998046875
20000.0
20000.0
20000.0
20000.0
20000.0
20000.0
20000.0
20000.0
20000.0
20000.0
20000.0
19479.046875
18575.9453125
17837.654296875
17164.427734375
16577.828125
16098.9091796875
15622.587890625
15208.6416015625
14826.1953125
14491.052734375
14172.8203125
13877.8369140625
13614.7265625
13365.19140625
13143.7255859375
12930.2548828125
12731.6474609375
12559.6201171875
12383.2392578125
12224.8115234375
12072.5927734375
11935.2138671875
11802.1484375
11677.31640625
11563.2607421875
11451.3359375
11348.0234375
11244.8935546875
11145.7099609375
11057.54296875
10960.16015625
10866.0390625
10764.34765625
10654.0234375
10527.00390625
10393.6435546875
10250.939453125
10100.7470703125
9931.94921875
9742.6982421875
9452.521484375
9091.61328125
8670.8505859375
8257.1748046875
7857.30029296875
7501.595703125
7159.49853515625
6832.2216796875
6533.51171875
6254.07666015625
6004.52294921875
5764.099609375
5536.06689453125
5350.75732421875
5156.29296875
4981.4716796875
4811.91357421875
4655.29541015625
4500.25830078125
4350.9345703125
4210.04052734375
4069.274169921875
3939.5458984375
3812.26220703125
3691.486083984375
3587.316162109375
3477.311767578125
3375.71142578125
3275.607666015625
3183.060791015625
3094.985595703125
3014.926513671875
2938.5517578125
2861.718505859375
2789.75439453125
2718.281005859375
2649.939697265625
2591.10888671875
2528.257568359375
2469.833740234375
2411.8955078125
2359.4580078125
2308.57080078125
2259.7900390625
2214.050048828125
2168.144775390625
2124.972900390625
2081.6337890625
