20000.0
20000.0
20000.0
20000.0
20000.0
20000.0
20000.0
20000.0
20000.0
20000.0
20000.0
20000.0
20000.0
20000.0
20000.0
20000.0
20000.0
20000.0
20000.0
20000.0
20000.0
20000.0
20000.0
20000.0
20000.0
20000.0
19999.998046875
20000.0
20000.0
20000.0
20000.0
19999.96875
20000.0
20000.0
20000.0
20000.001953125
20000.0
20000.0
19059.36328125
18196.068359375
17474.98828125
16927.978515625
16380.6123046875
15908.677734375
15459.091796875
15058.8330078125
14680.708984375
14337.68359375
14034.5302734375
13745.2041015625
13483.953125
13234.33203125
13002.505859375
12807.8466796875
12606.9052734375
12425.86328125
12250.015625
12085.7626953125
11927.7158203125
11780.712890625
11647.7978515625
11518.9267578125
11401.35546875
11286.9501953125
11179.2587890625
11086.2900390625
10988.71484375
10899.5947265625
10812.46875
10732.0546875
10652.62890625
10576.111328125
10504.7490234375
10432.93359375
10364.9072265625
10294.505859375
10221.8564453125
10153.306640625
10067.25390625
9976.4931640625
9877.8125
9778.6328125
9664.3779296875
9553.955078125
9430.486328125
9286.5166015625
9140.5068359375
8835.2509765625
8513.3818359375
8201.2138671875
7855.89013671875
7538.81591796875
7235.55908203125
6960.482421875
6693.05322265625
6430.24853515625
6192.80810546875
5967.64013671875
5764.61962890625
5567.24169921875
5385.38623046875
5230.8896484375
5065.81201171875
4913.783203125
4765.45947265625
4629.935546875
4495.84521484375
4366.5595703125
4245.328125
4122.2490234375
4006.79052734375
3892.3876953125
3782.312255859375
3686.83447265625
3585.848876953125
3492.236083984375
3399.5048828125
3313.302734375
3227.833251953125
3146.0234375
3070.05322265625
2994.6767578125
2930.75
2866.246826171875
