20000.0
20000.0
20000.0
20000.0
20000.0
20000.0
20000.0
20000.0
20000.0
20000.0
20000.0
20000.0
20000.0
20000.0
20000.0
20000.0
20000.0
19999.658203125
20000.0
19999.361328125
20000.0
20000.0
19999.998046875
20000.0
20000.0
20000.0
20000.0
20000.0
20000.0
20000.0
20000.0
20000.0
20000.0
20000.0
20000.0
20000.0
20000.0
19999.994140625
20000.0
19886.4765625
18986.142578125
18302.544921875
17646.529296875
17073.759765625
16545.439453125
16083.6796875
15650.9365234375
15260.8974609375
14920.6748046875
14600.880859375
14314.2333984375
14037.73828125
13780.798828125
13565.4736328125
13344.4326171875
13146.0927734375
12954.30078125
12779.3134765625
12606.23828125
12444.7783203125
12298.80078125
12157.89453125
12029.8916015625
11905.5029296875
11788.2529296875
11687.6396484375
11582.009765625
11484.078125
11387.01171875
11295.8369140625
11205.0126953125
11115.4501953125
11029.0517578125
10939.6240234375
10850.359375
10751.7294921875
10637.630859375
10528.861328125
10402.3466796875
10266.6640625
10126.1318359375
9966.5263671875
9790.2919921875
9522.330078125
9162.1484375
8775.26953125
8389.9609375
8009.42919921875
7661.5849609375
7366.53662109375
7059.55029296875
6766.9951171875
6490.19482421875
6245.2041015625
6009.91259765625
5789.083984375
5584.7890625
5393.2431640625
5217.9443359375
5048.6689453125
4890.37841796875
4753.41748046875
4607.7587890625
4471.77490234375
4335.8037109375
4206.81201171875
4077.888916015625
3954.8154296875
3841.081298828125
3729.106201171875
3625.514404296875
3523.0947265625
3425.03125
3339.954833984375
3249.730712890625
3165.995849609375
3088.59521484375
3017.36376953125
2944.7578125
2874.03369140625
2807.642578125
2741.467041015625
2679.937255859375
2619.224853515625
