20000.0
20000.0
20000.0
20000.0
20000.0
20000.0
20000.0
20000.0
20000.0
20000.0
20000.0
20000.0
20000.0
20000.0
20000.0
20000.0
19999.513671875
19999.91796875
20000.0
20000.0
19999.998046875
20000.0
20000.0
20000.0
19999.99609375
20000.0
20000.0
20000.0
20000.0
20000.0
20000.0
19999.994140625
20000.0
20000.0
20000.0
19486.908203125
18542.23828125
17729.810546875
17061.876953125
16455.138671875
15912.6962890625
15465.48046875
15015.81640625
14627.8349609375
14262.505859375
13936.61328125
13627.787109375
13345.244140625
13094.19140625
12854.353515625
12636.5322265625
12424.837890625
12230.0107421875
12066.3173828125
11898.30859375
11746.8359375
11600.29296875
11467.0146484375
11338.75390625
11217.595703125
11108.0166015625
11001.8173828125
10904.8203125
10809.5341796875
10719.2919921875
10641.380859375
10557.828125
10477.9130859375
10393.7861328125
10303.0224609375
10203.3935546875
10096.962890625
9987.9677734375
9870.1298828125
9751.2080078125
9621.8251953125
9464.205078125
9314.1923828125
9015.3271484375
8666.8505859375
8278.654296875
7908.775390625
7549.73876953125
7215.552734375
6913.078125
6614.49658203125
6338.35302734375
6079.42529296875
5840.6953125
5638.23828125
5430.31689453125
5244.677734375
5061.052734375
4893.6923828125
4732.12841796875
4578.7099609375
4435.455078125
4291.755859375
4158.388671875
4026.016357421875
3899.21240234375
3789.2890625
3673.488037109375
3566.80419921875
3461.687744140625
3364.449462890625
3268.499267578125
3176.902587890625
3092.187744140625
3010.16162109375
2939.88818359375
2867.84228515625
2797.165771484375
2734.854248046875
2667.317626953125
2604.543212890625
2542.59912109375
2485.583740234375
2429.4248046875
2375.46923828125
2325.523681640625
2277.325439453125
2232.849365234375
2188.216796875
