20000.0
20000.0
20000.0
20000.0
20000.0
20000.0
20000.0
20000.0
20000.0
20000.0
20000.0
20000.0
20000.0
20000.0
20000.0
20000.0
19999.986328125
19999.80078125
20000.0
20000.0
20000.0
20000.0
20000.0
20000.0
19999.998046875
20000.0
20000.0
20000.0
20000.0
20000.0
20000.0
20000.0
20000.0
20000.0
19995.6328125
18865.630859375
17987.033203125
17250.35546875
16624.673828125
16050.2626953125
15528.18359375
15099.59765625
14670.49609375
14297.345703125
13945.20703125
13629.80859375
13332.2958984375
13060.6533203125
12817.7431640625
12586.6962890625
12371.9052734375
12168.2412109375
11980.1884765625
11822.021484375
11659.32421875
11512.537109375
11369.845703125
11240.3779296875
11115.8896484375
10999.458984375
10893.525390625
10791.4228515625
10698.3818359375
10607.57421875
10522.244140625
10449.4912109375
10371.6474609375
10297.4755859375
10220.7802734375
10141.974609375
10054.4091796875
9961.373046875
9865.7412109375
9760.6044921875
9655.0439453125
9542.1416015625
9423.7119140625
9293.9755859375
9138.75
8897.4541015625
8550.6162109375
8200.7158203125
7836.33740234375
7488.6181640625
7174.1904296875
6870.10302734375
6592.96044921875
6313.03271484375
6057.52783203125
5844.29833984375
5624.39599609375
5426.962890625
5239.962890625
5065.63671875
4894.3662109375
4732.7841796875
4586.03076171875
4440.85595703125
4304.1171875
4169.10400390625
4038.946044921875
3925.671142578125
3805.353759765625
3693.98486328125
3584.4755859375
3483.3798828125
3383.62646484375
3288.313232421875
3200.141845703125
3113.24365234375
3032.7548828125
2954.9462890625
2885.617919921875
2823.37890625
2755.642578125
2690.90771484375
2626.23046875
2566.01220703125
2506.447021484375
2449.66943359375
2397.21240234375
2345.136962890625
2296.706787109375
2249.98876953125
