20000.0
20000.0
20000.0
20000.0
20000.0
20000.0
20000.0
20000.0
20000.0
20000.0
20000.0
20000.0
20000.0
20000.0
20000.0
20000.0
20000.0
20000.0
20000.005859375
20000.0
20000.0
19999.998046875
20000.0
20000.0
20000.0
20000.0
20000.0
19999.99609375
20000.0
20000.0
19999.998046875
20000.0
20000.0
20000.0
20000.0
20000.0
20000.0
20000.0
19999.9765625
19356.16015625
18416.734375
17675.115234375
17099.544921875
16547.857421875
16071.8291015625
15626.634765625
15231.6005859375
14856.447265625
14513.8916015625
14210.333984375
13925.3095703125
13669.4833984375
13424.1796875
13193.8681640625
12999.302734375
12799.0185546875
12619.0244140625
12445.822265625
12288.162109375
12135.48046875
11990.6845703125
11855.9833984375
11725.69921875
11607.5751953125
11492.9990234375
11385.2412109375
11292.9052734375
11196.0361328125
11106.984375
11019.43359375
10938.1162109375
10857.353515625
10778.5
10704.931640625
10629.953125
10557.693359375
10481.9541015625
10404.3994140625
10332.25
10245.3349609375
10146.599609375
10038.33984375
9926.9775390625
9800.0966796875
9672.265625
9528.6123046875
9369.2041015625
9166.1943359375
8822.5888671875
8479.2314453125
8152.35791015625
7798.43896484375
7480.54638671875
7177.68310546875
6903.279296875
6631.11376953125
6368.02294921875
6134.93310546875
5912.77734375
5711.22705078125
5514.396484375
5334.7041015625
5179.28955078125
5015.19775390625
4864.98193359375
4719.51806640625
4584.84375
4450.91552734375
4321.74072265625
4200.60791015625
4079.08447265625
3965.08349609375
3849.7333984375
3739.204345703125
3643.8896484375
3543.095947265625
3449.5341796875
3356.781982421875
3270.49951171875
3185.001708984375
3103.094970703125
3027.055419921875
2958.450439453125
2893.313720703125
2826.73974609375
