20000.0
20000.0
20000.0
20000.0
20000.0
20000.0
20000.0
20000.0
20000.0
20000.0
20000.0
20000.0
20000.0
20000.0
20000.0
20000.001953125
20000.0
20000.0
20000.0
20000.0
20000.0
20000.0
20000.0
20000.0
20000.0
20000.0
20000.0
20000.0
19999.998046875
19999.998046875
19999.994140625
20000.0
20000.0
19942.87109375
18618.705078125
17666.07421875
16942.845703125
16328.41796875
15785.5263671875
15281.2880859375
14818.4365234375
14437.7294921875
14053.5166015625
13717.9716796875
13402.1162109375
13121.0830078125
12852.2451171875
12604.74609375
12384.37109375
12173.40234375
11984.8408203125
11800.8369140625
11628.1748046875
11481.1484375
11329.91015625
11194.140625
11062.6298828125
10943.880859375
10828.1064453125
10719.42578125
10620.70703125
10524.744140625
10437.25
10352.390625
10272.3857421875
10203.4013671875
10130.3017578125
10062.10546875
9994.9423828125
9931.44140625
9866.3623046875
9800.279296875
9732.71484375
9652.5693359375
9568.5263671875
9475.154296875
9376.63671875
9281.9541015625
9174.73828125
9064.8515625
8926.419921875
8785.265625
8532.783203125
8209.2197265625
7881.98291015625
7543.07763671875
7230.07275390625
6929.744140625
6648.75537109375
6409.09912109375
6149.53662109375
5915.50341796875
5693.8759765625
5494.12548828125
5306.50634765625
5132.10205078125
4968.54248046875
4805.8212890625
4656.18798828125
4511.1484375
4373.357421875
4253.46435546875
4125.396484375
4004.536865234375
3882.839599609375
3770.170654296875
3658.380615234375
3551.519287109375
3452.899658203125
3355.728759765625
3265.860107421875
3176.99755859375
3092.010009765625
3018.24072265625
2939.940185546875
2868.388916015625
2803.128662109375
2740.26953125
2676.260986328125
2613.8642578125
2555.2119140625
2496.6806640625
2442.160400390625
2387.505126953125
