20000.0
20000.0
20000.0
20000.0
20000.0
20000.0
20000.0
20000.0
20000.0
20000.0
20000.0
20000.0
20000.0
20000.0
20000.0
20000.0
20000.0
19999.9140625
20000.0
20000.0
20000.0
20000.0
20000.0
20000.0
19999.998046875
20000.0
20000.0
20000.0
20000.0
20000.0
19999.998046875
20000.0
20000.0
20000.0
20000.0
19345.11328125
18416.02734375
17617.55859375
16957.326171875
16368.7158203125
15836.7822265625
15396.8359375
14959.029296875
14572.07421875
14213.3974609375
13895.421875
13593.943359375
13314.03125
13064.4990234375
12827.2529296875
12614.8759765625
12411.1376953125
12219.72265625
12057.091796875
11887.4921875
11735.06640625
11588.06640625
11454.9384765625
11326.30078125
11204.87109375
11093.912109375
10985.888671875
10887.6484375
10790.7392578125
10697.462890625
10616.341796875
10528.3037109375
10443.6015625
10357.0341796875
10271.4873046875
10179.7626953125
10070.1005859375
9956.4697265625
9832.5947265625
9709.255859375
9577.63671875
9443.5029296875
9299.404296875
9131.966796875
8866.2197265625
8512.5556640625
8158.095703125
7794.041015625
7450.083984375
7140.51171875
6842.59423828125
6571.728515625
6297.78564453125
6046.9931640625
5837.849609375
5621.7646484375
5427.56005859375
5244.15380859375
5072.708984375
4903.35546875
4743.13037109375
4597.759765625
4454.615234375
4321.3564453125
4186.3779296875
4056.87158203125
3943.986083984375
3824.110107421875
3712.956298828125
3603.484130859375
3502.528564453125
3402.87353515625
3307.552001953125
3219.193115234375
3131.806396484375
3050.695556640625
2970.35107421875
2898.61865234375
2836.821533203125
2769.004150390625
2704.68896484375
2640.124267578125
2578.667236328125
2517.72998046875
2459.5712890625
2405.950439453125
2352.799072265625
2303.108642578125
2254.593017578125
