20000.0
20000.0
20000.0
20000.0
20000.0
20000.0
20000.0
20000.0
20000.0
20000.0
20000.0
20000.0
20000.0
20000.0
20000.0
20000.0
19999.564453125
20000.0
20000.0
20000.0
20000.0
20000.0
20000.0
20000.0
20000.0
19999.99609375
20000.0
20000.0
20000.0
20000.0
19999.671875
20000.0
20000.0
20000.0
20000.0
19554.71875
18435.658203125
17607.556640625
16900.787109375
16328.8759765625
15800.705078125
15321.6904296875
14922.3076171875
14521.677734375
14166.943359375
13838.2119140625
13546.373046875
13269.501953125
13011.708984375
12781.6064453125
12562.3388671875
12365.9248046875
12178.0009765625
12003.4677734375
11852.2373046875
11694.2060546875
11552.322265625
11416.337890625
11292.29296875
11173.234375
11061.4814453125
10959.318359375
10859.103515625
10767.9169921875
10678.3564453125
10593.2294921875
10519.43359375
10440.2568359375
10366.3828125
10290.619140625
10217.8095703125
10141.9384765625
10061.6962890625
9975.806640625
9873.8642578125
9769.28515625
9656.638671875
9529.5595703125
9419.6337890625
9269.703125
9114.6630859375
8877.8798828125
8537.798828125
8177.31494140625
7808.22900390625
7468.388671875
7144.78955078125
6852.1474609375
6568.47412109375
6290.16943359375
6058.609375
5823.7900390625
5611.87939453125
5408.4521484375
5229.63134765625
5051.0478515625
4881.19921875
4726.046875
4575.67578125
4436.6875
4298.626953125
4165.40869140625
4048.563720703125
3922.384765625
3804.148193359375
3687.92236328125
3580.75341796875
3475.257568359375
3374.51513671875
3281.216552734375
3189.176513671875
3104.07373046875
3019.915771484375
2941.1279296875
2877.792724609375
2808.132080078125
2741.8232421875
2675.16552734375
2612.655029296875
2550.533935546875
2490.979248046875
2436.087158203125
2381.80029296875
2330.338134765625
2279.23974609375
