20000.0
20000.0
20000.0
20000.0
20000.0
20000.0
20000.0
20000.0
20000.0
20000.0
20000.0
20000.0
20000.0
20000.0
20000.0
20000.001953125
20000.0
19999.14453125
20000.0
20000.0
20000.0
20000.0
20000.0
20000.0
19999.998046875
20000.0
20000.0
20000.0
20000.0
20000.0
20000.0
20000.0
20000.0
20000.0
18962.427734375
17967.845703125
17551.59375
17192.3671875
16553.298828125
15996.4013671875
15479.654296875
15005.298828125
14614.5791015625
14220.974609375
13876.9375
13553.6015625
13266.142578125
12991.17578125
12738.291015625
12513.1142578125
12297.666015625
12104.841796875
11917.6806640625
11740.8349609375
11590.9326171875
11436.947265625
11298.47265625
11165.0146484375
11043.7353515625
10925.8212890625
10815.373046875
10714.908203125
10616.9912109375
10528.1220703125
10441.8017578125
10360.0439453125
10289.5654296875
10214.4951171875
10144.8154296875
10075.841796875
10009.79296875
9941.7685546875
9870.9013671875
9795.0546875
9707.912109375
9617.017578125
9517.146484375
9412.8125
9312.54296875
9199.248046875
9066.62890625
8918.55078125
8713.3369140625
8378.85546875
8039.125
7701.28125
7365.69775390625
7063.50634765625
6771.234375
6497.19189453125
6254.64208984375
6003.443359375
5780.86474609375
5567.69189453125
5376.71533203125
5197.501953125
5023.93310546875
4862.44140625
4704.13134765625
4560.27392578125
4419.2099609375
4283.8134765625
4165.56396484375
4037.517578125
3917.4306640625
3798.738525390625
3688.3671875
3579.462646484375
3475.707275390625
3379.833251953125
3285.336669921875
3197.807861328125
3111.3662109375
3028.627197265625
2956.798095703125
2883.09228515625
2818.595458984375
2752.4248046875
2689.459716796875
2626.1171875
2564.71044921875
2507.387939453125
2449.955810546875
2396.677734375
2344.14501953125
