20000.0
20000.0
20000.0
20000.0
20000.0
20000.0
20000.0
20000.0
20000.0
20000.0
20000.0
20000.0
20000.0
20000.0
20000.0
19999.990234375
20000.0
20000.0
20000.0
20000.0
20000.0
20000.0
19999.998046875
20000.0
20000.0
20000.0
20000.0
20000.0
20000.0
20000.0
20000.0
20000.0
19999.974609375
19999.998046875
20000.0
20000.0
19652.583984375
18734.87890625
17977.1171875
17283.51171875
16681.220703125
16186.671875
15701.552734375
15277.83203125
14887.271484375
14542.58203125
14214.208984375
13911.640625
13642.7412109375
13388.1904296875
13160.8720703125
12942.919921875
12734.0478515625
12558.8115234375
12379.91796875
12218.5869140625
12063.62890625
11923.6376953125
11787.7509765625
11660.0078125
11543.0078125
11428.3115234375
11322.490234375
11217.4443359375
11116.0458984375
11025.73828125
10927.7373046875
10830.3349609375
10722.62109375
10604.3330078125
10475.1591796875
10339.939453125
10194.380859375
10046.7509765625
9873.9189453125
9683.662109375
9340.8251953125
8984.9814453125
8557.0810546875
8150.724609375
7762.38720703125
7414.08203125
7078.94677734375
6755.1572265625
6464.95166015625
6192.3388671875
5948.2783203125
5712.70458984375
5491.1103515625
5308.484375
5117.61474609375
4945.7548828125
4778.55322265625
4623.9736328125
4470.42578125
4320.1923828125
4180.7314453125
4042.997802734375
3915.502685546875
3790.37939453125
3671.656494140625
3569.19775390625
3461.012939453125
3361.029296875
3262.53662109375
3171.4619140625
3085.088134765625
3006.395263671875
2931.29736328125
2855.608154296875
2784.65869140625
2714.119873046875
2645.613037109375
2586.58837890625
2524.63134765625
2467.27197265625
2410.27734375
2358.576904296875
2308.309814453125
2260.060546875
2214.73876953125
2169.13720703125
2126.166259765625
2082.975830078125
