20000.0
20000.0
20000.0
20000.0
20000.0
20000.0
20000.0
20000.0
20000.0
20000.0
20000.0
20000.0
20000.0
20000.0
20000.0
20000.0
19999.7421875
20000.0
20000.0
20000.0
20000.0
20000.0
20000.0
20000.0
20000.0
20000.0
19999.998046875
20000.0
20000.0
20000.0
20000.0
20000.0
20000.0
20000.0
20000.0
20000.0
19999.99609375
20000.0
18958.255859375
18108.419921875
17397.546875
16858.466796875
16318.0185546875
15847.8193359375
15399.607421875
15001.79296875
14624.978515625
14284.3173828125
13982.1171875
13694.0517578125
13433.541015625
13184.6015625
12954.021484375
12760.19140625
12559.96875
12379.759765625
12202.8076171875
12039.4052734375
11882.54296875
11735.7099609375
11603.4931640625
11475.14453125
11358.0009765625
11243.88671875
11136.1826171875
11043.66015625
10946.4775390625
10857.8095703125
10771.208984375
10691.3173828125
10612.5029296875
10536.5869140625
10465.8330078125
10395.21875
10328.080078125
10258.62109375
10187.767578125
10120.4482421875
10036.10546875
9947.6455078125
9851.16015625
9753.7578125
9643.515625
9534.3623046875
9417.9619140625
9277.63671875
9134.77734375
8868.6494140625
8545.9501953125
8241.6962890625
7898.8154296875
7580.53662109375
7275.58837890625
6998.79296875
6729.8134765625
6468.865234375
6228.0576171875
6000.21923828125
5795.5244140625
5596.88720703125
5412.3505859375
5257.82763671875
5092.251953125
4939.14111328125
4789.13671875
4652.837890625
4518.32275390625
4388.66845703125
4267.20654296875
4144.02294921875
4028.2705078125
3913.3974609375
3802.901611328125
3706.865966796875
3605.247802734375
3511.12646484375
3417.919677734375
3331.282470703125
3245.37646484375
3163.161376953125
3086.810302734375
3011.03076171875
2944.283447265625
2880.19091796875
