20000.0
20000.0
20000.0
20000.0
20000.0
20000.0
20000.0
20000.0
20000.0
20000.0
20000.0
20000.0
20000.0
20000.0
20000.0
20000.0
20000.0
20000.0
20000.0
20000.0
20000.0
20000.0
20000.0
20000.0
20000.0
20000.0
20000.0
20000.0
20000.0
20000.0
20000.0
20000.0
20000.0
20000.0
20000.0
20000.0
20000.0
20000.0
20000.0
20000.0
20000.0
20000.0
20000.0
20000.0
20000.0
20000.0
20000.0
20000.0
20000.0
20000.0
20000.0
20000.0
20000.0
20000.0
20000.0
20000.0
20000.0
20000.0
20000.0
19999.970703125
20000.0
20000.0
20000.0
19999.998046875
20000.0
19999.904296875
20000.0
19999.998046875
20000.0
19999.998046875
20000.0
20000.0
19999.958984375
20000.0
20000.0
20000.0
20000.0
20000.0
20000.0
20000.0
20000.0
20000.0
20000.0
20000.0
20000.0
20000.0
20000.0078125
20000.0
20000.001953125
19999.99609375
19999.96875
20000.001953125
20000.0
20000.0
20000.0
20000.0
19774.578125
19180.27734375
18647.666015625
18126.099609375
17647.75390625
17200.89453125
16826.4140625
16497.919921875
16143.630859375
15807.2626953125
15449.92578125
15123.8740234375
14793.046875
14384.9482421875
14075.4296875
13785.4560546875
13520.966796875
13260.9248046875
13013.478515625
12798.326171875
12587.818359375
12398.9833984375
12187.2470703125
11892.755859375
11612.40625
11379.07421875
11186.060546875
10995.24609375
10811.5859375
10622.7265625
