20000.0
20000.0
20000.0
20000.0
20000.0
20000.0
20000.0
20000.0
20000.0
20000.0
20000.0
20000.0
20000.0
20000.0
20000.0
20000.0
19999.982421875
20000.0
20000.0
20000.0
20000.0
20000.0
20000.029296875
20000.0
19999.998046875
20000.0
20000.0
20000.0
20000.0
20000.0
20000.0
20000.0
20000.0
19999.9609375
19404.458984375
18342.2890625
17525.798828125
16841.98046875
16265.185546875
15730.673828125
15242.1748046875
14838.388671875
14432.4111328125
14078.1318359375
13745.7099609375
13450.443359375
13167.4765625
12907.9287109375
12676.873046875
12456.2802734375
12258.296875
12067.970703125
11885.708984375
11732.5146484375
11575.3759765625
11434.001953125
11298.1240234375
11173.9169921875
11054.0048828125
10941.3134765625
10838.505859375
10738.501953125
10647.7021484375
10559.1708984375
10475.1708984375
10402.3876953125
10324.82421875
10252.8828125
10180.4453125
10110.3212890625
10037.1064453125
9958.3701171875
9872.1123046875
9775.48828125
9676.224609375
9568.9609375
9452.765625
9348.0390625
9209.994140625
9063.3330078125
8863.42578125
8529.5283203125
8182.96875
7823.19384765625
7487.18310546875
7165.185546875
6873.1689453125
6590.4501953125
6315.67724609375
6082.15771484375
5845.99560546875
5634.0341796875
5429.201171875
5251.3994140625
5073.52783203125
4903.22509765625
4747.05615234375
4595.9697265625
4456.89794921875
4318.94140625
4185.7685546875
4067.476806640625
3941.328125
3824.438232421875
3708.546142578125
3601.480712890625
3496.16552734375
3395.62939453125
3302.566162109375
3210.7919921875
3125.893798828125
3041.990966796875
2961.65625
2896.56396484375
2828.36572265625
2762.98388671875
2696.847900390625
2634.65625
2572.4736328125
2512.68896484375
2456.38671875
2401.112060546875
2349.9287109375
2299.01953125
