20000.0
20000.0
20000.0
20000.0
20000.0
20000.0
20000.0
20000.0
20000.0
20000.0
20000.0
20000.0
20000.0
20000.0
20000.0
20000.0
20000.0
20000.001953125
20000.0
20000.0
20000.0
19999.998046875
20000.0
20000.0
20000.0
20000.0
20000.0
20000.0
20000.0
20000.0
20000.0
20000.0
20000.0
20000.0
20000.0
20000.0
20000.0
19999.998046875
20000.0
20000.0
19697.626953125
18820.861328125
18152.126953125
17509.158203125
16946.650390625
16430.373046875
15974.9033203125
15551.96484375
15168.1259765625
14832.51171875
14516.810546875
14233.9228515625
13961.1796875
13707.4111328125
13494.5537109375
13276.0791015625
13080.072265625
12890.5380859375
12718.146484375
12547.154296875
12387.01171875
12242.625
12103.4521484375
11976.01953125
11853.205078125
11737.2119140625
11637.669921875
11533.1416015625
11436.392578125
11340.7880859375
11250.7802734375
11161.27734375
11073.5224609375
10988.9130859375
10901.41015625
10814.837890625
10721.42578125
10613.2880859375
10508.244140625
10386.76953125
10256.4404296875
10117.7158203125
9968.3974609375
9798.3154296875
9600.75390625
9241.708984375
8871.89453125
8491.23828125
8105.31982421875
7748.98876953125
7449.83837890625
7139.74072265625
6849.87548828125
6566.05126953125
6315.37109375
6076.30419921875
5852.3662109375
5647.2021484375
5449.6337890625
5272.02392578125
5099.05615234375
4938.23095703125
4799.994140625
4653.1064453125
4516.3095703125
4379.6884765625
4251.44482421875
4120.9521484375
3996.377685546875
3881.1337890625
3767.5673828125
3662.641845703125
3558.9619140625
3459.716796875
3373.530029296875
3282.150146484375
3197.333984375
3114.533447265625
3043.775146484375
2971.291259765625
2900.197998046875
2833.28173828125
2766.31591796875
2703.92041015625
2642.085693359375
