20000.0
20000.0
20000.0
20000.0
20000.0
20000.0
20000.0
20000.0
20000.0
20000.0
20000.0
20000.0
20000.0
20000.0
20000.0
20000.0
20000.0
20000.0
20000.0
20000.0
19999.99609375
20000.0
20000.0
20000.0
20000.0
20000.00390625
19999.99609375
20000.0
20000.0
20000.0
20000.0
20000.0
20000.0
19999.998046875
20000.0
19999.998046875
19999.990234375
20000.0
19700.794921875
18746.6171875
17974.59765625
17369.46875
16785.109375
16283.01171875
15813.998046875
15396.8583984375
15004.484375
14644.6201171875
14329.220703125
14029.71484375
13761.3125
13502.0927734375
13261.646484375
13058.9013671875
12851.044921875
12663.7021484375
12482.9697265625
12317.435546875
12154.513671875
12001.263671875
11862.8720703125
11728.6337890625
11606.53515625
11488.24609375
11376.7080078125
11280.205078125
11178.9580078125
11086.5087890625
10994.9677734375
10910.28515625
10825.806640625
10744.380859375
10667.4423828125
10588.4423828125
10512.076171875
10432.8232421875
10350.1787109375
10269.3955078125
10166.5029296875
10061.375
9948.041015625
9829.1884765625
9705.9248046875
9572.21875
9425.197265625
9265.8515625
8979.9443359375
8646.263671875
8291.416015625
7971.63916015625
7636.0009765625
7335.044921875
7044.64892578125
6779.982421875
6513.04736328125
6262.81689453125
6040.1640625
5826.4716796875
5631.921875
5444.04150390625
5271.0068359375
5119.62109375
4960.18017578125
4813.9833984375
4672.18798828125
4540.720703125
4409.72412109375
4282.9716796875
4162.880859375
4041.6748046875
3929.27880859375
3817.50244140625
3710.501953125
3617.856201171875
3519.67529296875
3428.669677734375
3338.621337890625
3254.927490234375
3171.980712890625
3092.3603515625
3018.283203125
2950.489990234375
2887.21533203125
2822.369140625
