20000.0
20000.0
20000.0
20000.0
20000.0
20000.0
20000.0
20000.0
20000.0
20000.0
20000.0
20000.0
20000.0
20000.0
20000.0
20000.0
19999.748046875
20000.0
20000.0
20000.0
20000.0
20000.0
19999.998046875
20000.0
20000.0
20000.0
19999.994140625
20000.0
20000.0
20000.0
20000.0
20000.0
19997.4765625
20000.0
20000.0
20000.0
20000.0
19438.59765625
18435.974609375
17639.70703125
16978.212890625
16473.40625
15974.619140625
15535.9326171875
15115.298828125
14739.05078125
14385.267578125
14059.3544921875
13772.0478515625
13499.4736328125
13254.6611328125
13019.833984375
12799.4375
12613.0869140625
12422.046875
12248.275390625
12081.888671875
11930.9677734375
11782.552734375
11642.4951171875
11513.0146484375
11387.7763671875
11273.974609375
11163.33203125
11059.3388671875
10970.3515625
10876.828125
10790.3974609375
10705.5908203125
10627.5869140625
10550.6376953125
10476.78125
10407.4892578125
10338.142578125
10272.6376953125
10205.130859375
10137.0712890625
10075.611328125
10004.8896484375
9932.6005859375
9845.7802734375
9753.4560546875
9652.90625
9547.427734375
9434.8515625
9323.6953125
9194.978515625
9051.384765625
8891.2802734375
8601.42578125
8291.0888671875
7970.201171875
7642.99365234375
7343.701171875
7058.06103515625
6790.58837890625
6546.43359375
6298.61767578125
6073.02490234375
5858.9697265625
5659.4228515625
5488.8564453125
5317.57275390625
5159.84619140625
5002.0546875
4855.3291015625
4711.26318359375
4575.90869140625
4450.79248046875
4326.18798828125
4209.57275390625
4092.6279296875
3978.769775390625
3877.87060546875
3769.283203125
3668.70068359375
3569.3173828125
3477.34423828125
3386.462158203125
3299.2998046875
3218.139404296875
3137.58935546875
3062.62109375
2988.122802734375
