20000.0
20000.0
20000.0
20000.0
20000.0
20000.0
20000.0
20000.0
20000.0
20000.0
20000.0
20000.0
20000.0
20000.0
20000.0
19999.689453125
20000.0
20000.0
20000.0
20000.0
20000.0
20000.0
20000.0
20000.0
20000.0
19999.994140625
20000.0
20000.0
20000.0
20000.0
20000.0
20000.0
19999.99609375
20000.0
20000.0
19609.28125
18633.8203125
17822.61328125
17151.076171875
16546.296875
16010.8564453125
15574.4052734375
15136.0849609375
14750.416015625
14391.3935546875
14077.54296875
13777.3291015625
13499.54296875
13250.958984375
13014.3564453125
12803.896484375
12601.92578125
12414.3916015625
12252.8974609375
12083.82421875
11932.138671875
11786.080078125
11654.1748046875
11526.9375
11406.927734375
11298.1787109375
11190.998046875
11092.623046875
10995.4833984375
10901.8095703125
10820.2958984375
10731.5712890625
10645.654296875
10556.6611328125
10468.0322265625
10369.619140625
10254.4580078125
10134.8876953125
10006.2451171875
9868.103515625
9727.1923828125
9558.2919921875
9398.322265625
9103.65625
8741.609375
8344.12890625
7962.06396484375
7594.06640625
7254.8544921875
6948.8134765625
6647.35986328125
6368.68310546875
6107.4912109375
5866.68603515625
5662.556640625
5451.82080078125
5265.12451171875
5080.23095703125
4912.15087890625
4750.18310546875
4596.40087890625
4453.646484375
4311.56494140625
4178.38818359375
4043.490234375
3914.480712890625
3802.885498046875
3685.28369140625
3576.927490234375
3470.14208984375
3371.304931640625
3273.795166015625
3180.922119140625
3094.972900390625
3012.2607421875
2940.51123046875
2867.05517578125
2795.10888671875
2731.879150390625
2664.203369140625
2601.294921875
2539.178466796875
2481.66357421875
2424.13525390625
2368.837646484375
2318.014404296875
2268.962646484375
2223.699951171875
2178.40576171875
