20000.0
20000.0
20000.0
20000.0
20000.0
20000.0
20000.0
20000.0
20000.0
20000.0
20000.0
20000.0
20000.0
20000.0
20000.0
19999.271484375
20000.0
19999.99609375
20000.0
20000.0
20000.0
20000.0
20000.0
20000.0
19999.998046875
20000.0
20000.0
19999.998046875
20000.0
20000.0
20000.0
19999.998046875
20000.0
20000.0
19999.994140625
20000.0
19809.939453125
18866.517578125
18100.8828125
17409.1015625
16797.95703125
16304.125
15808.7529296875
15382.9775390625
14991.5185546875
14648.9208984375
14323.7216796875
14022.439453125
13753.794921875
13499.53125
13273.0927734375
13056.1748046875
12852.8134765625
12677.67578125
12498.154296875
12336.74609375
12181.8955078125
12041.9892578125
11906.58984375
11779.5693359375
11663.541015625
11549.2080078125
11443.4873046875
11337.6572265625
11235.298828125
11143.771484375
11042.6953125
10943.0595703125
10834.4833984375
10711.755859375
10576.8642578125
10432.9423828125
10280.0791015625
10115.296875
9932.685546875
9716.380859375
9305.822265625
8930.0625
8491.068359375
8081.62060546875
7695.91748046875
7348.21484375
7010.08349609375
6683.6748046875
6398.3798828125
6128.873046875
5886.04833984375
5649.33984375
5431.77587890625
5249.64697265625
5061.79296875
4892.4130859375
4725.89208984375
4571.55224609375
4418.0966796875
4268.93310546875
4128.87060546875
3991.265869140625
3864.65380859375
3740.53271484375
3622.56787109375
3520.69970703125
3413.14111328125
3313.86181640625
3216.048095703125
3128.32958984375
3046.51513671875
2965.785400390625
2889.7265625
2813.83056640625
2743.214111328125
2673.486572265625
2607.2470703125
2549.2490234375
2487.842041015625
2430.821044921875
2375.816650390625
2325.7490234375
2276.196044921875
2228.18408203125
2183.06103515625
2137.801513671875
2095.201416015625
2052.421630859375
