20000.0
20000.0
20000.0
20000.0
20000.0
20000.0
20000.0
20000.0
20000.0
20000.0
20000.0
20000.0
20000.0
20000.0
20000.0
20000.0
20000.0
20000.0
20000.0
20000.0
20000.0
20000.0
20000.0
20000.0
20000.0
20000.0
19999.998046875
20000.0
20000.0
20000.0
20000.0
20000.0
20000.0
20000.0
20000.0
20000.0
20000.0
20000.0
19999.978515625
19376.09765625
18539.732421875
17897.06640625
17277.14453125
16733.015625
16236.958984375
15795.478515625
15385.6005859375
15011.763671875
14683.7802734375
14374.93359375
14098.0693359375
13831.421875
13582.8251953125
13374.109375
13159.671875
12967.4111328125
12781.4541015625
12612.9716796875
12445.3076171875
12287.9404296875
12145.86328125
12008.513671875
11883.76171875
11762.630859375
11648.4111328125
11550.58984375
11447.7412109375
11353.0390625
11258.921875
11171.306640625
11083.572265625
10998.4765625
10916.796875
10832.359375
10750.1240234375
10661.8203125
10564.80078125
10465.5654296875
10349.2666015625
10230.2275390625
10094.0810546875
9963.1767578125
9803.1162109375
9632.92578125
9378.91796875
9017.654296875
8655.3583984375
8269.72265625
7901.47119140625
7594.244140625
7277.6240234375
6989.82373046875
6698.13427734375
6436.32080078125
6189.27099609375
5959.8935546875
5751.04296875
5545.72998046875
5365.63525390625
5187.62841796875
5020.6435546875
4879.5126953125
4730.7451171875
4592.291015625
4454.447265625
4325.39306640625
4195.90771484375
4068.474609375
3950.59619140625
3834.32470703125
3726.9248046875
3620.9931640625
3519.66015625
3431.693115234375
3338.295654296875
3251.646484375
3165.792724609375
3087.484130859375
3015.78955078125
2944.830810546875
2877.31298828125
2809.420654296875
2745.727294921875
2682.37744140625
