20000.0
20000.0
20000.0
20000.0
20000.0
20000.0
20000.0
20000.0
20000.0
20000.0
20000.0
20000.0
20000.0
20000.0
20000.0
20000.0
20000.0
20000.0
20000.0
20000.0
20000.0
20000.0
19999.998046875
20000.0
19999.994140625
20000.0
20000.0
20000.0
20000.0
20000.0
20000.0
19999.990234375
19999.966796875
20000.0
19883.349609375
18692.974609375
17831.013671875
17097.404296875
16505.263671875
15961.1728515625
15475.3857421875
15070.720703125
14663.787109375
14303.658203125
13969.8134765625
13674.4462890625
13393.5751953125
13133.3525390625
12899.9931640625
12677.5390625
12478.896484375
12288.6962890625
12111.978515625
11960.318359375
11800.162109375
11656.40625
11518.62109375
11393.0859375
11272.7451171875
11159.68359375
11056.3310546875
10955.447265625
10862.7138671875
10772.033203125
10685.4501953125
10609.970703125
10529.294921875
10453.150390625
10374.6162109375
10298.869140625
10218.6064453125
10133.80078125
10038.490234375
9930.095703125
9819.7568359375
9694.7802734375
9565.6591796875
9438.091796875
9276.7666015625
9113.3720703125
8759.484375
8415.1796875
8035.025390625
7665.89453125
7334.998046875
7018.26708984375
6731.513671875
6444.76953125
6176.08447265625
5953.23388671875
5724.8427734375
5517.5361328125
5322.986328125
5144.7822265625
4968.47314453125
4802.4580078125
4652.37109375
4504.6904296875
4367.46533203125
4230.75390625
4098.4599609375
3982.51171875
3856.58984375
3740.78955078125
3626.965576171875
3522.047119140625
3418.52197265625
3319.6005859375
3227.969482421875
3137.718017578125
3054.13818359375
2972.53662109375
2900.876953125
2836.595947265625
2766.55810546875
2700.62158203125
2634.658203125
2573.251953125
2512.44189453125
2454.64306640625
2401.037353515625
2347.19921875
2296.736572265625
2248.25
