20000.0
20000.0
20000.0
20000.0
20000.0
20000.0
20000.0
20000.0
20000.0
20000.0
20000.0
20000.0
20000.0
20000.0
20000.0
19999.94921875
20000.0
19997.998046875
20000.0
20000.0
19999.998046875
20000.0
20000.0
20000.0
20000.0
20000.0
20000.0
20000.0
20000.0
20000.0
20000.0
19999.998046875
19999.958984375
18816.271484375
17725.95703125
16923.623046875
16288.4716796875
15721.12109375
15212.1005859375
14734.3544921875
14297.9287109375
13940.7119140625
13578.3720703125
13262.947265625
12964.708984375
12698.6669921875
12443.8115234375
12209.8310546875
12000.7177734375
11800.919921875
11621.279296875
11445.982421875
11281.41796875
11141.8935546875
10997.841796875
10868.0625
10743.1171875
10629.4384765625
10518.884765625
10415.0400390625
10320.9287109375
10229.9970703125
10147.1279296875
10066.35546875
9990.68359375
9925.9912109375
9857.919921875
9795.0126953125
9732.6240234375
9675.935546875
9619.0185546875
9562.115234375
9506.42578125
9447.0048828125
9383.3564453125
9310.568359375
9231.353515625
9155.2138671875
9065.7236328125
8975.990234375
8879.1669921875
8781.509765625
8657.1025390625
8524.798828125
8337.2353515625
8031.35986328125
7736.02783203125
7421.5654296875
7115.4521484375
6854.642578125
6584.59716796875
6338.6240234375
6096.87939453125
5867.44189453125
5650.90087890625
5450.876953125
5275.0419921875
5107.83935546875
4951.23876953125
4794.13525390625
4642.4267578125
4511.736328125
4375.79150390625
4250.45849609375
4125.92529296875
4009.546142578125
3891.877197265625
3777.56298828125
3671.5498046875
3566.236572265625
3468.836669921875
3372.86474609375
3281.207763671875
3201.67041015625
3117.22998046875
3038.857177734375
2961.189208984375
2888.984619140625
2817.335693359375
2753.770751953125
2694.685302734375
2634.086669921875
2576.537353515625
2518.598388671875
