20000.0
20000.0
20000.0
20000.0
20000.0
20000.0
20000.0
20000.0
20000.0
20000.0
20000.0
20000.0
20000.0
20000.0
20000.0
20000.0
19999.662109375
19998.791015625
20000.0
19180.302734375
17770.4453125
16601.94921875
15643.115234375
14845.548828125
14190.384765625
13620.900390625
13126.0859375
12673.703125
12275.40234375
11954.9833984375
11636.8251953125
11354.419921875
11084.076171875
10819.53125
10573.2548828125
10338.845703125
10125.51171875
9920.5810546875
9738.4990234375
9590.767578125
9446.73828125
9318.71484375
9181.7158203125
9054.35546875
8930.1396484375
8816.1767578125
8701.7548828125
8589.2451171875
8483.3955078125
8377.9423828125
8279.7568359375
8181.3203125
8091.67919921875
8012.533203125
7925.646484375
7843.02734375
7759.8505859375
7681.69287109375
7603.45751953125
7527.625
7458.052734375
7389.6396484375
7325.40625
7260.51220703125
7197.67724609375
7143.7177734375
7089.64599609375
7039.28759765625
6989.25927734375
6944.7548828125
6899.798828125
6855.17431640625
6812.21923828125
6768.17333984375
6725.55810546875
6682.00390625
6640.0712890625
6603.140625
6563.21142578125
6525.8671875
6488.60498046875
6453.7041015625
6417.75341796875
6382.4052734375
6349.37060546875
6316.42041015625
6285.646484375
6255.10986328125
6225.66748046875
6197.6103515625
6166.892578125
6138.42578125
6100.24951171875
6066.33740234375
6036.24267578125
6008.28466796875
5976.79248046875
5949.07958984375
5925.796875
5904.56884765625
5883.3134765625
5862.71533203125
5845.669921875
5833.30078125
5819.1279296875
5802.24853515625
5766.0322265625
5730.2060546875
5694.046875
5613.53857421875
5527.97998046875
5441.4873046875
5356.57861328125
5280.94482421875
5197.18505859375
5118.5380859375
5043.7900390625
4976.44482421875
4910.63916015625
4847.82275390625
4788.9619140625
4728.7548828125
4670.693359375
4612.6201171875
