20000.0
20000.0
20000.0
20000.0
20000.0
20000.0
20000.0
20000.0
20000.0
20000.0
20000.0
20000.0
20000.0
20000.0
20000.0
20000.0
20000.0
20000.0
20000.0
20000.0
20000.0
20000.0
20000.009765625
20000.0
20000.0
20000.005859375
20000.0
20000.0
19999.990234375
20000.0
20000.0
20000.0
20000.0
20000.0
20000.0
20000.0
20000.0
20000.0
20000.0
20000.0
20000.0
20000.0
20000.0
20000.0
20000.0
19999.986328125
20000.0
20000.0
20000.0
20000.0
20000.0
19999.998046875
20000.0
19859.916015625
18575.630859375
17436.748046875
16396.61328125
15546.0830078125
14754.8525390625
14074.33203125
13467.8955078125
12911.34765625
12415.0576171875
11963.45703125
11563.7822265625
11174.1923828125
10810.82421875
10513.7978515625
10201.8583984375
9916.4150390625
9646.291015625
9406.5390625
9182.421875
8965.3359375
8755.9853515625
8478.9677734375
8153.38232421875
7832.85986328125
7519.72119140625
7249.33349609375
6964.89306640625
6704.78564453125
6448.9736328125
6212.09326171875
5977.99609375
5757.45166015625
5554.48291015625
5358.55908203125
5183.91162109375
5014.81982421875
4854.73974609375
4716.36474609375
4569.576171875
4431.65625
4292.97021484375
4163.888671875
4036.009521484375
3913.5322265625
3800.86962890625
3691.83349609375
3591.36767578125
3491.415771484375
3394.9541015625
3310.2509765625
3219.513916015625
3134.6142578125
3049.817626953125
2970.79931640625
2892.536865234375
2817.382568359375
2747.36767578125
2677.878662109375
2613.1875
2548.938720703125
2487.26123046875
2433.614990234375
2376.58447265625
2328.5166015625
2280.18994140625
2233.83837890625
2186.798828125
2140.867431640625
2097.615966796875
2054.439453125
2013.5919189453125
1973.234619140625
