20000.0
20000.0
20000.0
20000.0
20000.0
20000.0
20000.0
20000.0
20000.0
20000.0
20000.0
20000.0
20000.0
20000.0
20000.0
20000.0
20000.0
20000.0
20000.0
20000.0
19999.998046875
20000.0
20000.0
20000.0
19999.802734375
20000.0
19999.64453125
20000.0
20000.0
20000.0
20000.0
20000.005859375
19815.205078125
19100.63671875
18446.091796875
17852.25390625
17330.92578125
16852.203125
16421.966796875
15997.6630859375
15583.01953125
15221.7333984375
14846.294921875
14505.74609375
14175.2431640625
13873.505859375
13520.3505859375
13182.162109375
12904.3603515625
12635.2509765625
12387.7158203125
12155.111328125
11983.986328125
11834.486328125
11673.92578125
11528.68359375
11281.8125
11046.9306640625
10856.05078125
10718.52734375
10610.0185546875
10496.08984375
10381.05078125
10268.4462890625
10155.41796875
10042.5595703125
9913.4267578125
9793.82421875
9677.7861328125
9571.98046875
9472.3369140625
9382.5322265625
9300.2412109375
9215.8623046875
9133.041015625
9048.3623046875
8967.904296875
8900.3583984375
8832.1943359375
8775.2021484375
8720.0615234375
8668.3447265625
8616.1416015625
8565.4013671875
8517.7548828125
8469.087890625
8423.4287109375
8377.294921875
8333.0224609375
8294.2119140625
8252.2783203125
8212.5166015625
8172.59619140625
8135.1640625
8097.18359375
8060.06591796875
8025.19482421875
7989.72509765625
7956.33544921875
7922.6796875
7889.72119140625
7860.671875
7828.1689453125
7794.22900390625
7758.4501953125
7724.55615234375
7690.66650390625
7658.1181640625
7627.69921875
7597.2412109375
7569.00634765625
7540.53515625
7513.0302734375
7488.8486328125
7462.83544921875
7438.26953125
7413.60400390625
7390.38232421875
7367.04541015625
7344.38330078125
7323.10107421875
7301.66650390625
7281.55517578125
7261.34228515625
