20000.0
20000.0
20000.0
20000.0
20000.0
20000.0
20000.0
20000.0
20000.0
20000.0
20000.0
20000.0
20000.0
20000.0
20000.0
20000.0
20000.0
20000.0
19999.603515625
19451.50390625
17982.458984375
16692.287109375
15721.0966796875
14883.029296875
14194.3974609375
13616.1318359375
13089.7646484375
12640.4794921875
12234.4462890625
11874.681640625
11577.86328125
11274.6240234375
10975.1083984375
10691.21875
10438.6484375
10196.779296875
9972.96484375
9792.3818359375
9631.5029296875
9475.7880859375
9321.5146484375
9174.6982421875
9049.451171875
8918.8173828125
8796.044921875
8671.9892578125
8555.9462890625
8441.2314453125
8330.79296875
8231.078125
8133.90234375
8040.97412109375
7946.5322265625
7854.5966796875
7773.9013671875
7687.7177734375
7606.697265625
7528.49658203125
7456.0263671875
7383.27294921875
7316.875
7252.7431640625
7189.537109375
7131.3447265625
7074.99267578125
7023.818359375
6978.7431640625
6929.30908203125
6881.8447265625
6833.33642578125
6786.49755859375
6739.1201171875
6693.7841796875
6650.89990234375
6608.08544921875
6568.13671875
6528.369140625
6489.181640625
6442.099609375
6397.08251953125
6358.43212890625
6320.86962890625
6286.28857421875
6251.97021484375
6215.90966796875
6182.06884765625
6148.75537109375
6116.1748046875
6084.818359375
6055.28173828125
6024.798828125
5995.1435546875
5970.591796875
5948.28173828125
5926.794921875
5904.13671875
5887.9072265625
5876.361328125
5859.6162109375
5827.8017578125
5790.19482421875
5750.90185546875
5684.2392578125
5593.36376953125
5505.30126953125
5415.91650390625
5330.83544921875
5245.15380859375
5163.42578125
5088.7734375
5015.1064453125
4947.2294921875
4879.705078125
4814.85595703125
4755.9638671875
4678.78759765625
4605.15625
4535.88720703125
4475.037109375
4417.32861328125
4363.8251953125
4313.80224609375
4262.583984375
4213.66845703125
4164.58447265625
