25400.0
25400.0
24588.638671875
24732.1015625
23902.31640625
23245.173828125
22950.740234375
22879.51953125
22968.998046875
23216.501953125
23736.896484375
24443.603515625
24694.466796875
24765.525390625
24791.91015625
24814.984375
24838.732421875
24861.75390625
24880.42578125
24913.857421875
24950.33203125
24979.9453125
25002.380859375
25021.501953125
25036.736328125
25049.94140625
25060.150390625
25070.234375
25086.3203125
25109.35546875
25160.54296875
25351.35546875
25825.06640625
27281.34375
30689.880859375
35751.703125
41117.62109375
46549.98046875
51248.703125
55209.23828125
58698.77734375
62501.34375
65464.50390625
69513.9375
74331.734375
79708.3046875
86120.1796875
93317.2421875
101219.8125
109827.984375
118096.8203125
123841.2734375
125197.609375
126656.796875
127766.8671875
128444.5234375
128788.9765625
129036.03125
129050.9140625
129044.0
128797.21875
128380.328125
127819.71875
127206.3046875
126458.7578125
125673.71875
125193.859375
124982.6953125
124946.984375
124734.5390625
124421.3125
124034.1875
123588.4296875
123134.609375
122656.7578125
122182.0
121706.28125
121243.6640625
120834.1171875
120412.21875
120039.8671875
119715.8515625
119392.8828125
119021.015625
118613.265625
118180.578125
118010.390625
117911.203125
117639.2109375
117257.109375
116816.5703125
116357.9765625
115779.78125
115158.4609375
114575.046875
114154.0625
113744.4609375
113303.453125
112951.4453125
112787.3125
112642.5234375
112505.2578125
112367.421875
112170.0234375
111929.7734375
111693.03125
111500.0390625
111352.71875
111236.0625
111122.796875
110996.53125
110879.0625
110776.453125
110696.71875
110685.609375
110707.3046875
110734.84375
110761.2578125
110787.8828125
110816.265625
110843.4609375
110867.046875
110886.3203125
110834.3359375
110781.109375
