25400.0
25400.0
25400.0
25400.0
25400.0
25400.0
25400.0
25400.0
25400.0
25400.0
25400.0
25400.0
25400.0
25400.0
25400.0
25400.0
25400.0
25400.0
25400.0
30974.408203125
54102.71484375
73056.4140625
88729.0078125
101629.5390625
112050.3515625
121056.375
127781.7109375
132950.296875
137036.0625
139995.25
142755.125
145128.015625
146968.125
148341.78125
149427.46875
150399.609375
151476.734375
156225.890625
155589.890625
157668.03125
162353.71875
158333.828125
156128.59375
155748.453125
154816.265625
153185.3125
151338.6875
149659.03125
147935.5
146124.296875
144400.15625
142693.65625
141059.125
139633.0
138121.453125
136701.34375
135288.15625
134041.03125
132925.890625
131873.15625
130897.984375
129966.890625
129116.0625
128117.09375
127266.9453125
126571.53125
125829.390625
125104.578125
124370.53125
123702.734375
123003.859375
122309.9921875
121609.3046875
120884.265625
120227.7421875
119578.9609375
119004.5546875
118492.875
117935.8125
117406.8359375
116874.1015625
116381.546875
115892.5859375
115420.4375
115037.90625
114695.5078125
114354.609375
113994.96875
113634.421875
113308.75
112951.6875
112612.25
112270.46875
111945.9375
111627.515625
111317.6953125
111024.3203125
110783.1328125
110560.4921875
110309.65625
110087.640625
109928.9609375
109760.828125
109628.9921875
109647.6640625
109645.6171875
109600.4921875
109515.3515625
109400.5625
109256.4140625
109098.5703125
108921.3046875
108721.7421875
108528.1015625
108293.8671875
108058.15625
107809.640625
107525.390625
107216.5859375
106935.265625
106682.84375
106439.9140625
106218.1484375
106001.7890625
