25400.0
25400.0
25210.61328125
24541.73046875
24760.373046875
24344.697265625
23679.90234375
23418.166015625
23313.884765625
23313.658203125
23341.890625
23398.1171875
23522.16015625
23874.02734375
24630.1015625
24958.193359375
25059.3125
25092.427734375
25109.7421875
25123.794921875
25142.203125
25175.076171875
25194.93359375
25197.025390625
25198.78515625
25203.09375
25207.181640625
25210.7109375
25210.052734375
25381.984375
26164.359375
27848.869140625
32459.89453125
39197.1875
46787.39453125
54267.62890625
61825.74609375
68576.390625
73824.078125
78466.171875
82441.734375
86503.7890625
89242.0859375
90336.109375
91378.515625
92215.40625
93143.484375
94065.4765625
94776.6328125
95314.34375
95505.34375
96579.9375
98287.046875
99759.1328125
101401.515625
102907.6015625
104292.9375
105434.5078125
106454.875
107316.0546875
108205.546875
108947.40625
109457.46875
109840.7734375
110103.8984375
110328.953125
110525.7265625
110686.0
110803.1328125
110764.8671875
110716.765625
110666.171875
110593.6796875
110497.8046875
110721.859375
110996.7421875
111228.046875
111434.8984375
111614.5546875
111814.9375
111982.546875
112098.828125
112182.125
112231.796875
112259.453125
112274.359375
112272.84375
112257.1015625
112234.125
112195.796875
112143.6328125
112095.234375
112027.9375
111947.7421875
111854.3046875
111754.8046875
111643.8828125
111556.921875
111469.03125
111369.875
111281.1796875
111195.765625
111113.6484375
111040.265625
110963.4921875
110890.4453125
110812.6328125
110735.921875
110622.859375
110452.703125
110298.2890625
110163.890625
110047.4453125
109937.4765625
109829.671875
109734.3359375
109629.453125
109527.6875
109421.1328125
109317.3203125
109212.171875
109198.625
109170.3203125
109118.703125
109053.5390625
108975.0703125
