25400.0
25400.0
24607.8125
24717.353515625
24049.9296875
23267.31640625
22830.087890625
22635.6484375
22720.029296875
22986.96484375
23592.845703125
24247.978515625
24480.880859375
24551.015625
24595.04296875
24638.478515625
24696.6796875
24763.044921875
24815.91796875
24865.5234375
24906.052734375
24941.806640625
24991.064453125
25037.2421875
25072.32421875
25100.869140625
25124.953125
25146.205078125
25164.212890625
25179.880859375
25192.16796875
25202.830078125
25216.421875
25260.783203125
25403.931640625
25803.189453125
26898.23046875
29457.240234375
33737.87890625
38479.62890625
43719.0234375
48605.234375
52435.59375
56146.9765625
59408.3671875
62727.1484375
65572.7265625
68456.390625
72254.5234375
76772.046875
81677.5078125
87562.0859375
94102.515625
100766.265625
107855.421875
111475.5234375
113490.2734375
115245.71875
116710.7421875
117912.3515625
118982.0703125
119998.984375
120694.03125
121111.7265625
121399.0546875
121631.9296875
121788.9921875
121839.0625
121873.703125
121811.5546875
121634.640625
121368.5703125
121056.28125
120719.9921875
120617.96875
120589.6796875
120421.625
120257.15625
120106.4375
119951.625
120035.1328125
120012.3046875
119898.0
119710.28125
119487.1484375
119250.203125
118995.2734375
118712.328125
118426.7890625
118141.1171875
117882.203125
117606.15625
117345.0859375
117082.6015625
116857.8984375
116632.171875
116395.0546875
116170.1875
115973.1328125
115775.0
115549.28125
115300.640625
115062.1953125
114785.4609375
114504.4453125
114222.0390625
113953.21875
113733.6875
113745.203125
113673.4453125
113510.234375
113290.3515625
113010.25
112701.5
112430.765625
112109.796875
111778.5703125
111448.8046875
111243.28125
110989.421875
110807.6875
110564.890625
110357.515625
110219.9140625
110081.6484375
