25400.0
25400.0
24952.677734375
24762.060546875
24499.873046875
23727.185546875
23038.822265625
22753.35546875
22742.318359375
22960.037109375
23485.6796875
24324.5078125
24609.548828125
24687.154296875
24718.59765625
24744.2421875
24771.30859375
24800.16015625
24823.611328125
24841.953125
24874.537109375
24924.94921875
24959.775390625
24983.876953125
25002.421875
25035.7578125
25071.3359375
25172.982421875
25489.66796875
26337.392578125
29183.25
33925.19140625
40664.375
47324.84765625
54143.8515625
59930.5546875
65227.3984375
69371.5625
73102.953125
76467.5
79244.5
81816.140625
84453.3828125
86662.90625
89156.59375
91989.8046875
95844.25
100339.015625
106583.265625
109450.625
111171.6953125
113122.2890625
114672.6171875
115820.5859375
116529.8125
117123.078125
117661.9375
118044.4296875
118453.1484375
118677.875
118754.65625
118718.7109375
118579.734375
118383.7421875
118186.1953125
117980.5703125
117757.3125
117661.8125
117787.7578125
117808.25
117745.28125
117540.0
117338.6953125
117151.375
116961.7265625
116759.546875
116666.96875
116647.578125
116507.90625
116326.546875
116105.0546875
115890.5546875
115679.5
115475.3671875
115269.9296875
115065.78125
114865.2734375
114650.109375
114434.4765625
114216.875
114015.1953125
113845.734375
113685.9140625
113515.765625
113308.0234375
113078.3046875
112824.28125
112871.5546875
112826.71875
112668.3671875
112454.2109375
112184.0
111873.3046875
111574.875
111262.0546875
110941.7734375
110577.5703125
110351.8671875
110103.4765625
109825.9140625
109530.3203125
109322.3046875
109249.6640625
109162.1796875
109019.1328125
108908.0234375
108797.828125
108685.046875
108550.7265625
108400.0078125
108247.9453125
108114.6328125
107998.828125
107890.375
107794.453125
107704.28125
