25400.0
25400.0
25291.69140625
24634.525390625
24619.255859375
24337.43359375
24024.0078125
23944.537109375
23924.029296875
23925.251953125
23930.1328125
23937.576171875
23949.697265625
23965.708984375
23987.615234375
24021.875
24076.99609375
24175.2421875
24334.5078125
24872.482421875
25108.208984375
25175.51171875
25193.521484375
25199.62109375
25202.978515625
25201.533203125
25775.90625
27363.8984375
31825.26953125
39563.26953125
48159.609375
56175.41015625
64943.94921875
72180.59375
78198.296875
83101.9609375
87717.34375
91891.546875
95247.734375
98266.921875
100926.6171875
103640.8125
105993.140625
107833.4140625
109772.3125
111744.1875
113434.2734375
114441.3515625
113691.375
114516.03125
115054.609375
115896.3671875
116626.9296875
117103.078125
117439.09375
117586.40625
117739.0703125
117702.3828125
117480.359375
117096.9453125
116749.578125
116425.4296875
116106.078125
115738.8359375
115347.2578125
114916.96875
114470.078125
114375.1328125
114361.65625
114317.9765625
114356.4296875
114363.3671875
114337.921875
114275.140625
114213.0625
114142.1953125
114063.15625
113973.40625
113874.609375
113774.71875
113658.328125
113536.125
113393.96875
113243.515625
113235.8984375
113055.0703125
112829.03125
112498.0
112163.2578125
111817.46875
111477.6328125
111176.1640625
111218.0546875
111324.8828125
111312.6796875
111213.0390625
111037.328125
110806.8671875
110573.578125
110402.609375
110329.2890625
110266.5546875
110185.828125
110191.7265625
110216.609375
110209.7734375
110210.1484375
110211.4296875
110192.609375
110149.78125
110114.2890625
110096.8671875
110105.8203125
110138.4453125
110193.8125
110254.90625
110331.2109375
110409.3984375
110493.546875
110595.984375
110730.8984375
110875.3828125
111011.34375
111146.0625
111270.109375
111390.953125
