25400.0
25400.0
24606.779296875
24719.408203125
23830.33203125
23117.443359375
22785.95703125
22711.33203125
22878.013671875
23304.400390625
24100.173828125
24474.818359375
24589.5078125
24637.1015625
24670.109375
24696.697265625
24737.349609375
24781.4296875
24839.0234375
24894.408203125
24965.69921875
25018.345703125
25058.55859375
25092.998046875
25122.521484375
25146.4453125
25167.013671875
25183.9375
25197.611328125
25241.681640625
25365.966796875
25795.3203125
26988.69921875
30169.830078125
34996.828125
40352.5078125
46269.2421875
51114.515625
55452.24609375
59103.91796875
62790.515625
65941.6953125
68733.1328125
72706.828125
77638.546875
82930.59375
89427.5703125
96628.6953125
104469.625
113048.2421875
116108.3125
117960.65625
119479.0703125
120760.203125
121968.5234375
122808.5234375
123260.6484375
123568.4140625
123800.1796875
123852.875
123892.0859375
123755.9765625
123468.5078125
123095.0625
122647.625
122138.0
121773.8984375
121620.0703125
121433.53125
121372.0
121392.1484375
121267.515625
121046.96875
120783.125
120492.53125
120152.75
119797.8515625
119426.8125
119092.0234375
118733.1953125
118392.6640625
118064.6171875
117778.1875
117507.078125
117263.828125
117005.8671875
116706.2890625
116389.546875
116042.0703125
115680.390625
115356.1796875
115041.890625
115044.1953125
114913.265625
114670.1640625
114340.015625
113959.2265625
113572.3203125
113137.5078125
112776.234375
112364.1015625
112014.7109375
111738.4609375
111440.7109375
111206.4765625
111027.4453125
110843.2578125
110650.765625
110494.671875
110347.21875
110174.7578125
109979.15625
109794.0078125
109635.609375
109510.8125
109384.3359375
109268.078125
109160.109375
109071.2109375
109030.515625
109013.640625
109006.3359375
108999.8125
108997.59375
109000.1796875
