25400.0
24999.419921875
24727.193359375
23606.28125
21289.8671875
20383.404296875
19397.7265625
19026.796875
19929.08203125
21089.94140625
21942.02734375
22703.05078125
23445.13671875
24131.55078125
24734.298828125
25168.505859375
25101.517578125
25086.05078125
25097.3515625
25115.13671875
25135.93359375
25154.310546875
25171.52734375
25186.052734375
25198.291015625
25207.470703125
25213.060546875
25223.296875
25299.392578125
25632.86328125
27069.353515625
29733.90625
34733.984375
40235.9296875
45964.734375
48433.31640625
50788.42578125
53341.26953125
55736.296875
58301.69140625
60941.90234375
63869.0546875
66824.140625
69388.1796875
72022.515625
74509.9921875
77193.328125
79435.5078125
81448.9296875
83349.671875
84996.4140625
86612.265625
88192.5546875
89787.46875
91184.0390625
92358.7734375
93602.5546875
94782.4765625
95898.0234375
96935.4453125
97922.984375
98768.6953125
99487.296875
100300.6015625
101320.3203125
102258.5703125
103106.0703125
103731.2109375
104343.9609375
104989.375
105759.8359375
106381.5
106920.5703125
107382.890625
107770.828125
108120.0625
108409.90625
108658.046875
108855.59375
108998.7109375
109127.328125
109236.625
109301.2265625
109341.28125
109394.5078125
109412.6484375
109394.15625
109336.9765625
109252.15625
109150.4921875
109042.609375
108934.9765625
108804.2265625
108667.6171875
108526.3046875
108386.5078125
108239.1171875
108089.3203125
107943.125
107790.5859375
107643.234375
107492.9921875
107342.234375
107208.4765625
107065.6171875
107031.7421875
106959.7890625
106853.015625
106720.7734375
106584.8828125
106452.0
106315.7890625
106185.703125
106054.9609375
105928.1171875
105817.3359375
105698.5859375
105586.8515625
105467.578125
105343.4609375
105215.625
105092.125
104998.328125
104913.0625
104830.9453125
104742.0390625
