25400.0
25043.3515625
24743.9609375
23789.865234375
22948.810546875
22625.12109375
22944.4296875
23861.607421875
24782.03125
24886.4296875
24798.546875
24791.560546875
24822.3828125
24861.767578125
24910.685546875
24956.490234375
24999.34375
25038.16796875
25068.75
25097.296875
25119.390625
25137.455078125
25150.896484375
25167.7734375
25263.7734375
25638.728515625
27298.94921875
30669.81640625
36248.42578125
42460.0625
48222.63671875
53589.71484375
58099.0390625
62353.5859375
66069.0
69793.9140625
72679.53125
75768.6015625
79251.03125
82481.5546875
85679.1640625
89084.0
91659.765625
94083.0859375
96224.078125
98227.890625
100171.390625
101724.1015625
103073.046875
104252.7109375
105287.96875
106266.8203125
107024.9609375
107591.40625
107999.359375
108327.40625
108470.421875
108711.109375
109452.3125
110242.2421875
110850.421875
111301.53125
111651.2265625
111894.6171875
112057.5625
112145.7109375
112161.359375
112176.5078125
112260.703125
112290.75
112241.1328125
112120.7890625
111957.9609375
111779.2421875
111578.8046875
111351.9140625
111102.140625
110858.609375
110650.9375
110437.546875
110237.2265625
110037.8203125
109841.5625
109630.5078125
109414.828125
109336.609375
109188.703125
109009.484375
108815.421875
108623.4921875
108452.4375
108266.6796875
108084.6328125
107874.3125
107659.7421875
107445.078125
107234.8984375
107041.28125
106859.4375
106724.4765625
106586.7890625
106441.40625
106301.8671875
106158.171875
106046.3671875
105923.5234375
105808.6484375
105669.5625
105506.6328125
105337.1015625
105168.140625
105007.8828125
104948.46875
104820.4140625
104687.9375
104534.234375
104461.3203125
104421.5625
104380.34375
104332.6328125
104279.703125
104271.109375
104258.640625
104231.2734375
104158.8046875
