25400.0
25094.646484375
24579.787109375
23390.830078125
21601.080078125
20385.5234375
19268.185546875
18807.619140625
19247.30859375
20526.044921875
21463.89453125
22207.4453125
22909.94140625
23574.55078125
24169.453125
24727.65625
25193.763671875
25121.34765625
25095.765625
25101.541015625
25118.26171875
25137.150390625
25154.876953125
25170.453125
25185.12890625
25197.400390625
25206.673828125
25213.69921875
25218.564453125
25226.802734375
25297.427734375
25523.814453125
26493.3359375
28872.5078125
33195.2734375
38327.0625
44105.96484375
46916.875
49184.0
51378.81640625
53780.41015625
56069.29296875
58595.2890625
60998.26953125
63788.45703125
66462.890625
69098.5859375
71469.9609375
73815.7109375
76337.234375
78473.2109375
80388.984375
82064.390625
83777.1171875
85243.46875
86544.8828125
88016.7421875
89410.53125
90687.640625
91835.8046875
92955.6015625
94058.6484375
95079.6953125
96056.9453125
96987.0078125
97849.2109375
98602.265625
99211.28125
100238.5
101159.3515625
102025.375
102795.234375
103522.40625
104128.21875
104633.203125
105197.515625
105861.4765625
106431.3515625
106909.4609375
107286.296875
107649.03125
107955.8203125
108236.6171875
108474.71875
108680.671875
108849.125
108980.0
109083.921875
109181.7578125
109247.484375
109273.0625
109272.3125
109282.6328125
109286.25
109264.84375
109217.4921875
109141.328125
109045.1484375
108943.53125
108832.828125
108719.25
108593.09375
108463.3203125
108347.75
108216.15625
108083.4140625
107945.203125
107809.6875
107667.8828125
107524.9296875
107387.421875
107247.875
107117.5078125
106985.3671875
106855.78125
106793.828125
106753.5390625
106685.96875
106594.171875
106477.1875
106353.234375
106228.0
106108.875
105986.984375
105871.546875
105754.609375
