25400.0
25400.0
23352.8671875
22510.8671875
21066.333984375
20828.103515625
21546.625
22396.9375
23304.19140625
24104.580078125
24816.78515625
25029.861328125
25083.306640625
25106.521484375
25125.296875
25143.482421875
25160.0234375
25190.28515625
25212.318359375
25223.970703125
25230.443359375
25232.998046875
25440.955078125
26511.275390625
29902.208984375
36862.7890625
45100.77734375
53931.0625
59631.54296875
63769.15625
67245.3671875
69969.15625
72403.7734375
74350.109375
76180.828125
77789.484375
79057.71875
81272.625
83837.9765625
86320.5703125
89132.7890625
91355.890625
93494.1875
95370.6640625
97085.671875
98726.078125
100042.921875
101140.5546875
102092.7578125
102989.8515625
103786.984375
104464.1015625
105011.625
105422.90625
105793.921875
105989.609375
106599.15625
107293.0234375
108009.8359375
108682.359375
109228.4453125
109703.9375
110092.8671875
110438.890625
110745.4609375
110951.0546875
111125.109375
111259.828125
111371.265625
111447.234375
111490.8359375
111503.2734375
111489.109375
111450.203125
111402.375
111363.4296875
111293.09375
111219.0546875
111126.0078125
111023.0546875
110905.6328125
110785.09375
110654.5703125
110515.6015625
110372.5703125
110216.6796875
110060.484375
109897.78125
109735.9609375
109588.671875
109388.0390625
109153.1796875
108937.7734375
108751.5234375
108572.1796875
108403.1328125
108268.1484375
108209.0234375
108134.5859375
108037.6796875
107931.59375
107831.09375
107717.7890625
107610.5546875
107505.15625
107408.46875
107314.3671875
107224.203125
107140.2890625
107055.7265625
106976.5625
106895.3828125
106822.3671875
106758.921875
106684.4921875
106604.53125
106525.390625
106453.7734375
106382.4375
106311.765625
106246.0625
106170.5390625
106132.2109375
106153.3984375
