25400.0
25387.673828125
24752.005859375
24885.310546875
23279.94921875
22415.80078125
22064.228515625
21896.763671875
22171.515625
23046.400390625
23381.9296875
24492.1015625
24897.642578125
25004.33203125
25040.93359375
25057.8203125
25071.701171875
25090.21875
25108.0
25147.5234375
25165.00390625
25174.037109375
25175.990234375
25659.23046875
27226.701171875
32641.607421875
41528.66796875
50736.890625
60690.296875
69130.203125
73170.0625
76411.875
79075.390625
81198.4921875
82793.0625
84089.0859375
85661.4296875
86897.15625
87743.8984375
89672.8515625
91778.328125
93628.3359375
95829.8203125
97738.1640625
99293.734375
100761.53125
102159.40625
103304.9296875
104175.3984375
104945.984375
105625.046875
106213.359375
106693.234375
106949.46875
107147.40625
107265.8203125
107387.796875
108011.359375
108548.3359375
109109.6875
109537.84375
109887.6171875
110172.7890625
110399.09375
110592.078125
110743.4765625
110853.0859375
110914.484375
110949.40625
110955.9921875
110933.9296875
110882.8203125
110853.8984375
110803.140625
110742.234375
110664.7734375
110563.9765625
110456.7578125
110334.7421875
110198.6328125
110063.71875
109909.0
109669.765625
109448.5859375
109265.984375
109097.546875
108943.2890625
108804.40625
108674.25
108621.3515625
108613.9609375
108578.84375
108529.3125
108462.1015625
108389.5703125
108310.171875
108205.296875
108095.1640625
107983.1875
107872.0390625
107747.125
107624.9296875
107508.1171875
107406.65625
107320.90625
107230.359375
107142.5390625
107050.7890625
106959.40625
106862.5859375
106762.6875
106663.1171875
106556.5390625
106450.53125
106337.6953125
106228.3671875
106140.1796875
106059.6875
105999.4609375
105951.1484375
105911.1953125
105848.9375
105770.4140625
105683.4296875
105584.40625
105490.484375
105440.3828125
