25400.0
25400.0
25114.501953125
24628.904296875
24616.79296875
24100.103515625
23445.89453125
23112.62890625
22997.240234375
23022.41796875
23121.564453125
23320.11328125
23729.5703125
24450.5
24772.1875
24871.0625
24903.263671875
24925.373046875
24945.75390625
24964.18359375
24982.87109375
25006.30859375
25042.123046875
25061.78125
25074.54296875
25084.318359375
25091.966796875
25099.5703125
25108.90234375
25120.294921875
25131.404296875
25140.322265625
25148.86328125
25151.931640625
25311.365234375
25759.51171875
26933.82421875
29916.94140625
34722.828125
40117.91015625
45653.61328125
50804.20703125
55193.79296875
58680.07421875
62295.17578125
65266.64453125
68056.21875
70497.3984375
72699.1796875
75125.3359375
78361.546875
82477.046875
86235.6640625
91778.6171875
97885.5
103619.5625
110582.671875
118033.515625
125119.4609375
128903.109375
129659.890625
130465.6640625
131211.890625
131729.40625
131873.03125
131783.5625
131610.25
131405.875
131035.90625
130672.4453125
130185.4765625
129613.8046875
128963.109375
128285.4296875
127568.5703125
126910.328125
126521.671875
126097.0703125
125659.7421875
125381.8515625
125166.375
124851.625
124412.421875
123955.109375
123479.15625
123016.390625
122587.6328125
122153.1171875
121747.9765625
121338.3125
120931.5078125
120565.453125
120159.84375
119783.4453125
119418.7734375
119105.5078125
118783.6484375
118865.8203125
118807.3671875
118564.1953125
118221.5
117850.15625
117354.6015625
116846.59375
116287.8828125
115743.8359375
115167.5
114752.2890625
114374.1953125
113976.546875
113566.6328125
113304.0078125
113106.65625
112881.6640625
112698.15625
112625.984375
112597.125
112486.6796875
112315.1796875
112141.0234375
111986.9140625
111860.5625
111754.15625
111657.1875
111571.0234375
111484.640625
