25400.0
25338.3203125
24682.263671875
24465.3359375
22364.36328125
21577.796875
21230.029296875
21457.263671875
22430.41796875
23388.28125
24430.7890625
24917.611328125
25040.2890625
25068.326171875
25090.0703125
25112.72265625
25133.294921875
25151.251953125
25182.44921875
25204.322265625
25214.70703125
25213.0390625
26007.333984375
28448.0390625
35100.51953125
44648.83203125
54204.43359375
63092.07421875
68081.640625
71970.71875
75082.8515625
77577.5703125
79643.5078125
81228.84375
82614.2421875
83983.03125
85224.3828125
86205.6015625
86755.4140625
88634.4140625
90591.9921875
92565.4140625
94684.890625
96343.5234375
97959.265625
99309.9453125
100682.59375
101748.4609375
102621.5078125
103373.296875
104022.8828125
104634.453125
105121.96875
105462.4140625
105705.796875
105907.203125
106484.8515625
107094.5546875
107628.390625
108156.453125
108637.15625
109021.8828125
109323.078125
109583.6328125
109792.6328125
109972.078125
110116.5546875
110216.2421875
110296.078125
110341.0
110338.0078125
110312.3125
110266.484375
110231.2421875
110194.203125
110140.671875
110078.7734375
109992.9296875
109895.203125
109798.2734375
109676.9296875
109548.7734375
109408.6171875
109268.671875
109034.6640625
108827.78125
108653.5859375
108492.4296875
108345.4375
108199.34375
108060.6484375
107993.421875
107969.6328125
107928.2109375
107869.5625
107804.4375
107733.1640625
107659.5390625
107585.9140625
107507.6484375
107429.6640625
107346.8046875
107260.8828125
107163.5703125
107050.296875
106951.046875
106864.390625
106782.3671875
106701.3828125
106620.2421875
106540.484375
106456.1015625
106372.09375
106282.828125
106190.6015625
106104.28125
106005.6796875
105907.4375
105834.671875
105810.9609375
105852.9453125
105881.09375
105894.3671875
105891.375
105877.7421875
105852.1875
