25400.0
25015.41015625
24847.984375
24849.525390625
23799.3125
22311.404296875
21294.701171875
21466.853515625
22228.220703125
22607.59375
23406.560546875
24298.001953125
25048.1015625
24902.384765625
24881.79296875
24905.357421875
24940.533203125
24975.98046875
25012.55859375
25045.591796875
25073.8359375
25100.384765625
25122.66015625
25140.28515625
25154.3125
25165.259765625
25172.708984375
25207.85546875
25403.650390625
26342.25390625
28786.46484375
33436.33203125
38414.27734375
44537.53125
49883.8125
54766.42578125
59391.3203125
62817.2421875
66456.7421875
70203.34375
73780.5625
76972.3046875
80534.390625
83621.4609375
86003.3828125
88448.515625
90558.0625
92683.9609375
94684.265625
96406.5
97972.0390625
99383.8671875
100648.046875
101852.4140625
102856.109375
103659.1484375
104276.5078125
104858.046875
105330.1484375
106041.3125
106721.7265625
107605.25
108425.4609375
109067.03125
109614.609375
110049.6328125
110403.65625
110671.15625
110847.7578125
110975.6484375
111069.25
111144.65625
111228.0078125
111273.96875
111250.46875
111166.8359375
111037.1328125
110897.0703125
110734.25
110557.4609375
110386.0234375
110185.890625
109991.8515625
109785.6015625
109599.703125
109413.625
109225.171875
109041.1015625
108853.0390625
108668.140625
108585.0078125
108464.1328125
108323.9140625
108149.765625
107973.5703125
107791.109375
107617.6015625
107441.6875
107270.109375
107109.8125
106936.3671875
106758.2265625
106576.296875
106396.109375
106255.0390625
106125.6484375
106000.0546875
105864.15625
105725.3984375
105578.859375
105432.1875
105293.40625
105150.53125
105012.9609375
104909.8125
104813.796875
104731.8515625
104658.21875
104564.546875
104441.453125
104287.8984375
104101.7578125
103932.2265625
103775.5
103663.40625
103607.28125
103533.4140625
