25400.0
25227.98046875
23725.69921875
22585.25390625
20896.259765625
20254.669921875
19980.125
20114.05859375
20528.166015625
21008.68359375
21966.416015625
22998.451171875
24622.681640625
25049.81640625
25097.474609375
25110.404296875
25126.724609375
25144.818359375
25163.37109375
25187.689453125
25214.09765625
25228.49609375
25235.912109375
25238.5625
25539.06640625
26846.953125
31428.685546875
39316.1953125
48172.72265625
54857.1484375
59560.92578125
63510.76953125
66284.7421875
68984.46875
71195.703125
73195.8828125
74910.0625
76451.9296875
79754.3203125
82398.15625
85304.5078125
88034.3515625
90461.1875
92672.890625
94454.625
96392.71875
97871.40625
99173.5703125
100286.234375
101362.9140625
102302.5390625
103053.0703125
103690.6171875
104201.3828125
104579.65625
105060.796875
105857.109375
106768.25
107537.0859375
108209.5234375
108763.1875
109256.109375
109693.1640625
110065.9375
110402.609375
110679.765625
110890.1015625
111026.2265625
111111.2421875
111165.96875
111186.7265625
111187.6484375
111197.3125
111169.3515625
111125.34375
111071.75
110997.3203125
110906.734375
110799.1328125
110667.7734375
110534.34375
110379.65625
110225.8828125
110065.234375
109911.5390625
109746.546875
109575.46875
109358.1328125
109109.546875
108895.140625
108695.4453125
108508.65625
108402.9921875
108330.015625
108236.7109375
108119.8359375
107999.03125
107867.7578125
107732.6171875
107600.3515625
107464.9140625
107336.6953125
107209.0390625
107086.4140625
106980.9140625
106873.6484375
106775.8671875
106691.53125
106611.8203125
106529.7578125
106444.2578125
106363.7890625
106286.578125
106215.3828125
106146.046875
106080.140625
106021.1328125
105968.1640625
105967.3828125
106022.3828125
106062.1875
106092.8203125
106112.9921875
106108.4453125
106095.046875
106076.203125
106060.3671875
