25400.0
25400.0
24456.16796875
22853.125
21652.2578125
20935.826171875
20870.376953125
21573.34765625
22433.96484375
23640.67578125
24642.296875
24959.638671875
25021.564453125
25036.6015625
25054.33203125
25074.400390625
25094.6328125
25112.345703125
25127.646484375
25146.697265625
25175.998046875
25190.916015625
25198.658203125
25203.056640625
25201.55078125
25611.712890625
26820.099609375
30717.1796875
37618.7734375
45617.32421875
53253.8984375
60838.33984375
64984.41015625
68337.8828125
71004.484375
73465.9765625
75391.6328125
76991.4609375
78550.140625
79956.8046875
81098.8515625
83117.84375
85164.46875
87361.7890625
89756.796875
92073.390625
94037.2265625
95900.4609375
97530.421875
99110.171875
100479.0703125
101549.71875
102516.703125
103368.1953125
104115.8046875
104844.3359375
105422.125
105905.734375
106242.6875
106481.2421875
106713.1640625
106924.84375
107450.5625
108184.4921875
108812.2421875
109343.4765625
109752.9765625
110106.1015625
110398.703125
110664.0546875
110887.5234375
111081.3359375
111237.203125
111365.7734375
111460.0078125
111518.0546875
111545.9375
111546.78125
111535.9765625
111539.9375
111525.6328125
111488.25
111432.578125
111359.75
111278.28125
111189.875
111085.6953125
110972.4296875
110843.7109375
110706.203125
110577.640625
110429.2734375
110287.109375
110083.859375
109868.015625
109670.3984375
109492.453125
109329.78125
109169.1484375
109019.359375
108955.8046875
108897.765625
108826.8984375
108730.9765625
108627.6640625
108516.96875
108409.4375
108302.078125
108200.8203125
108107.5859375
108014.9140625
107927.4453125
107839.6640625
107752.859375
107675.2578125
107589.546875
107509.1328125
107430.6953125
107359.46875
107288.515625
107218.2109375
107138.2109375
107055.609375
106976.6328125
106895.109375
