25400.0
25128.177734375
24913.712890625
24729.421875
22618.193359375
21220.912109375
20037.916015625
19601.84375
20329.71484375
21421.099609375
22208.962890625
22939.95703125
23660.2734375
24338.330078125
24944.8828125
25078.3828125
25031.517578125
25037.3125
25053.748046875
25075.697265625
25099.130859375
25121.078125
25141.115234375
25158.45703125
25174.759765625
25188.029296875
25198.494140625
25206.55078125
25212.4453125
25219.5
25275.91015625
25457.8046875
26278.64453125
28411.876953125
32365.833984375
37276.10546875
42793.90234375
47925.7265625
50741.4140625
52810.046875
55310.61328125
57739.33203125
60386.64453125
62911.97265625
65885.1484375
68666.890625
71415.625
73840.4765625
76483.484375
79018.890625
81136.6328125
83051.265625
84854.9140625
86480.6328125
88055.96875
89515.875
91077.484375
92399.625
93645.65625
94805.7734375
95979.4140625
97039.8203125
98016.015625
98977.765625
99769.8984375
100476.9765625
101098.3671875
101612.9296875
102565.8046875
103386.3359375
104138.0390625
104688.6328125
105251.7421875
105943.1875
106617.3125
107196.75
107664.5234375
108088.953125
108461.171875
108756.7421875
109033.3828125
109256.2265625
109440.59375
109576.078125
109677.4765625
109778.2109375
109843.9765625
109878.828125
109929.25
109958.1484375
109946.96875
109906.1953125
109830.484375
109734.7578125
109626.7890625
109513.8359375
109389.265625
109256.21875
109119.890625
108975.1484375
108834.8984375
108691.21875
108545.578125
108413.6875
108267.7265625
108128.34375
107988.1328125
107854.5703125
107717.7265625
107561.3984375
107464.7265625
107400.4453125
107309.90625
107194.0703125
107067.7890625
106949.5546875
106817.0
106688.8046875
106558.1171875
106433.640625
106309.8203125
106188.8984375
106074.6328125
105959.7421875
105844.5
105717.1015625
