25400.0
25007.375
24772.162109375
24305.724609375
22981.548828125
22120.806640625
22422.265625
23084.904296875
23860.0390625
24726.82421875
24938.208984375
24841.98828125
24834.5390625
24858.37109375
24892.611328125
24926.5390625
24963.201171875
24996.314453125
25024.15625
25050.5390625
25072.884765625
25092.091796875
25108.6875
25120.828125
25137.11328125
25198.796875
25487.728515625
26732.08984375
29556.00390625
34484.49609375
39612.0546875
45626.23046875
50649.9140625
55287.90234375
59726.1875
63684.7421875
66608.90625
70059.6015625
73570.046875
76879.65625
80144.4765625
83569.46875
86184.1953125
88701.3671875
90954.3671875
93170.46875
95343.1640625
97164.796875
98795.3203125
100226.0078125
101547.09375
102775.390625
103777.5625
104573.6796875
105175.1484375
105713.6484375
106039.6875
106344.1953125
107149.8515625
108124.4375
108893.4921875
109495.7265625
109987.3359375
110357.9453125
110646.640625
110847.7265625
110962.8359375
111156.7890625
111334.3984375
111429.6875
111439.53125
111376.953125
111279.6484375
111158.1328125
111006.5078125
110839.984375
110653.21875
110453.640625
110258.6484375
110059.484375
109871.1640625
109676.6953125
109485.53125
109283.6171875
109135.265625
109046.8203125
108902.4296875
108735.3984375
108560.203125
108388.203125
108234.1953125
108068.625
107900.6328125
107704.890625
107512.0859375
107317.2265625
107122.0390625
106941.6328125
106788.265625
106660.1640625
106525.78125
106383.15625
106248.546875
106094.1015625
105940.65625
105778.6953125
105621.7109375
105461.3046875
105308.765625
105187.890625
105106.546875
105048.09375
104958.0546875
104792.15625
104644.703125
104490.3515625
104349.0390625
104203.3984375
104063.9921875
103972.0546875
103945.8828125
103902.5625
103912.2734375
103930.6640625
103913.8671875
