25400.0
25400.0
24689.69140625
23902.0
22574.876953125
21630.84765625
20935.421875
20896.384765625
21180.591796875
21580.38671875
22486.1640625
23758.69140625
24625.662109375
24910.908203125
24979.68359375
24989.333984375
25003.31640625
25022.265625
25042.1484375
25061.03125
25077.06640625
25093.236328125
25124.662109375
25141.58203125
25150.666015625
25155.447265625
25157.72265625
25259.91796875
25940.087890625
27818.33203125
32933.17578125
40331.00390625
47217.6328125
55247.1484375
62156.90234375
65886.7421875
68771.40625
71313.140625
73543.9140625
75433.5703125
77097.234375
78684.6328125
80678.7109375
83169.1015625
85208.7421875
87593.1875
90183.34375
92469.640625
94510.8828125
96395.5859375
98172.5703125
99734.4765625
101025.8828125
102114.5390625
103096.171875
104021.234375
104781.8984375
105471.9765625
106014.1328125
106440.8515625
106705.2890625
106974.84375
107237.9765625
107532.3671875
108205.3515625
108869.890625
109451.359375
109947.0625
110300.9609375
110640.65625
110928.75
111183.34375
111389.6640625
111572.0234375
111714.5546875
111812.296875
111875.3515625
111905.296875
111924.3046875
111957.953125
111971.8125
111965.921875
111922.6796875
111852.5546875
111778.3359375
111690.9375
111589.40625
111478.0390625
111349.8125
111216.9140625
111073.3515625
110921.6796875
110784.7265625
110582.4375
110357.734375
110149.8671875
109968.4375
109793.015625
109624.5078125
109494.453125
109441.8359375
109369.46875
109272.25
109159.9609375
109051.7890625
108928.15625
108809.78125
108689.9921875
108579.1640625
108470.515625
108367.765625
108271.984375
108175.765625
108083.9453125
107990.4921875
107898.03125
107825.34375
107744.6796875
107668.71875
107591.953125
107514.921875
107424.3125
107337.0546875
107253.171875
107165.8515625
107080.6484375
106991.78125
