25400.0
25400.0
24663.044921875
24195.599609375
22363.044921875
21983.982421875
22712.609375
23273.3515625
23937.5625
24724.62109375
24986.09765625
25055.4296875
25077.693359375
25089.3671875
25107.328125
25126.791015625
25144.708984375
25174.5703125
25199.04296875
25211.501953125
25218.228515625
25221.818359375
25330.21484375
26207.369140625
28933.259765625
35207.92578125
43130.83203125
51639.90234375
59933.625
66920.15625
70876.34375
73709.7421875
76249.6640625
78220.359375
80049.8671875
81640.1171875
82859.4765625
85018.109375
87549.6484375
90090.4765625
92877.65625
95028.03125
97166.2421875
98970.234375
100712.2890625
102184.546875
103375.84375
104395.046875
105244.3046875
106088.6484375
106756.21875
107290.21875
107665.3125
107871.234375
108090.0703125
108280.515625
108506.9765625
109270.84375
109854.546875
110323.8359375
110704.2578125
111029.0234375
111298.2265625
111534.265625
111726.2109375
111862.28125
111982.8515625
112057.6328125
112094.203125
112095.8515625
112051.359375
112024.390625
111989.546875
111943.5625
111880.75
111791.234375
111687.5078125
111581.2109375
111446.4375
111302.4140625
111143.90625
110981.9375
110810.890625
110609.7421875
110362.9453125
110135.0078125
109939.3125
109751.3359375
109573.203125
109416.9140625
109332.5234375
109274.453125
109192.90625
109102.21875
109003.625
108904.828125
108809.1484375
108714.625
108621.3359375
108525.53125
108429.484375
108341.8203125
108236.6171875
108118.0078125
107993.640625
107881.359375
107776.125
107675.0859375
107577.71875
107480.921875
107388.90625
107294.0390625
107198.1953125
107110.046875
107011.609375
106914.015625
106811.8203125
106710.3984375
106602.6015625
106496.6875
106397.265625
106304.078125
106240.9296875
106211.8984375
