25400.0
25132.171875
24950.857421875
23917.4296875
21871.287109375
20350.11328125
20953.658203125
21750.53125
22492.392578125
23192.30078125
23909.58984375
24593.685546875
25130.88671875
25018.138671875
24996.556640625
25013.41796875
25036.779296875
25063.6328125
25088.734375
25111.869140625
25133.150390625
25151.7734375
25169.302734375
25182.771484375
25194.205078125
25202.88671875
25209.197265625
25213.962890625
25260.701171875
25420.046875
26164.490234375
28190.708984375
31991.578125
36840.43359375
42256.90625
47399.77734375
51474.62890625
53451.6875
55845.59375
58102.66015625
60641.42578125
63071.20703125
65994.6875
68799.484375
71584.53125
74093.3828125
76718.375
79373.859375
81584.6015625
83569.65625
85386.328125
87086.0234375
88729.7421875
90278.015625
91866.015625
93205.84375
94476.125
95694.5
96864.84375
97916.0390625
98949.0703125
99869.140625
100624.140625
101296.2265625
101894.2109375
102380.1953125
103046.3515625
103798.4375
104424.40625
105023.5234375
105834.90625
106569.3203125
107162.4765625
107693.9609375
108143.9140625
108544.859375
108883.25
109139.5
109368.3671875
109542.2578125
109676.1484375
109787.34375
109892.3515625
110008.25
110099.7578125
110148.3125
110147.46875
110105.921875
110032.96875
109955.421875
109856.765625
109746.875
109624.1640625
109494.953125
109350.296875
109197.7109375
109059.3984375
108920.5546875
108784.890625
108645.5
108504.25
108374.34375
108228.8359375
108070.5234375
107910.625
107843.2734375
107764.2734375
107654.3984375
107532.2734375
107398.3515625
107266.203125
107130.8828125
106998.4609375
106881.2734375
106754.1484375
106635.6640625
106518.3125
106398.9453125
106264.2890625
106129.09375
106000.8671875
105872.1015625
105748.8828125
105656.3671875
