25400.0
25089.888671875
24834.26171875
24799.833984375
22899.244140625
21501.064453125
20422.087890625
20119.46875
21241.087890625
22399.78125
23269.056640625
24081.138671875
24862.298828125
25012.71484375
24971.87890625
24978.09765625
25000.814453125
25032.19921875
25064.576171875
25091.28125
25117.904296875
25140.814453125
25161.580078125
25177.912109375
25191.974609375
25202.236328125
25209.896484375
25220.271484375
25282.759765625
25576.888671875
26856.8984375
29322.123046875
34061.51171875
39338.375
45280.07421875
50404.14453125
54085.98046875
56808.3046875
59954.3203125
63171.1484375
66580.3828125
69878.0390625
73033.4375
75642.65625
78710.6328125
81447.6484375
83851.90625
85921.453125
87965.5234375
89743.28125
91450.375
93246.2265625
94744.1640625
96119.2890625
97393.0
98491.6953125
99565.453125
100556.0703125
101460.234375
102187.3671875
102825.78125
103399.34375
104353.921875
105208.984375
105944.6484375
106497.8125
107029.1015625
107628.3671875
108279.109375
108782.78125
109207.9765625
109554.1875
109859.0078125
110110.7421875
110304.9609375
110453.8359375
110555.0859375
110615.4765625
110672.578125
110691.0546875
110661.578125
110642.265625
110623.03125
110571.2421875
110477.3046875
110349.6015625
110203.9765625
110049.796875
109895.3984375
109729.421875
109556.6953125
109405.3359375
109237.703125
109076.609375
108915.96875
108756.2578125
108578.765625
108406.7578125
108243.84375
108077.7890625
107916.1484375
107759.4609375
107699.3515625
107609.625
107478.90625
107336.9296875
107181.9296875
107030.8671875
106876.2109375
106723.671875
106579.28125
106432.9453125
106294.078125
106154.7265625
106020.3046875
105893.8515625
105744.875
105601.6640625
105467.7421875
105366.6953125
105263.8125
105157.0703125
105051.6015625
104940.59375
104830.1875
104714.6796875
