25400.0
25400.0
24902.99609375
24781.8125
24393.470703125
23856.884765625
23121.05078125
22769.408203125
22679.111328125
22836.076171875
23223.984375
23993.978515625
24445.8125
24585.291015625
24631.71484375
24664.849609375
24691.7421875
24717.0
24755.75
24803.615234375
24864.509765625
24915.021484375
24980.486328125
25022.859375
25052.4921875
25075.662109375
25095.41015625
25114.595703125
25133.638671875
25169.458984375
25300.205078125
25634.67578125
26538.37890625
29341.76953125
34328.6875
40251.07421875
46391.17578125
52443.30859375
57440.16015625
62214.359375
65982.03125
69371.84375
72504.5546875
74932.015625
77310.5703125
79492.4140625
81787.15625
83978.1875
86326.625
89563.6796875
93170.296875
98180.1875
103786.2890625
110031.7890625
113634.578125
115441.6953125
117038.1171875
118082.34375
118926.7578125
119709.3125
120331.8671875
120965.703125
121338.0078125
121493.1015625
121523.578125
121483.21875
121395.1875
121244.9765625
121116.140625
120904.4765625
120595.15625
120237.96875
119844.03125
119648.5234375
119504.5859375
119345.5234375
119175.8046875
118981.375
118983.3125
118960.171875
118843.4453125
118663.7265625
118424.4296875
118183.671875
117921.328125
117648.2578125
117388.6015625
117123.921875
116867.3125
116600.734375
116331.4609375
116099.671875
115917.734375
115754.765625
115562.9296875
115346.71875
115092.5234375
114814.578125
114526.609375
114232.21875
113965.4453125
113984.9921875
113905.6484375
113742.0703125
113502.6640625
113211.015625
112872.40625
112535.984375
112196.7421875
111803.5546875
111512.6953125
111224.0703125
110974.4609375
110765.625
110483.578125
110308.28125
110169.8828125
110026.9453125
109856.8984375
109727.78125
109609.296875
109484.453125
109348.1796875
109174.625
109005.6171875
108843.4609375
