25400.0
25400.0
25400.0
25400.0
25400.0
25400.0
25400.0
25400.0
25400.0
25400.0
25400.0
25400.0
25400.0
25400.0
25400.0
25400.0
25400.0
39195.0703125
52820.73828125
64459.1640625
81823.859375
97358.9375
109406.890625
119723.5703125
127455.1796875
133162.96875
137439.4375
140706.546875
143791.40625
146026.8125
147548.90625
148813.6875
149970.3125
153776.578125
155515.8125
156333.421875
154667.515625
150791.78125
148723.0
148176.296875
147150.828125
145527.546875
144022.671875
142377.453125
140722.890625
139022.40625
137428.28125
135866.96875
134382.9375
133016.15625
131675.53125
130434.4921875
129242.265625
128315.96875
127536.3828125
126717.625
126000.703125
125300.7265625
124498.0
123820.6953125
123187.0625
122588.9375
122006.53125
121472.0703125
120896.8125
120306.859375
119750.859375
119150.296875
118582.8046875
118043.109375
117521.796875
116988.15625
116473.6171875
115996.8984375
115527.0625
115110.0234375
114788.53125
114443.6171875
114117.328125
113735.8359375
113369.671875
113000.0234375
112647.515625
112291.5625
111947.0625
111619.9609375
111331.6640625
111097.34375
110851.453125
110670.734375
110498.8203125
110321.90625
110348.8203125
110340.2578125
110277.171875
110163.5390625
110012.984375
109840.21875
109630.75
109396.9140625
109122.46875
108829.5390625
108553.8359375
108208.671875
107848.671875
107503.1328125
107192.4765625
106893.0703125
106611.1640625
106353.9140625
106102.1328125
105873.953125
105654.6640625
105448.2890625
105271.859375
105087.7421875
104919.21875
104751.421875
104576.59375
104353.09375
104111.2578125
103880.453125
103659.0625
103461.796875
103275.03125
