25400.0
25400.0
25400.0
25400.0
25400.0
25400.0
25400.0
25400.0
25400.0
25400.0
25400.0
25400.0
25400.0
25400.0
25400.0
25400.0
25400.0
39641.09765625
53183.5625
64798.828125
82070.9609375
97565.2265625
109602.96875
119900.78125
127617.8359375
133307.21875
137689.125
140862.625
143907.828125
146133.40625
147651.1875
148910.3125
150073.859375
154243.265625
155229.40625
157053.015625
151473.578125
148016.8125
146063.5625
145563.421875
144814.796875
144141.9375
143396.125
141917.375
140495.65625
138982.1875
137368.59375
135862.71875
134386.515625
132989.578125
131708.90625
130454.6796875
129305.5859375
128174.609375
127176.9921875
126475.3359375
125753.734375
125088.796875
124479.4453125
123903.140625
123193.09375
122598.734375
122057.8203125
121524.484375
121049.1640625
120569.4375
120070.7265625
119606.921875
119063.9140625
118539.2578125
118035.5546875
117570.15625
117071.515625
116575.5703125
116115.53125
115659.46875
115233.328125
114838.8515625
114536.875
114243.7890625
113901.375
113558.734375
113199.375
112850.0625
112498.7109375
112155.4765625
111834.8203125
111549.8515625
111310.984375
111086.6640625
110953.1484375
110778.484375
110582.2421875
110394.59375
110408.171875
110400.3671875
110335.1328125
110222.265625
110078.1953125
109901.28125
109701.7421875
109464.2265625
109194.9375
108936.421875
108640.59375
108338.5234375
107964.3125
107625.03125
107298.734375
106994.0
106716.09375
106445.3046875
106196.6796875
105953.578125
105728.8515625
105537.3828125
105337.125
105153.640625
104975.515625
104810.15625
104639.9765625
104436.9921875
104211.5859375
103968.1796875
103746.0625
103534.59375
