25400.0
25400.0
25400.0
25400.0
25400.0
25400.0
25400.0
25400.0
25400.0
25400.0
25400.0
25400.0
25400.0
25400.0
25400.0
25400.0
46158.48046875
66878.703125
85982.0859375
101041.78125
113643.34375
123210.7578125
130438.75
135792.9375
139661.625
143111.421875
145556.0625
147387.859375
148754.375
150338.734375
155210.28125
152991.90625
152612.59375
147297.125
144322.453125
143011.578125
142625.71875
142000.703125
141300.203125
139754.796875
138336.015625
136776.1875
135320.375
133765.921875
132339.890625
130964.671875
129713.640625
128498.875
127367.3359375
126344.2734375
125511.90625
124860.0
124227.046875
123659.453125
123194.578125
122541.3203125
121973.1171875
121439.734375
120946.1171875
120505.1015625
120046.84375
119589.6484375
119100.1015625
118579.546875
118065.9453125
117605.734375
117179.1015625
116667.59375
116191.1640625
115719.953125
115278.2265625
114933.4765625
114601.328125
114254.71875
113878.5
113509.453125
113129.6171875
112743.1796875
112404.8125
112048.0
111784.34375
111531.25
111385.234375
111207.765625
110989.7421875
110774.1796875
110789.65625
110758.515625
110661.875
110512.6328125
110343.3671875
110123.65625
109874.6640625
109577.90625
109270.359375
108941.7578125
108594.375
108205.8125
107829.75
107488.0625
107154.7421875
106839.59375
106569.125
106285.609375
106031.6953125
105786.796875
105563.40625
105345.859375
105141.71875
104951.078125
104742.390625
104503.46875
104234.796875
103969.53125
103746.1953125
103520.375
103320.703125
103126.703125
102952.359375
102785.875
102630.34375
102490.390625
102356.6796875
102237.7109375
102125.4140625
