25400.0
25400.0
25400.0
25400.0
25400.0
25400.0
25400.0
25400.0
25400.0
25400.0
25400.0
25400.0
25400.0
25400.0
25400.0
25400.0
25400.0
25400.0
31365.818359375
55273.53515625
74689.671875
91465.0625
104065.8359375
115063.453125
123399.59375
129557.234375
134368.078125
138012.796875
141264.984375
143669.140625
145372.171875
146832.390625
148064.234375
149540.34375
153767.890625
153530.015625
156625.734375
153498.125
149574.5625
147497.03125
145975.328125
144592.34375
143129.609375
141695.78125
140178.859375
138545.46875
137031.359375
135529.640625
134116.375
132824.0625
131564.1875
130421.5
129324.2734375
128428.0625
127777.671875
127105.8984375
126511.6015625
125953.8984375
125335.9765625
124696.1640625
124157.796875
123652.9921875
123182.84375
122731.375
122246.3125
121747.7265625
121257.390625
120705.0078125
120238.5859375
119740.3125
119216.9921875
118692.3046875
118188.4296875
117714.8046875
117349.4765625
117007.1015625
116619.125
116207.1796875
115828.8046875
115407.5703125
114991.5234375
114574.8984375
114180.2265625
113773.0078125
113390.9453125
113067.890625
112766.140625
112462.890625
112282.3125
112289.15625
112246.4296875
112131.03125
111967.7265625
111757.765625
111515.2734375
111220.75
110889.734375
110551.3984375
110191.1640625
109808.796875
109384.234375
108979.3984375
108630.3515625
108263.921875
107927.234375
107596.9609375
107295.0234375
107004.890625
106731.109375
106480.46875
106235.765625
106010.796875
105781.671875
105526.359375
105268.1875
104968.2578125
104684.0078125
104411.171875
104167.4296875
103934.3359375
103714.8359375
103517.1875
103327.5703125
103155.2890625
102988.8671875
