20000.0
20000.0
20000.0
20000.0
20000.0
20000.0
20000.0
20000.0
20000.0
20000.0
20000.0
20000.0
20000.0
20000.0
20000.0
20000.0
20000.0
20000.0
20000.0
20000.0
20000.0
20000.0
20000.0
20000.0
20000.0
20000.0
20000.0
20000.0
20000.0
20000.0
20000.0
20000.0
20000.0
19995.482421875
20000.0
20000.0
20000.0
20000.0
19999.943359375
20000.0
20000.0
20000.0
20000.0
20000.0
20000.0
19999.998046875
20000.0
20000.0
20000.0
20000.0
20000.0
19173.18359375
18192.234375
17335.400390625
16535.533203125
15822.9658203125
15250.91015625
14736.2412109375
14185.91796875
13720.634765625
13272.55078125
12757.869140625
12360.740234375
12009.189453125
11669.693359375
11339.7978515625
11005.9599609375
10691.2001953125
10411.5966796875
10117.5263671875
9875.041015625
9643.3935546875
9432.359375
9223.4541015625
9031.69140625
8860.595703125
8692.15234375
8541.21875
8386.8427734375
8227.57421875
8082.34423828125
7814.72314453125
7570.154296875
7320.06640625
7082.8681640625
6848.8076171875
6626.42041015625
6420.4296875
6214.908203125
6022.69189453125
5831.705078125
5648.744140625
5490.87353515625
5323.970703125
5163.173828125
5012.5791015625
4875.8271484375
4741.47607421875
4612.22607421875
4490.82568359375
4369.02783203125
4252.7158203125
4135.08056640625
4020.576171875
3919.81396484375
3811.62744140625
3710.1435546875
3608.510009765625
3514.357177734375
3421.110595703125
3330.341552734375
3244.69921875
3158.435791015625
3077.15087890625
2995.573974609375
2916.223876953125
2846.427734375
2771.354248046875
2700.85400390625
2630.500732421875
2564.683349609375
2499.029296875
2435.793701171875
2376.827880859375
2318.2265625
2267.175537109375
2217.778564453125
