20000.0
20000.0
20000.0
19999.99609375
20000.0
20000.0
20000.0
20000.0
20000.0
20000.0
20000.0
20000.0
20000.0
20000.0
20000.0
20000.0
20000.0
20000.0
20000.0
20000.0
20000.0
20000.0
20000.0
20000.0
20000.0
20000.0
20000.0
20000.0
20000.0
20000.0
20000.0
20000.0
20000.0
20000.0
20000.0
20000.0
20000.0
20000.0
20000.0
20000.0
20000.0
19999.998046875
19999.984375
20000.0
19999.998046875
20000.0
20000.0
20000.0
20000.0
19999.99609375
20000.0
19518.427734375
18660.6328125
17974.75390625
17287.953125
16660.81640625
16047.259765625
15551.806640625
15060.248046875
14584.470703125
14154.0048828125
13741.603515625
13364.603515625
12996.37890625
12649.884765625
12354.5439453125
12047.146484375
11766.5166015625
11496.0185546875
11282.5400390625
11066.59375
10861.30078125
10671.4453125
10482.42578125
10305.6513671875
10128.693359375
9957.7880859375
9807.8466796875
9647.0224609375
9504.876953125
9366.3720703125
9232.59375
9095.537109375
8960.8642578125
8833.453125
8698.28515625
8566.8544921875
8438.8291015625
8317.7216796875
8212.76171875
8100.802734375
7995.7744140625
7890.20458984375
7790.62744140625
7690.31005859375
7592.45703125
7500.85302734375
7408.7919921875
7321.34619140625
7232.56884765625
7145.46142578125
7064.0205078125
6984.021484375
6908.99853515625
6837.1123046875
6769.5419921875
6697.7978515625
6603.28125
6490.92578125
6382.12841796875
6290.6455078125
6207.84765625
6133.19873046875
6070.27294921875
6005.58251953125
5942.18798828125
5874.25244140625
5810.06396484375
5747.82177734375
5687.4814453125
5626.98779296875
5561.92431640625
5499.7236328125
5438.31103515625
