20000.0
20000.0
19999.9921875
20000.0
20000.0
20000.0
20000.0
20000.0
20000.0
20000.0
20000.0
20000.0
20000.0
20000.0
20000.0
20000.0
20000.0
20000.0
20000.0
20000.0
20000.0
20000.0
20000.0
20000.0
20000.0
20000.0
20000.0
20000.0
19999.998046875
19991.357421875
19999.96484375
19999.978515625
20000.0
20000.0
19999.990234375
20000.0
20000.0
20000.0
20000.0
19857.044921875
19518.990234375
19200.10546875
18878.4375
18610.587890625
18369.865234375
17965.21875
17496.84765625
17057.7578125
16487.076171875
15930.18359375
15419.4072265625
14906.0576171875
14441.3388671875
13956.73046875
13526.8798828125
13177.8212890625
12816.8779296875
12484.3994140625
12144.458984375
11827.9873046875
11539.244140625
11274.53515625
11022.451171875
10770.6904296875
10537.1103515625
10305.15625
10079.271484375
9906.3212890625
9736.6787109375
9579.4794921875
9422.677734375
9275.2705078125
9128.3544921875
8985.1123046875
8848.720703125
8710.3427734375
8578.998046875
8447.0908203125
8318.861328125
8206.01171875
8084.91064453125
7970.14794921875
7853.9931640625
7745.001953125
7635.31298828125
7528.6240234375
7428.1669921875
7327.21484375
7232.02490234375
7136.33349609375
7043.1220703125
6960.9599609375
6879.50634765625
6804.2587890625
6725.98974609375
6650.45068359375
6573.15283203125
6496.9931640625
6424.599609375
6351.36767578125
6281.00732421875
6205.09033203125
6129.12158203125
6063.39794921875
5993.92578125
5929.15234375
5864.23291015625
5802.9169921875
5740.96728515625
5680.35546875
5622.8115234375
5564.47509765625
5509.7060546875
5454.36376953125
5399.85595703125
5351.39208984375
5298.529296875
5248.38623046875
5197.26708984375
5148.2998046875
5098.28759765625
5049.12890625
5001.75927734375
4955.931640625
4913.259765625
4870.81591796875
