20000.0
20000.0
20000.0
20000.0
20000.0
20000.0
20000.0
20000.0
19999.998046875
20000.0
19999.998046875
19999.998046875
20000.0
20000.0
20000.0
20000.0
19999.998046875
20000.0
20000.0
20000.0
20000.0
20000.0
20000.0
20000.0
20000.0
20000.0
20000.0
20000.0
20000.0
20000.0
20000.0
20000.0
20000.0
20000.0
20000.0
20000.0
20000.0
20000.0
20000.0
20000.0
20000.0
20000.0
19999.998046875
20000.0
20000.0
20000.0
19999.83984375
20000.0
20000.0
20000.0
19947.7265625
19060.703125
18285.537109375
17639.390625
17013.701171875
16438.4140625
15854.224609375
15337.8251953125
14857.4365234375
14415.7685546875
14006.5537109375
13602.6396484375
13232.833984375
12870.2685546875
12539.9296875
12265.421875
11979.6513671875
11717.28515625
11458.4892578125
11227.0771484375
11037.380859375
10856.7685546875
10683.3408203125
10490.716796875
10311.798828125
10138.2490234375
9973.5361328125
9830.69140625
9677.80859375
9533.85546875
9389.3056640625
9253.4853515625
9116.63671875
8984.255859375
8859.8310546875
8735.26953125
8618.0322265625
8500.3271484375
8385.0693359375
8282.5146484375
8171.89453125
8068.70166015625
7966.28857421875
7870.9267578125
7775.98095703125
7684.05224609375
7597.30224609375
7509.91748046875
7427.4560546875
7344.97705078125
7265.21044921875
7194.88134765625
7118.6708984375
7046.3447265625
6956.72021484375
6866.47607421875
6779.5439453125
6701.7451171875
6628.115234375
6555.68701171875
6491.7685546875
6432.072265625
6377.2919921875
6324.67041015625
6264.14453125
6198.3173828125
6130.1162109375
6074.93603515625
6016.5478515625
5954.802734375
5895.4501953125
5836.5185546875
5781.1767578125
5724.4970703125
