20000.0
20000.0
20000.0
20000.0
20000.0
20000.0
20000.0
20000.0
20000.0
20000.0
20000.0
20000.0
20000.0
20000.0
19999.9921875
19999.9921875
20000.0
20000.0
20000.0
20000.0
20000.0
20000.0
20000.0
20000.0
20000.0
20000.0
20000.0
20000.0
20000.0
20000.0
20000.0
20000.0
20000.0
20000.00390625
19999.998046875
20000.0
20000.0
20000.0
20000.0
20000.0
19999.994140625
20000.0
20000.0
20000.0
20000.0
20000.0
20000.0
20000.0
20000.0
20000.0
20000.0
20000.0
20000.0
19738.919921875
18878.3671875
18136.591796875
17362.193359375
16703.64453125
16091.7109375
15538.609375
15003.5
14505.1318359375
14058.916015625
13637.7724609375
13261.6630859375
12905.9658203125
12593.4052734375
12331.958984375
12075.19140625
11833.6259765625
11572.20703125
11336.5439453125
11106.75390625
10889.275390625
10688.251953125
10490.291015625
10308.2138671875
10127.6630859375
9954.21875
9803.0673828125
9641.9111328125
9491.8466796875
9340.7353515625
9195.3330078125
9054.12109375
8923.2021484375
8758.78515625
8560.6083984375
8390.92578125
8248.3310546875
8121.412109375
8015.80419921875
7907.22607421875
7802.15966796875
7691.25390625
7588.888671875
7485.9912109375
7381.1484375
7279.01171875
7175.67236328125
7067.03369140625
6957.88720703125
6858.82568359375
6777.615234375
6692.15478515625
6610.986328125
6528.14013671875
6450.54833984375
6374.87548828125
6304.67431640625
6240.8203125
6176.83447265625
6115.837890625
6053.5361328125
5991.01904296875
5933.7666015625
5869.8994140625
5808.0537109375
5744.73828125
5684.21337890625
5622.58984375
5563.833984375
5513.57421875
5462.71923828125
5412.478515625
5359.63037109375
