20000.0
20000.0
20000.0
20000.0
20000.0
20000.0
20000.0
20000.0
20000.0
20000.0
20000.0
20000.0
20000.0
20000.0
20000.0
20000.0
20000.0
20000.0
20000.0
20000.0
20000.0
20000.0
20000.0
20000.0
20000.0
20000.0
20000.0
20000.0
20000.0
20000.0
20000.0
20000.0
20000.0
20000.0
20000.0
20000.0
20000.0
20000.0
20000.0
20000.0
20000.0
19999.99609375
20000.0
19999.998046875
20000.0
19999.99609375
20000.0
20000.0
19999.990234375
20000.0
20000.0
20000.0
20000.0
20000.0
20000.0
19769.802734375
18974.66015625
18178.578125
17490.484375
16857.810546875
16271.8701171875
15740.3515625
15222.8037109375
14754.7451171875
14318.23828125
13916.0478515625
13575.5458984375
13226.064453125
12932.7451171875
12634.7919921875
12352.7177734375
12052.4892578125
11808.24609375
11586.9599609375
11370.798828125
11170.0390625
10970.63671875
10776.1904296875
10606.38671875
10426.76953125
10259.2763671875
10093.0751953125
9938.765625
9784.7841796875
9631.8583984375
9487.1728515625
9343.5537109375
9210.5283203125
9079.048828125
8952.95703125
8843.130859375
8726.33984375
8606.3984375
8460.80078125
8329.181640625
8207.203125
8096.1015625
7975.12890625
7863.58837890625
7768.0654296875
7675.908203125
7585.33740234375
7501.2958984375
7404.958984375
7312.8203125
7221.11279296875
7132.07666015625
7041.71923828125
6954.53662109375
6871.9619140625
6789.1884765625
6712.4453125
6637.3330078125
6566.236328125
6503.94287109375
6436.28515625
6371.38818359375
6306.05029296875
6244.65576171875
6183.154296875
6122.3779296875
6064.193359375
6005.900390625
5950.8427734375
5895.35400390625
