20000.0
19999.98828125
20000.0
19271.55078125
18818.40625
18568.787109375
18524.623046875
18556.513671875
18795.8828125
19103.947265625
19657.427734375
20000.0
20000.0
20000.0
20000.0
20000.0
20000.0
20000.0
20000.0
20000.0
20000.0
20000.0
20000.0
20000.0
20000.0
20000.0
20000.0
20000.0
20000.0
20000.001953125
20000.0
20000.0
19999.998046875
20000.0
19725.7265625
18804.216796875
17862.75
16941.41015625
16103.396484375
15305.515625
14570.05859375
13941.783203125
13343.8486328125
12789.314453125
12329.60546875
11888.3525390625
11494.5986328125
11102.8466796875
10742.599609375
10394.0068359375
10069.86328125
9777.7509765625
9495.779296875
9274.533203125
9067.82421875
8871.7109375
8702.6591796875
8523.19921875
8355.7607421875
8188.583984375
8032.310546875
7875.85595703125
7725.72705078125
7585.1005859375
7444.111328125
7326.181640625
7203.00439453125
7069.72998046875
6954.46142578125
6833.630859375
6721.41015625
6609.7158203125
6505.02587890625
6400.318359375
6298.93359375
6203.7919921875
6108.650390625
6019.49365234375
5930.134765625
5843.49267578125
5767.57666015625
5685.95458984375
5610.2041015625
5534.29541015625
5462.697265625
5390.701171875
5320.751953125
5254.330078125
5187.30908203125
5124.19970703125
5059.54052734375
4995.47119140625
4938.84814453125
4878.19287109375
4821.58154296875
4765.1279296875
4712.05322265625
4658.69091796875
4606.8212890625
4558.09814453125
4509.17822265625
4463.16259765625
4416.87060546875
4371.751953125
4331.95166015625
4288.9892578125
4248.759765625
4207.03076171875
4163.2861328125
4120.638671875
4080.566650390625
4046.075439453125
4012.098876953125
3981.08984375
3943.405517578125
3903.1943359375
3869.759033203125
3836.956298828125
3807.634765625
3779.968505859375
3754.931884765625
3730.5478515625
3707.19580078125
3685.32763671875
3659.609619140625
3633.811279296875
3607.736572265625
