20000.0
19999.998046875
19296.640625
18127.22265625
17104.732421875
16583.173828125
16271.265625
16457.322265625
16848.458984375
17244.205078125
17643.162109375
18112.458984375
18580.796875
19002.3984375
19396.21484375
19739.970703125
20000.0
20000.0
20000.0
20000.0
20000.0
20000.0
20000.0
20000.0
20000.0
20000.0
20000.0
20000.0
20000.0
20000.0
20000.0
20000.0
20000.0
20000.0
19999.98828125
19910.25
18880.7578125
17981.18359375
17179.3515625
16577.94921875
15989.6513671875
15387.654296875
14853.9111328125
14287.875
13785.6298828125
13249.47265625
12777.3095703125
12340.390625
11939.736328125
11572.1982421875
11207.0
10875.5966796875
10558.716796875
10277.3388671875
10052.1630859375
9803.5244140625
9570.158203125
9337.7802734375
9122.884765625
8912.2841796875
8712.9921875
8530.0234375
8364.025390625
8235.1953125
8102.4013671875
7971.458984375
7857.9970703125
7736.7666015625
7622.8212890625
7508.1611328125
7399.9873046875
7290.8623046875
7184.28857421875
7083.3017578125
6981.33251953125
6885.02294921875
6787.90966796875
6693.2412109375
6609.65869140625
6526.6611328125
6444.5078125
6357.54931640625
6275.814453125
6194.0146484375
6114.55078125
6040.1640625
5965.17578125
5894.02001953125
5821.939453125
5751.3671875
5688.90087890625
5621.27587890625
5557.50732421875
5493.2314453125
5432.33984375
5370.748046875
5310.6455078125
5253.76953125
5196.24609375
5141.72265625
5086.5166015625
5032.48583984375
4984.76611328125
4933.775390625
4885.7529296875
4837.14404296875
4791.1015625
4744.556640625
4699.072265625
4656.017578125
4611.91455078125
4569.26953125
4525.70263671875
4483.158203125
4445.71337890625
4405.53564453125
4367.83837890625
4330.01171875
4294.263671875
4258.12255859375
4222.7841796875
4189.26708984375
4155.40380859375
4123.2998046875
4090.87353515625
