20000.0
19999.99609375
19999.994140625
20000.0
19374.234375
18913.689453125
18666.2265625
18660.728515625
18881.77734375
19185.97265625
19775.0
20000.0
20000.0
20000.0
20000.0
20000.0
20000.0
20000.0
20000.0
20000.0
20000.0
20000.0
20000.0
20000.0
20000.0
20000.0
20000.0
19999.986328125
20000.0
20000.0
20000.0
19999.970703125
20000.0
20000.0
19999.994140625
20000.0
19999.998046875
19761.5859375
19295.73828125
18799.81640625
18213.400390625
17679.50390625
16989.7734375
16322.4599609375
15749.3486328125
15142.8193359375
14540.4150390625
13990.5390625
13516.4345703125
13064.0693359375
12621.744140625
12219.669921875
11840.458984375
11529.3623046875
11222.0498046875
10912.9072265625
10648.74609375
10368.80078125
10108.0166015625
9854.3037109375
9622.5126953125
9426.8017578125
9254.40625
9093.2822265625
8931.0556640625
8776.5498046875
8618.587890625
8468.33984375
8338.2470703125
8199.2216796875
8068.55517578125
7937.2900390625
7813.86279296875
7691.65576171875
7572.26611328125
7459.2607421875
7345.3740234375
7238.05322265625
7139.41748046875
7044.6904296875
6958.71484375
6863.83740234375
6764.15771484375
6665.01171875
6573.79736328125
6483.56884765625
6396.60107421875
6314.96142578125
6232.89697265625
6155.64111328125
6077.8369140625
6002.01220703125
5935.1728515625
5863.07958984375
5795.13134765625
5726.8720703125
5662.32177734375
5597.203125
5534.49951171875
5475.11572265625
5414.84326171875
5357.56298828125
5299.5078125
5241.951171875
5190.9169921875
5135.591796875
5083.2939453125
5030.55126953125
4980.64501953125
4929.7216796875
4878.837890625
4830.08154296875
4780.7998046875
4734.39306640625
4687.8564453125
4642.66162109375
4602.771484375
4559.6484375
4518.88134765625
4477.7646484375
4438.92138671875
4399.71533203125
4361.583984375
4325.5244140625
4289.09765625
4254.6982421875
4220.203125
