20000.0
19029.779296875
17333.697265625
16589.7734375
15926.66015625
15816.6171875
16230.5947265625
16770.65234375
17238.740234375
17732.638671875
18256.904296875
18743.0859375
19164.431640625
19543.31640625
19863.515625
20000.0
20000.0
20000.0
20000.0
20000.0
20000.0
20000.0
20000.0
20000.0
19999.998046875
20000.0
20000.0
20000.005859375
20000.0
19119.095703125
18030.60546875
17117.65234375
16358.7177734375
15759.330078125
15122.9013671875
14480.2216796875
13868.6064453125
13289.92578125
12731.9892578125
12197.2978515625
11721.923828125
11329.65234375
10917.453125
10540.7353515625
10185.9951171875
9872.2646484375
9587.9736328125
9321.65625
9070.392578125
8820.677734375
8591.52734375
8368.826171875
8171.50634765625
8036.02978515625
7890.533203125
7751.33544921875
7606.58154296875
7473.146484375
7339.62353515625
7210.4765625
7089.03857421875
6967.28564453125
6852.912109375
6737.99462890625
6626.28466796875
6528.20751953125
6422.76171875
6323.5791015625
6224.00927734375
6132.51904296875
6042.78076171875
5952.1083984375
5866.8779296875
5781.546875
5701.24169921875
5620.57666015625
5542.18408203125
5473.68212890625
5399.35302734375
5328.93359375
5257.833984375
5190.65185546875
5122.98974609375
5057.2421875
4995.37060546875
4933.2587890625
4874.81689453125
4815.86474609375
4758.20068359375
4707.1298828125
4651.78759765625
4599.4658203125
4547.61767578125
4498.564453125
4448.94775390625
4400.546875
4354.78515625
4308.67626953125
4265.0380859375
4220.20947265625
4175.7802734375
4136.39892578125
4094.03564453125
4054.32958984375
4014.648193359375
3977.382568359375
3939.900634765625
3903.329345703125
3868.76220703125
3833.873046875
3801.833251953125
3771.8349609375
3742.94091796875
3717.422607421875
3689.70751953125
3663.330078125
3636.539306640625
3611.04931640625
3582.53759765625
3553.807861328125
3527.357666015625
3501.361083984375
3477.159423828125
3452.91064453125
