20000.0
19999.98828125
19999.998046875
20000.0
19109.919921875
18676.875
18567.345703125
18749.203125
19504.470703125
20000.0
20000.0
20000.0
20000.0
20000.0
20000.0
20000.0
20000.0
20000.0
20000.0
20000.0
20000.0
20000.0
20000.0
20000.0
19999.69140625
19999.939453125
20000.0
20000.0
20000.0
20000.0
20000.0
19858.603515625
19271.228515625
18622.72265625
17913.01171875
17211.029296875
16414.708984375
15671.513671875
14979.134765625
14274.076171875
13680.822265625
13130.21484375
12604.431640625
12160.9501953125
11718.755859375
11354.5830078125
10995.4404296875
10654.2890625
10323.8916015625
10010.71484375
9725.412109375
9459.5380859375
9259.21875
9060.7841796875
8868.98828125
8699.66015625
8515.49609375
8346.658203125
8180.39306640625
8025.3046875
7870.4794921875
7721.09033203125
7582.67431640625
7444.11669921875
7313.57861328125
7182.8017578125
7059.66650390625
6960.64794921875
6850.58935546875
6742.86865234375
6624.80810546875
6516.4501953125
6410.298828125
6308.77783203125
6214.09765625
6119.46826171875
6030.67919921875
5941.6337890625
5855.24560546875
5779.3955078125
5697.9560546875
5621.578125
5545.0302734375
5473.09619140625
5401.923828125
5332.3447265625
5266.26904296875
5199.42041015625
5135.45458984375
5070.70849609375
5007.62890625
4952.07177734375
4892.23095703125
4835.734375
4777.61474609375
4721.85986328125
4665.59521484375
4611.11962890625
4560.16162109375
4509.11865234375
4461.09521484375
4412.857421875
4365.97412109375
4324.7568359375
4280.423828125
4238.712890625
4196.7158203125
4157.25830078125
4117.775390625
4079.205322265625
4044.4423828125
4005.60107421875
3968.71826171875
3923.38525390625
3881.14453125
3846.569091796875
3812.585205078125
3782.466552734375
3753.39306640625
3726.295654296875
3699.994384765625
3675.17138671875
3652.3984375
3629.81005859375
3608.69921875
3584.61669921875
