20000.0
20000.0
20000.0
20000.0
20000.0
20000.0
20000.0
20000.0
20000.0
20000.0
20000.0
20000.0
20000.0
20000.0
20000.0
20000.0
19999.994140625
20000.0
20000.0
20000.0
20000.0
20000.0
20000.0
20000.0
20000.0
20000.0
20000.0
20000.0
20000.0
20000.0
20000.0
20000.0
19999.99609375
20000.0
20000.0
20000.0
20000.0
20000.0
20000.0
20000.0
19999.54296875
20000.0
20000.0
19650.5625
18805.703125
18025.376953125
17202.53515625
16504.001953125
15863.892578125
15267.763671875
14770.9580078125
14278.9052734375
13803.64453125
13361.970703125
12962.24609375
12620.7470703125
12254.0595703125
11917.435546875
11587.224609375
11289.0439453125
11007.51953125
10746.318359375
10507.5615234375
10273.640625
10070.345703125
9901.5751953125
9746.1181640625
9605.4306640625
9437.2041015625
9275.0751953125
9117.38671875
8972.4697265625
8828.8759765625
8689.5126953125
8558.36328125
8426.4755859375
8302.5615234375
8178.44189453125
8058.14111328125
7953.31298828125
7840.1025390625
7733.6220703125
7625.49462890625
7522.28857421875
7418.908203125
7318.3369140625
7224.87158203125
7132.42138671875
7046.3857421875
6960.32470703125
6876.71923828125
6803.26708984375
6724.27783203125
6650.1435546875
6575.4794921875
6505.2109375
6434.51708984375
6365.6318359375
6300.58837890625
6235.02392578125
6173.2509765625
6111.1083984375
6049.95947265625
5989.96728515625
5928.080078125
5872.1220703125
5817.03857421875
5765.5595703125
5713.9306640625
5663.6015625
5616.0048828125
5567.9130859375
5521.83447265625
5476.5537109375
5432.7392578125
5394.25439453125
5352.61328125
5308.69970703125
5256.4609375
5210.4482421875
5168.701171875
5125.13525390625
5083.72216796875
5042.75634765625
5005.15771484375
4968.44580078125
