20000.0
20000.0
19379.619140625
18476.302734375
17663.369140625
17210.197265625
16828.623046875
16555.427734375
16547.283203125
16934.69921875
17551.263671875
18160.90625
18745.03515625
19266.380859375
19712.537109375
20000.0
20000.0
20000.0
20000.0
20000.0
20000.0
20000.0
20000.0
20000.0
20000.0
19999.9296875
19999.998046875
19999.998046875
19999.970703125
19206.94921875
18302.40625
17726.421875
17331.3203125
16995.333984375
16691.43359375
16347.4658203125
15919.876953125
15470.0625
14946.9189453125
14403.314453125
13882.07421875
13324.603515625
12831.3955078125
12422.984375
12031.30078125
11657.7265625
11280.080078125
10937.666015625
10620.744140625
10324.7587890625
10050.8056640625
9784.0009765625
9533.689453125
9298.625
9081.2373046875
8895.369140625
8718.0126953125
8579.4111328125
8450.97265625
8322.3818359375
8174.50244140625
8034.3271484375
7904.98388671875
7776.1533203125
7655.36962890625
7535.71337890625
7419.806640625
7317.984375
7208.392578125
7103.88623046875
6997.23583984375
6897.08251953125
6798.07080078125
6703.3876953125
6615.50634765625
6527.68359375
6445.337890625
6363.24462890625
6283.732421875
6214.03759765625
6139.22314453125
6068.54833984375
5997.14306640625
5929.79931640625
5862.3994140625
5797.13720703125
5736.1064453125
5669.298828125
5606.20068359375
5545.87841796875
5488.92138671875
5439.5341796875
5386.6337890625
5336.86474609375
5286.6962890625
5239.01318359375
5191.36669921875
5145.58447265625
5102.63525390625
5059.39794921875
5018.52197265625
4975.95849609375
4933.33447265625
4895.48388671875
4854.70751953125
4816.404296875
4778.02734375
4741.95556640625
4705.7607421875
4670.59228515625
4637.501953125
4604.05908203125
4572.279296875
4539.6923828125
4507.240234375
4478.11376953125
4446.19091796875
4417.3173828125
4390.43115234375
4364.86474609375
4338.44384765625
4312.03125
4286.58056640625
4259.93896484375
4234.03125
4207.62890625
