20000.0
19999.990234375
20000.0
19444.015625
18960.748046875
18697.048828125
18700.75390625
19293.75390625
19864.52734375
20000.0
20000.0
20000.0
20000.0
20000.0
20000.0
20000.0
20000.0
20000.0
20000.0
20000.0
20000.0
20000.0
20000.0
20000.0
20000.0
20000.0
20000.0
20000.0
20000.001953125
19999.98828125
20000.0
19999.99609375
19999.9921875
20000.0
19768.482421875
18993.6015625
18174.962890625
17370.34375
16563.599609375
15848.1015625
15110.4384765625
14456.3544921875
13929.9697265625
13393.1875
12893.68359375
12417.3046875
11998.1640625
11637.6181640625
11275.2568359375
10941.703125
10610.712890625
10308.484375
10016.0322265625
9742.4033203125
9509.9150390625
9317.0947265625
9135.091796875
8949.3212890625
8776.7333984375
8607.189453125
8444.6513671875
8292.5595703125
8140.345703125
7997.65380859375
7854.8798828125
7717.7578125
7596.96826171875
7466.83837890625
7344.37060546875
7231.056640625
7126.71728515625
7016.43408203125
6898.87890625
6790.33349609375
6683.69775390625
6584.69384765625
6485.81591796875
6390.15380859375
6306.16552734375
6215.69873046875
6130.583984375
6045.10009765625
5964.68017578125
5884.1240234375
5805.7451171875
5731.9921875
5658.12060546875
5588.744140625
5519.89208984375
5452.5546875
5392.82177734375
5328.05908203125
5266.18017578125
5203.3955078125
5144.09375
5084.37548828125
5026.3515625
4971.3984375
4914.79150390625
4860.42919921875
4805.46923828125
4752.15771484375
4705.46826171875
4655.45361328125
4608.33984375
4560.89306640625
4516.0947265625
4471.06005859375
4427.19482421875
4385.82666015625
4344.19384765625
4304.83740234375
4265.22509765625
4226.86572265625
4192.90478515625
4156.083984375
4119.384765625
4079.009521484375
4045.31591796875
4008.904052734375
3967.232421875
3929.03759765625
3894.34765625
3864.056884765625
3835.3134765625
