20000.0
19432.232421875
18645.509765625
17556.416015625
16587.63671875
16273.73046875
16149.1083984375
16191.048828125
16416.912109375
16724.23828125
17401.66796875
17954.337890625
18506.619140625
19070.765625
19580.662109375
20000.0
20000.0
20000.0
20000.0
20000.0
20000.0
20000.0
20000.0
20000.0
20000.0
20000.0
20000.0
20000.0
20000.0
20000.001953125
20000.0
19858.1484375
18793.9609375
17821.59765625
17050.3203125
16365.5986328125
15739.7958984375
15046.2314453125
14370.6123046875
13759.2080078125
13160.2587890625
12600.2939453125
12095.0693359375
11638.6552734375
11247.7138671875
10835.5703125
10470.828125
10129.1943359375
9825.35546875
9552.580078125
9280.9794921875
9026.1787109375
8776.09375
8546.9912109375
8358.205078125
8196.0166015625
8053.94140625
7900.63427734375
7753.8525390625
7605.60009765625
7468.60986328125
7331.14501953125
7198.0947265625
7073.3115234375
6948.66650390625
6831.75341796875
6714.60595703125
6601.08349609375
6501.5107421875
6394.53271484375
6293.9384765625
6193.166015625
6099.240234375
6013.5986328125
5921.16650390625
5834.12158203125
5747.63134765625
5667.5576171875
5586.9677734375
5508.31298828125
5438.88916015625
5363.87939453125
5293.154296875
5221.9677734375
5154.71435546875
5087.072265625
5021.203125
4959.078125
4896.75
4838.1669921875
4779.31591796875
4721.98974609375
4671.36474609375
4616.4404296875
4564.36328125
4512.49365234375
4463.33251953125
4413.4853515625
4364.73583984375
4318.625
4272.1220703125
4228.25390625
4184.18115234375
4141.07763671875
4102.17822265625
4059.565673828125
4019.24609375
3978.842041015625
3940.912109375
3902.9326171875
3865.906982421875
3832.5419921875
3800.708251953125
3770.92138671875
3740.874267578125
3711.44775390625
3685.336181640625
3656.974365234375
3629.989990234375
3602.56640625
3576.210693359375
3549.28857421875
3520.518310546875
3492.113037109375
3464.1669921875
3438.43017578125
3412.91064453125
