20000.0
19225.21484375
17561.90234375
16785.041015625
16172.98046875
16123.9892578125
16605.904296875
17203.822265625
17717.892578125
18221.744140625
18755.92578125
19252.0390625
19675.619140625
20000.0
20000.0
20000.0
20000.0
20000.0
20000.0
20000.0
20000.0
20000.0
20000.0
20000.0
20000.0
20000.0
19999.994140625
20000.0
20000.0
19264.966796875
18092.71484375
17118.986328125
16365.3203125
15686.4443359375
14985.6181640625
14295.185546875
13676.7646484375
13062.6435546875
12506.8076171875
12000.3662109375
11541.23046875
11145.7841796875
10733.6328125
10370.197265625
10029.048828125
9724.2138671875
9451.7265625
9183.1044921875
8931.7109375
8685.005859375
8459.0009765625
8266.8681640625
8107.8232421875
7968.08984375
7817.0546875
7671.21728515625
7525.34814453125
7389.95947265625
7254.24072265625
7122.71630859375
6999.34375
6875.9931640625
6760.1767578125
6644.0732421875
6531.5458984375
6432.88818359375
6326.89208984375
6227.1787109375
6127.24267578125
6033.25537109375
5945.646484375
5855.28564453125
5770.19775390625
5685.181640625
5605.93017578125
5526.62841796875
5449.0859375
5380.54248046875
5306.4091796875
5236.33544921875
5165.86279296875
5099.32861328125
5032.21435546875
4967.02001953125
4905.52880859375
4843.841796875
4785.87841796875
4727.68798828125
4670.99169921875
4620.947265625
4566.79833984375
4515.37451171875
4463.541015625
4415.056640625
4365.9091796875
4317.78564453125
4272.18310546875
4226.1455078125
4182.69580078125
4138.98828125
4096.42333984375
4058.549072265625
4016.693359375
3976.783203125
3936.586181640625
3898.849853515625
3861.079345703125
3825.951904296875
3794.826904296875
3763.69091796875
3734.23681640625
3704.385009765625
3675.118408203125
3649.15771484375
3620.968017578125
3594.173583984375
3566.96435546875
3541.06494140625
3514.74365234375
3488.617431640625
3460.224609375
3431.7958984375
3405.732177734375
3380.051025390625
