20000.0
18500.767578125
17889.859375
16992.830078125
16049.56640625
15702.9013671875
15604.9072265625
15671.2783203125
15922.1494140625
16241.2734375
16927.59375
17597.89453125
18128.41796875
18543.67578125
18984.291015625
19403.99609375
19809.333984375
20000.0
20000.0
20000.0
20000.0
20000.0
19999.99609375
20000.0
20000.0
20000.0
19999.9921875
20000.0
20000.0
20000.001953125
20000.0
19964.177734375
18774.359375
17729.916015625
17039.01953125
16592.86328125
16260.8828125
15930.5546875
15660.0498046875
15442.271484375
15242.5908203125
14803.5908203125
14372.775390625
13960.8115234375
13511.1240234375
13048.603515625
12635.3583984375
12222.103515625
11828.8466796875
11429.572265625
11081.7314453125
10772.4501953125
10469.7470703125
10186.287109375
9901.234375
9634.5869140625
9409.3515625
9176.86328125
8964.4375
8760.1796875
8586.1259765625
8410.2021484375
8269.7626953125
8138.72900390625
8007.83544921875
7884.87060546875
7761.265625
7640.29833984375
7532.91357421875
7416.33544921875
7306.51123046875
7196.18896484375
7092.53125
6988.505859375
6887.3486328125
6790.79248046875
6693.63818359375
6602.5322265625
6510.9990234375
6421.99609375
6343.78662109375
6257.2373046875
6175.28076171875
6092.68359375
6014.69970703125
5936.1162109375
5859.4794921875
5786.9921875
5713.98291015625
5645.0029296875
5575.4658203125
5507.421875
5447.2548828125
5382.14990234375
5320.5087890625
5263.158203125
5210.84619140625
5156.24609375
5098.515625
5041.4013671875
4984.1796875
4930.673828125
4877.146484375
4825.06689453125
4779.0908203125
4729.39697265625
4682.35400390625
4634.703125
4589.42236328125
4543.63818359375
4498.6923828125
4455.88818359375
4412.45751953125
4371.16943359375
4329.2763671875
4288.2333984375
4251.83251953125
4212.32763671875
4174.88427734375
4136.96923828125
4101.03076171875
4064.635498046875
4028.873046875
3995.01123046875
3961.060791015625
3928.56591796875
3895.254150390625
