20000.0
19523.3046875
18436.8984375
17192.625
16246.19921875
15792.8427734375
15534.9482421875
15477.0673828125
15751.8642578125
16121.642578125
16665.48046875
17223.53515625
17766.162109375
18250.984375
18665.509765625
19040.462890625
19357.318359375
19648.57421875
19909.361328125
20000.0
20000.0
20000.0
20000.0
20000.0
20000.0
20000.0
20000.0
20000.0
19089.525390625
17972.771484375
17116.193359375
16513.267578125
16135.5078125
15790.517578125
15406.8837890625
14986.53515625
14546.83984375
14014.0693359375
13503.4501953125
12990.1435546875
12490.791015625
11997.3583984375
11559.6630859375
11196.548828125
10807.2880859375
10469.5859375
10164.943359375
9870.46484375
9580.19140625
9310.4892578125
9065.671875
8828.287109375
8610.50390625
8396.6318359375
8192.2666015625
8056.08203125
7918.736328125
7790.3271484375
7661.13525390625
7539.11328125
7415.5244140625
7294.53173828125
7179.798828125
7077.16162109375
6970.349609375
6855.5380859375
6746.0029296875
6651.20556640625
6550.23291015625
6455.37353515625
6359.71923828125
6269.0673828125
6177.341796875
6087.77099609375
6003.87646484375
5919.677734375
5840.45654296875
5761.2001953125
5684.7001953125
5618.30322265625
5545.57373046875
5475.9140625
5405.76513671875
5340.1162109375
5275.01318359375
5212.013671875
5152.97314453125
5093.50830078125
5037.47607421875
4981.16064453125
4926.59326171875
4878.71630859375
4827.31005859375
4778.93798828125
4730.32080078125
4684.47998046875
4638.39306640625
4593.5244140625
4551.14453125
4503.67041015625
4458.310546875
4414.7392578125
4373.716796875
4338.37158203125
4300.89501953125
4265.89453125
4230.86962890625
4197.87158203125
4164.6484375
4132.10302734375
4101.29541015625
4070.075439453125
4040.413818359375
4010.3271484375
3981.085693359375
3955.19287109375
3926.571044921875
3899.22607421875
3871.365478515625
3844.886962890625
3818.17431640625
3792.06103515625
3767.331787109375
3744.408935546875
3722.50390625
3700.91552734375
