20000.0
20000.0
20000.0
19812.0703125
18529.24609375
17752.505859375
17334.75390625
17018.572265625
16985.59375
17402.130859375
18043.0546875
18672.984375
19274.974609375
19810.765625
20000.0
20000.0
20000.0
20000.0
20000.0
20000.0
20000.0
20000.0
20000.0
20000.0
20000.0
20000.0
20000.0
19999.900390625
20000.0
19999.9453125
19046.712890625
18390.5390625
17948.798828125
17564.65625
17172.6796875
16735.9765625
16249.6923828125
15665.2119140625
15088.8349609375
14503.0380859375
13904.5537109375
13362.2939453125
12872.0703125
12484.3291015625
12067.2939453125
11671.54296875
11292.556640625
10963.931640625
10645.8212890625
10341.828125
10062.4384765625
9786.8857421875
9544.2431640625
9312.0869140625
9092.904296875
8919.693359375
8771.0244140625
8636.580078125
8488.044921875
8337.41796875
8189.99365234375
8049.36376953125
7919.0927734375
7788.435546875
7665.7431640625
7543.17333984375
7424.64892578125
7320.2158203125
7207.4931640625
7099.52197265625
6991.6953125
6892.1943359375
6793.85498046875
6699.41943359375
6610.89306640625
6522.37890625
6439.6962890625
6357.25830078125
6277.50244140625
6207.4541015625
6131.73779296875
6060.26904296875
5988.55810546875
5921.47412109375
5854.55322265625
5787.21533203125
5719.91015625
5655.51806640625
5597.32373046875
5539.33544921875
5483.1220703125
5433.794921875
5380.56201171875
5330.2080078125
5279.5380859375
5232.78564453125
5186.2421875
5140.958984375
5098.1318359375
5053.7763671875
5010.83251953125
4967.21044921875
4924.77294921875
4887.46875
4847.392578125
4809.68505859375
4771.7841796875
4736.0810546875
4700.2138671875
4665.3427734375
4632.380859375
4598.59033203125
4566.00048828125
4532.650390625
4499.8427734375
4472.08447265625
4444.9931640625
4418.8896484375
4391.74951171875
4365.32958984375
4338.0390625
4310.93212890625
4284.8193359375
4257.548828125
4231.21044921875
4204.74658203125
