20000.0
20000.0
19600.79296875
18400.669921875
17430.1640625
16863.734375
16683.22265625
16913.630859375
17378.966796875
17927.69140625
18486.119140625
19002.46875
19453.9765625
19869.404296875
20000.0
20000.0
20000.0
20000.0
20000.0
20000.0
20000.0
20000.0
20000.0
20000.0
20000.0
20000.0
20000.0
20000.0
20000.0
19858.951171875
18878.796875
18153.478515625
17676.431640625
17341.576171875
17034.759765625
16731.07421875
16363.1171875
15953.744140625
15492.158203125
14971.044921875
14453.6259765625
13992.9453125
13460.234375
13003.0498046875
12576.12890625
12199.951171875
11845.1845703125
11494.244140625
11155.9580078125
10842.587890625
10567.0419921875
10297.185546875
10037.474609375
9813.8798828125
9573.8759765625
9358.5009765625
9152.9453125
8965.673828125
8787.015625
8649.6474609375
8523.111328125
8405.46875
8289.4765625
8152.748046875
8022.90771484375
7911.16162109375
7791.79150390625
7679.46337890625
7567.232421875
7461.94287109375
7356.0224609375
7253.03271484375
7156.076171875
7057.77685546875
6964.529296875
6869.54052734375
6777.37060546875
6697.07275390625
6611.94580078125
6532.61474609375
6453.08154296875
6378.3759765625
6303.349609375
6230.52587890625
6162.181640625
6093.7158203125
6029.27978515625
5964.1005859375
5900.41552734375
5844.1181640625
5783.37255859375
5726.2470703125
5669.00146484375
5612.6181640625
5552.14013671875
5495.775390625
5444.744140625
5394.5400390625
5347.80322265625
5300.8408203125
5255.2265625
5214.5498046875
5170.05810546875
5127.83154296875
5085.798828125
5046.49951171875
5007.15576171875
4968.7529296875
4932.30712890625
4894.4736328125
4857.74169921875
4820.306640625
4783.720703125
4751.49609375
4716.712890625
4683.8896484375
4650.84716796875
4619.63671875
4588.1474609375
4557.41943359375
4528.38134765625
4499.0849609375
4471.208984375
4442.505859375
