20000.0
20000.0
19999.982421875
20000.0
18773.5546875
18221.171875
17927.8203125
17870.046875
18255.1171875
18630.44921875
19208.78125
19810.98046875
20000.0
20000.0
20000.0
20000.0
20000.0
20000.0
20000.0
20000.0
20000.0
20000.0
20000.0
20000.0
20000.0
20000.0
20000.0
20000.0
20000.0
19999.99609375
20000.0
20000.0
19999.99609375
19892.380859375
18788.4921875
17879.70703125
17001.0234375
16176.81640625
15432.3681640625
14672.48046875
14019.6796875
13415.66796875
12849.3134765625
12375.7041015625
11904.96484375
11527.029296875
11140.3408203125
10790.1484375
10448.076171875
10127.0009765625
9836.41796875
9553.5419921875
9294.3388671875
9051.4677734375
8864.931640625
8703.54296875
8531.5908203125
8370.7041015625
8209.95703125
8058.94091796875
7907.28955078125
7760.1865234375
7622.171875
7491.953125
7376.21484375
7242.0234375
7113.25439453125
7002.0654296875
6883.962890625
6773.50439453125
6662.87255859375
6559.349609375
6455.62451171875
6355.23046875
6261.08544921875
6166.40283203125
6077.0146484375
5987.06689453125
5899.79736328125
5823.26708984375
5741.8876953125
5666.10009765625
5590.08544921875
5518.72314453125
5447.322265625
5378.17236328125
5312.130859375
5244.841796875
5181.19873046875
5117.75341796875
5056.59130859375
5002.4736328125
4944.1943359375
4889.30517578125
4834.14013671875
4782.2109375
4730.14013671875
4679.70849609375
4632.2646484375
4584.48486328125
4539.3837890625
4493.95458984375
4449.6875
4410.64404296875
4367.06982421875
4321.83056640625
4277.771484375
4237.6748046875
4198.22265625
4160.23974609375
4124.7021484375
4089.076171875
4055.81787109375
4022.482666015625
3991.68896484375
3965.134521484375
3936.771484375
3910.3310546875
3883.60888671875
3858.191650390625
3832.344482421875
3806.553466796875
3781.69873046875
3756.15087890625
3723.9208984375
3691.87451171875
