20000.0
19999.962890625
18513.880859375
17952.79296875
17146.31640625
16853.84765625
16624.021484375
16598.501953125
16745.298828125
16984.54296875
17551.890625
18023.228515625
18557.16015625
19112.875
19623.013671875
20000.0
20000.0
20000.0
20000.0
20000.0
20000.0
20000.0
20000.0
20000.0
20000.0
20000.0
20000.0
20000.0
19999.994140625
20000.0
20000.0
20000.001953125
20000.0
20000.0
19787.55078125
18797.71484375
18024.826171875
17356.333984375
16749.896484375
16167.966796875
15521.2470703125
14905.3984375
14308.5068359375
13740.265625
13223.634765625
12718.7060546875
12281.7919921875
11865.9482421875
11472.912109375
11093.185546875
10746.5966796875
10449.5732421875
10175.50390625
9909.79296875
9644.3935546875
9390.3251953125
9171.7060546875
8943.17578125
8734.3388671875
8560.0263671875
8413.0771484375
8262.208984375
8111.55908203125
7972.9267578125
7835.94921875
7707.9189453125
7579.5888671875
7454.873046875
7345.37255859375
7227.23046875
7115.80419921875
7003.712890625
6898.3076171875
6792.48583984375
6689.5224609375
6598.646484375
6510.55859375
6416.50830078125
6322.15869140625
6232.51171875
6154.126953125
6069.595703125
5989.77880859375
5909.359375
5833.337890625
5756.89208984375
5682.39501953125
5612.04248046875
5541.38916015625
5474.70654296875
5407.4365234375
5341.78466796875
5283.87841796875
5221.29638671875
5162.08056640625
5102.21484375
5045.55126953125
4989.23974609375
4934.302734375
4882.26904296875
4829.724609375
4780.0732421875
4730.0
4681.28955078125
4638.048828125
4590.2470703125
4544.45263671875
4498.228515625
4454.802734375
4411.3642578125
4369.28759765625
4329.69482421875
4289.7548828125
4251.9697265625
4213.80126953125
4176.55078125
4143.62353515625
4108.02392578125
4074.361328125
4040.319091796875
4007.825927734375
3974.66015625
3942.138427734375
3911.3330078125
3880.8798828125
3851.58203125
3821.18359375
