20000.0
20000.0
20000.0
20000.0
20000.0
19820.802734375
19263.142578125
19074.748046875
18953.53125
18891.787109375
19233.25390625
19771.375
20000.0
20000.0
20000.0
20000.0
20000.0
20000.0
20000.0
20000.0
20000.0
20000.0
20000.0
20000.0
20000.0
20000.0
20000.0
20000.0
20000.0
20000.0
20000.0
20000.0
20000.0
19995.90625
20000.0
20000.0
20000.0
20000.0
20000.0
20000.0
20000.0
19589.525390625
19088.572265625
18542.080078125
17999.068359375
17356.111328125
16741.712890625
16132.541015625
15517.623046875
14956.6279296875
14453.98828125
13995.1455078125
13566.8916015625
13182.4111328125
12789.0322265625
12404.8134765625
12087.94921875
11763.1015625
11465.4560546875
11169.97265625
10895.265625
10627.5927734375
10368.708984375
10138.7138671875
9918.0078125
9715.96484375
9554.0
9399.3486328125
9262.77734375
9114.8232421875
8991.2998046875
8863.2724609375
8737.927734375
8594.126953125
8456.212890625
8330.271484375
8206.548828125
8091.01318359375
7975.0244140625
7862.1748046875
7762.44482421875
7654.7919921875
7553.19384765625
7451.01611328125
7354.9931640625
7259.013671875
7165.37744140625
7077.4375
6988.30517578125
6902.78271484375
6816.3984375
6733.0068359375
6660.236328125
6582.7158203125
6510.44873046875
6437.85986328125
6368.853515625
6299.34326171875
6231.7890625
6168.32470703125
6104.3994140625
6044.1953125
5983.6572265625
5924.61669921875
5872.5771484375
5816.3310546875
5763.16845703125
5709.56591796875
5658.98046875
5608.03125
5551.783203125
5500.05615234375
5450.041015625
5404.11083984375
5358.48388671875
5314.33154296875
5275.400390625
5233.2939453125
5193.53173828125
5153.55712890625
5115.49609375
5076.7861328125
5038.69482421875
5002.42724609375
4966.26025390625
4932.40966796875
4898.31298828125
