20000.0
20000.0
20000.0
20000.0
20000.0
20000.0
20000.0
20000.0
20000.0
20000.0
20000.0
20000.0
20000.0
20000.0
20000.0
20000.0
20000.0
20000.0
20000.0
20000.0
20000.0
20000.0
20000.0
20000.0
20000.0
20000.0
20000.0
20000.0
20000.0
19999.935546875
20000.0
20000.0
20000.0
20000.0
20000.0
20000.0
20000.0
20000.0
20000.0
20000.0
19999.99609375
20000.0
20000.0
19777.798828125
19285.783203125
18684.234375
18049.1875
17344.349609375
16701.55078125
16064.9423828125
15469.3251953125
14904.8291015625
14388.34375
13933.26953125
13492.9404296875
13069.3828125
12726.6357421875
12375.3076171875
12046.9169921875
11724.4326171875
11428.5986328125
11138.9990234375
10859.5166015625
10599.103515625
10387.134765625
10196.265625
10006.2158203125
9822.2900390625
9661.0078125
9487.7255859375
9324.7158203125
9160.71875
9007.0810546875
8853.0771484375
8704.099609375
8562.56640625
8421.2763671875
8289.18359375
8157.43017578125
8030.21044921875
7918.76513671875
7799.0283203125
7686.90576171875
7586.7529296875
7489.34375
7387.33056640625
7286.50830078125
7190.5830078125
7093.50244140625
7001.52978515625
6908.5126953125
6816.54931640625
6728.71484375
6636.1552734375
6551.16796875
6467.0078125
6388.1904296875
6308.97021484375
6231.64111328125
6159.4833984375
6086.7080078125
6014.06884765625
5947.30029296875
5883.34423828125
5828.37158203125
5769.0654296875
5713.25048828125
5656.47802734375
5589.9638671875
5497.27197265625
5398.1630859375
5319.7587890625
5249.1015625
5187.37060546875
5129.1259765625
5075.580078125
5028.73583984375
4974.02734375
4921.1884765625
4867.64990234375
4817.9228515625
4766.43359375
4713.1005859375
4660.96142578125
4608.93603515625
4560.98486328125
4511.83740234375
