20000.0
20000.0
20000.0
20000.0
20000.0
20000.0
20000.0
20000.0
20000.0
20000.0
20000.0
20000.0
20000.0
20000.0
20000.0
20000.0
20000.0
20000.0
20000.0
20000.0
20000.0
20000.0
20000.0
20000.0
20000.0
20000.0
20000.0
20000.0
20000.0
20000.0
20000.0
20000.0
19975.0390625
20000.0
19999.99609375
20000.0
20000.0
20000.001953125
20000.0
20000.0
20000.0
20000.0
20000.0
20000.0
20000.0
20000.0
20000.0
20000.0
19576.357421875
18906.767578125
18204.044921875
17532.685546875
16902.427734375
16288.4755859375
15690.560546875
15202.056640625
14725.4375
14298.4248046875
13883.5224609375
13489.9873046875
13096.857421875
12734.2578125
12438.220703125
12135.3291015625
11850.5517578125
11568.3583984375
11297.8662109375
11058.9140625
10802.697265625
10582.521484375
10395.9892578125
10223.1064453125
10051.6923828125
9884.4716796875
9726.326171875
9566.6357421875
9415.7578125
9263.4248046875
9115.48046875
8985.4765625
8845.6640625
8714.298828125
8582.021484375
8456.61328125
8331.560546875
8209.89453125
8095.35888671875
7980.4775390625
7872.4931640625
7764.04443359375
7658.70166015625
7566.03466796875
7466.4189453125
7377.060546875
7292.66455078125
7209.93017578125
7123.70703125
7037.91943359375
6955.80322265625
6872.41748046875
6793.19140625
6712.9228515625
6634.28076171875
6559.05517578125
6477.55517578125
6402.48681640625
6328.244140625
6258.830078125
6189.173828125
6121.18701171875
6056.84033203125
5991.7041015625
5929.84619140625
5867.52783203125
5803.00634765625
5751.8046875
5696.7412109375
5646.23291015625
5595.333984375
5547.552734375
5499.07177734375
5451.3046875
5394.44677734375
5308.09716796875
5225.9638671875
5154.34521484375
