20000.0
20000.0
20000.0
20000.0
20000.0
20000.0
20000.0
20000.0
20000.0
20000.0
20000.0
20000.0
20000.0
20000.0
20000.0
20000.0
20000.0
19999.39453125
20000.0
20000.0
20000.0
20000.0
20000.0
20000.0
20000.0
19999.99609375
20000.0
20000.0
20000.0
19999.951171875
19470.845703125
18307.431640625
17113.515625
15982.8251953125
15034.689453125
14298.734375
13768.919921875
13324.77734375
12957.9921875
12609.6123046875
12279.513671875
11969.181640625
11657.9140625
11385.1123046875
11122.3916015625
10874.2333984375
10621.666015625
10378.046875
10149.1484375
9919.205078125
9701.3720703125
9479.990234375
9258.2255859375
9044.927734375
8809.671875
8587.02734375
8360.2763671875
8146.79248046875
7948.462890625
7759.95751953125
7576.4873046875
7390.56298828125
7216.8642578125
7044.06103515625
6878.0283203125
6733.607421875
6580.56103515625
6443.27294921875
6303.984375
6170.78759765625
6037.29345703125
5909.525390625
5791.7578125
5674.56103515625
5566.15185546875
5458.3642578125
5350.52880859375
5257.556640625
5160.6328125
5071.177734375
4984.49951171875
4906.78271484375
4828.19921875
4754.359375
4685.42724609375
4615.82861328125
4550.27685546875
4484.2626953125
4419.38134765625
4364.64404296875
4309.1337890625
4256.0244140625
4192.49658203125
4131.85546875
4072.262939453125
4015.734619140625
3963.560302734375
3912.056884765625
3864.2451171875
3817.46337890625
3773.320556640625
3735.399658203125
3695.430419921875
3658.636474609375
3625.78955078125
3595.385498046875
3564.495849609375
3534.165771484375
3505.34619140625
3476.259033203125
3448.728759765625
3420.93603515625
3393.902587890625
3369.85546875
3343.6015625
3318.547607421875
3293.1767578125
3269.097412109375
3245.29931640625
3223.27587890625
3205.154541015625
3188.780029296875
3174.1025390625
3159.519775390625
