20000.0
20000.0
20000.0
20000.0
20000.0
20000.0
20000.0
20000.0
20000.0
20000.0
20000.0
20000.0
20000.0
20000.0
20000.0
20000.0
19999.953125
19999.994140625
20000.0
20000.0
20000.0
19999.984375
20000.0
20000.0
20000.0
20000.0
20000.0
20000.0
20000.0
19999.998046875
20000.0
19291.69140625
18485.453125
17172.2109375
16175.169921875
15253.2080078125
14455.0654296875
13851.95703125
13387.5244140625
13029.083984375
12695.8515625
12384.5224609375
12120.7216796875
11813.9619140625
11542.7158203125
11291.7314453125
11063.8466796875
10836.9716796875
10610.9326171875
10391.4794921875
10166.4873046875
9951.0888671875
9729.3837890625
9508.4345703125
9306.5361328125
9064.6611328125
8830.02734375
8592.7578125
8364.9404296875
8135.638671875
7918.9736328125
7739.16650390625
7548.14306640625
7364.8427734375
7179.02587890625
7000.97900390625
6846.68310546875
6682.08544921875
6530.49365234375
6384.85107421875
6245.447265625
6105.97119140625
5972.40673828125
5848.51806640625
5724.35888671875
5607.82861328125
5493.3623046875
5376.60009765625
5276.9326171875
5173.07958984375
5077.5732421875
4985.65869140625
4902.51171875
4818.4951171875
4739.263671875
4665.03515625
4590.4501953125
4520.341796875
4449.3505859375
4379.583984375
4320.21337890625
4260.6953125
4200.4169921875
4133.537109375
4070.907470703125
4009.894287109375
3951.696533203125
3898.06201171875
3845.22412109375
3796.765625
3749.703857421875
3705.188720703125
3666.919921875
3626.585205078125
3591.3544921875
3558.0654296875
3526.85693359375
3495.321044921875
3464.48046875
3435.26806640625
3405.88525390625
3378.17333984375
3350.364013671875
3323.13330078125
3298.919189453125
3272.61376953125
3247.716064453125
3222.663330078125
3199.333740234375
3176.881103515625
3156.7587890625
3140.091796875
3124.505615234375
3110.116455078125
3095.613525390625
