20000.0
20000.0
20000.0
20000.0
20000.0
20000.0
20000.0
20000.0
20000.0
20000.0
20000.0
20000.0
20000.0
20000.0
20000.0
20000.0
20000.0
20000.0
20000.0
20000.0
20000.0
20000.0
20000.0
20000.0
20000.0
20000.0
20000.0
20000.0
20000.0
20000.0
20000.0
20000.0
20000.0
20000.0
20000.0
20000.0
20000.0
20000.0
20000.0
20000.0
20000.0
20000.0
20000.0
20000.0
19999.95703125
19999.998046875
20000.0
20000.0
20000.0
20000.0
20000.0
20000.0
20000.0
20000.0
19057.02734375
18224.42578125
17531.236328125
16822.4921875
16209.21484375
15636.7392578125
15174.244140625
14708.853515625
14223.732421875
13796.0205078125
13392.2216796875
13031.021484375
12683.22265625
12364.0546875
12124.57421875
11867.8115234375
11628.4638671875
11391.5712890625
11174.201171875
10963.5439453125
10764.970703125
10581.6455078125
10400.4404296875
10232.2509765625
10065.4521484375
9905.1689453125
9767.0751953125
9620.255859375
9483.173828125
9323.9833984375
9147.2255859375
8984.427734375
8846.76953125
8701.7900390625
8573.736328125
8450.072265625
8324.8798828125
8208.2890625
8104.876953125
7987.38232421875
7876.27880859375
7762.9267578125
7656.787109375
7553.84716796875
7456.9228515625
7364.80810546875
7268.61962890625
7177.6962890625
7086.7421875
6999.87158203125
6924.43408203125
6843.4111328125
6774.14404296875
6705.3828125
6638.693359375
6568.14111328125
6496.58349609375
6427.55078125
6357.7646484375
6293.01416015625
6229.90771484375
6170.1455078125
6118.27734375
6062.16796875
6008.7216796875
5954.8525390625
5904.38427734375
5854.5078125
5809.45166015625
5767.3662109375
5724.21875
5683.21337890625
5642.4150390625
