20000.0
20000.0
20000.0
20000.0
20000.0
20000.0
20000.0
20000.0
20000.0
20000.0
20000.0
20000.0
20000.0
20000.0
20000.0
20000.0
20000.0
20000.0
20000.0
20000.0
20000.0
20000.0
20000.0
20000.0
20000.0
20000.0
20000.0
20000.0
20000.0
20000.0
20000.0
20000.0
20000.0
20000.0
20000.0
20000.00390625
19999.994140625
19999.998046875
19999.984375
20000.0
19999.99609375
20000.0
20000.0
20000.0
20000.0
19999.998046875
19860.66015625
19242.0
18475.32421875
17747.2421875
17090.958984375
16450.630859375
15822.28515625
15248.2578125
14743.98828125
14324.517578125
13886.8251953125
13469.140625
13064.7822265625
12705.5390625
12364.8056640625
12061.4375
11795.455078125
11518.7509765625
11252.1337890625
10985.521484375
10731.5361328125
10512.7392578125
10282.1875
10087.115234375
9916.8759765625
9757.4169921875
9597.1572265625
9440.6455078125
9293.0869140625
9144.4892578125
9004.615234375
8864.1806640625
8727.212890625
8606.2509765625
8476.3671875
8354.1376953125
8231.38671875
8115.79296875
7999.7373046875
7886.65576171875
7779.9970703125
7672.7451171875
7571.41259765625
7469.48681640625
7370.109375
7282.32568359375
7187.64990234375
7098.271484375
7017.677734375
6940.60205078125
6860.41552734375
6780.234375
6703.28076171875
6624.87548828125
6545.5732421875
6464.169921875
6386.6103515625
6318.09326171875
6244.8291015625
6176.75
6108.9501953125
6045.29150390625
5980.38623046875
5916.712890625
5856.310546875
5795.05908203125
5736.9169921875
5677.93408203125
5620.00537109375
5568.54541015625
5512.8447265625
5459.8984375
5406.88623046875
5356.5224609375
5305.3193359375
5254.93212890625
5206.89306640625
5158.0146484375
5111.28173828125
5063.57958984375
