25400.0
25400.0
25400.0
25400.0
25400.0
25400.0
25400.0
25400.0
25400.0
25400.0
25400.0
25400.0
25400.0
25400.0
25400.0
25400.0
25400.0
25400.0
25400.0
25400.0
25400.0
25400.0
25400.0
25400.0
25400.0
27738.177734375
47726.5625
64758.9453125
79244.4140625
90187.375
98675.0625
106939.8046875
113478.921875
118873.65625
123214.7734375
126962.265625
130453.0390625
133155.015625
135445.59375
137373.359375
139119.640625
140692.21875
141986.3125
143308.765625
144440.4375
145369.078125
146101.46875
146804.53125
147652.15625
148499.59375
151024.53125
152912.234375
151786.203125
152941.296875
157519.75
165876.765625
171311.796875
172325.015625
168950.671875
166052.15625
163639.921875
161616.359375
159606.109375
157748.78125
155909.0625
154172.515625
152686.046875
151187.4375
150097.765625
149035.578125
148086.203125
147194.21875
146356.703125
145476.75
144424.578125
143570.796875
142816.265625
142136.484375
141494.0
140756.46875
139992.3125
139099.296875
138310.53125
137411.65625
136491.71875
135616.3125
134738.3125
133964.609375
133308.125
132595.75
131906.40625
131095.21875
130305.8828125
129499.6171875
128727.359375
127931.3828125
127133.09375
126378.9921875
125628.875
124891.25
124122.4921875
123442.3359375
122982.5703125
122533.8203125
122072.890625
121645.03125
121197.359375
120671.9296875
120095.140625
119494.2109375
118851.0703125
118236.953125
117540.1953125
116833.703125
116219.0390625
115573.109375
114977.3671875
114390.3984375
113852.71875
113326.0078125
112824.296875
112360.9921875
111904.1328125
111483.4296875
111067.6875
