25400.0
25400.0
25400.0
25203.685546875
24906.1328125
24861.333984375
24861.333984375
24861.333984375
24861.333984375
24861.333984375
24889.818359375
24909.125
24914.478515625
24916.77734375
24918.189453125
24919.396484375
24920.46484375
24921.400390625
24923.83984375
24924.921875
24925.759765625
24923.7890625
24922.373046875
24930.400390625
29643.099609375
43892.671875
56937.11328125
71932.4921875
84240.78125
94770.8359375
105999.421875
115638.7265625
121079.4453125
122985.7890625
124630.09375
125551.265625
125982.3203125
126088.609375
125939.890625
125628.2421875
125171.1328125
124631.375
123932.9140625
123186.90625
122366.21875
121546.9765625
120694.5625
119856.265625
119097.7734375
118277.7109375
117529.25
116791.765625
116080.8984375
115483.53125
115076.1328125
114759.5234375
114488.9921875
114250.5859375
113980.171875
113683.984375
113404.3984375
113117.2890625
113088.7421875
112777.8046875
112391.4140625
112031.28125
111641.5390625
111352.8671875
111074.28125
110771.171875
110467.203125
109974.7578125
109427.4296875
108922.4140625
108488.8984375
108079.65625
107709.703125
107440.0546875
107734.984375
108167.0546875
108276.265625
108118.9765625
107768.5
107324.9296875
106991.3828125
106797.921875
106639.9921875
106430.2109375
106323.1875
106346.6640625
106388.375
106392.015625
106404.0625
106416.40625
106395.328125
106319.9453125
106222.8984375
106160.046875
106154.4453125
106197.1328125
106264.8984375
106315.40625
106313.1953125
106303.8125
106306.609375
106328.0546875
106372.28125
106438.59375
106520.4140625
106619.25
106725.8359375
106844.5234375
106970.359375
107089.7734375
107229.7421875
107351.640625
107472.7421875
107590.8125
107718.6640625
107854.46875
107987.5859375
108119.9765625
108240.6796875
108350.09375
