25400.0
25400.0
24629.302734375
24744.447265625
23880.53515625
22760.33984375
22519.107421875
22793.30859375
23697.501953125
24282.087890625
24499.94140625
24589.94140625
24645.42578125
24703.056640625
24756.923828125
24813.638671875
24869.7421875
24917.671875
24965.697265625
25005.970703125
25042.671875
25074.1484375
25103.384765625
25137.169921875
25168.48828125
25189.431640625
25205.84765625
25217.60546875
25227.896484375
25235.6484375
25240.947265625
25249.990234375
25286.04296875
25416.990234375
25785.509765625
26932.26953125
29553.85546875
33545.8203125
37987.08203125
43376.83984375
48406.41796875
52659.73828125
57943.3359375
64141.31640625
70656.78125
77763.765625
85181.7109375
88399.921875
91889.3515625
95025.4453125
97622.71875
99918.1484375
102072.6796875
103839.09375
105292.15625
106717.34375
108069.15625
109109.8046875
109987.46875
110738.359375
111351.640625
111921.1640625
112375.125
112762.875
113091.2734375
113285.546875
113418.046875
113563.421875
114054.4375
114418.1171875
114727.5625
114976.21875
115165.9296875
115288.328125
115277.25
115285.5546875
115331.7421875
115538.3671875
115664.4765625
115705.21875
115686.3203125
115628.609375
115534.3125
115410.34375
115272.390625
115118.796875
114960.8828125
114801.1796875
114641.3359375
114494.1484375
114328.1171875
114166.2578125
114001.6171875
113835.703125
113656.9609375
113470.75
113284.3125
113086.09375
112906.296875
112755.96875
112603.484375
112454.6328125
112274.1484375
112086.0
111881.1875
111685.8828125
111491.4609375
111297.5390625
111107.8046875
110907.578125
110701.234375
110487.765625
110273.7578125
110083.15625
109874.4921875
109674.2421875
109590.734375
109574.296875
109499.0625
109361.90625
109275.3125
109127.6796875
108949.9921875
108720.4296875
