25400.0
25400.0
25400.0
24982.248046875
24624.33203125
24636.84765625
24634.2734375
24630.650390625
24629.99609375
24631.056640625
24632.95703125
24635.189453125
24637.369140625
24639.57421875
24641.65234375
24643.673828125
24645.5625
24647.16796875
24650.12109375
24652.287109375
24652.357421875
24655.23046875
24720.013671875
32609.36328125
45084.51171875
57354.5859375
71487.796875
83697.6953125
95439.9375
105835.0546875
114171.375
116910.234375
119247.21875
121003.8671875
122026.6640625
122584.578125
122813.1015625
122793.8203125
122665.390625
122345.03125
121874.6953125
121364.8203125
120721.671875
120055.1796875
119341.2734375
118622.625
117880.0859375
117182.6171875
116523.09375
115853.9296875
115214.375
114602.5859375
114246.046875
113953.8046875
113701.1953125
113470.1875
113222.15625
112950.8671875
112658.8203125
112391.8828125
112142.421875
111885.375
111633.71875
111396.609375
111315.6484375
111153.34375
110876.59375
110565.8984375
110230.3671875
109904.0234375
109591.1171875
109084.484375
108570.8203125
108095.0
107685.4296875
107298.53125
106946.8515625
106652.7421875
106972.046875
107441.3828125
107623.515625
107466.171875
107119.84375
106685.5859375
106271.359375
106008.9609375
105847.0859375
105669.4453125
105460.8359375
105379.2578125
105417.1015625
105464.8203125
105467.8203125
105476.328125
105486.6484375
105465.6640625
105392.140625
105271.1875
105163.515625
105095.6875
105076.421875
105052.2578125
105051.8125
105069.8828125
105095.8828125
105123.7734375
105156.1796875
105196.2265625
105245.671875
105308.9453125
105381.4375
105465.65625
105557.0859375
105643.75
105738.5
105818.234375
105896.546875
105974.703125
106061.234375
106154.875
106252.7265625
106353.5234375
106448.921875
106542.234375
