25400.0
25400.0
25400.642578125
25181.474609375
24770.716796875
24625.013671875
24594.255859375
24542.109375
24527.833984375
24527.421875
24529.515625
24532.05859375
24534.796875
24537.5
24540.01171875
24542.521484375
24544.8828125
24547.6875
24550.08203125
24551.87890625
24553.73828125
24555.494140625
24557.609375
24560.140625
24563.01171875
24566.09375
24569.291015625
24572.90234375
24576.845703125
24581.544921875
24586.935546875
24592.634765625
24600.345703125
24609.54296875
24621.78515625
24636.298828125
24652.31640625
24672.544921875
24698.630859375
24735.86328125
24785.65234375
24842.294921875
25012.728515625
25527.630859375
26454.990234375
28230.640625
31462.375
35542.30078125
40233.4921875
44655.31640625
48324.0625
51485.76171875
54188.359375
57836.83984375
62619.93359375
67607.7890625
73406.7421875
79260.984375
85619.6640625
93168.8828125
100447.3828125
107273.25
114232.140625
121567.234375
129282.9921875
136480.984375
143273.421875
149060.546875
155318.578125
161422.453125
167280.609375
172452.21875
177122.421875
180952.71875
184446.53125
188980.421875
184929.671875
181072.296875
177584.109375
174713.5
171467.453125
168439.859375
165195.234375
162054.25
159030.421875
156294.59375
153385.125
151225.234375
150028.96875
148071.515625
146067.46875
144233.484375
142837.375
141819.703125
140781.25
139905.984375
139173.578125
138736.0625
138627.015625
138451.796875
138251.421875
138045.59375
137785.578125
137539.65625
137283.859375
137045.296875
136866.375
136742.8125
136593.546875
136361.921875
136019.890625
135460.0625
134955.609375
134465.453125
133976.53125
133509.453125
132933.359375
132293.015625
131594.171875
130904.578125
130178.6953125
129428.8984375
128684.09375
127865.390625
127063.0078125
126260.1015625
