25400.0
25400.0
24693.720703125
24798.078125
24635.248046875
24199.640625
23594.556640625
23297.09375
23200.0078125
23208.876953125
23251.939453125
23343.103515625
23514.87890625
23861.25390625
24451.8125
24836.51953125
24974.732421875
25023.42578125
25048.21484375
25066.248046875
25083.669921875
25124.11328125
25142.07421875
25154.845703125
25165.73046875
25176.87890625
25189.8125
25204.96875
25218.646484375
25232.77734375
25242.810546875
25251.974609375
25260.5625
25266.22265625
25272.248046875
25273.50390625
25298.17578125
25575.06640625
26166.97265625
28013.072265625
31764.666015625
36436.6328125
41334.7890625
45886.25
50131.26953125
53746.37109375
56995.859375
60045.9453125
63013.3984375
65175.19140625
67991.7890625
72751.25
77390.9921875
83261.21875
89580.0078125
95439.765625
103123.5703125
110575.3359375
117754.875
124251.75
131233.546875
138719.453125
141035.015625
141209.6875
141311.5625
141227.59375
140956.46875
140677.0625
140096.375
139334.1875
138416.5625
137430.390625
136269.890625
135135.765625
134055.59375
133221.59375
132878.140625
132355.765625
131739.515625
131109.828125
130394.5859375
129696.125
128969.9375
128283.546875
127602.4921875
126943.7109375
126319.34375
125685.34375
125112.34375
124620.4609375
124153.265625
123652.3203125
122896.1953125
122203.3125
121347.15625
121371.125
121152.5546875
120652.5625
120048.2578125
119325.8046875
118747.4140625
118215.59375
117646.828125
117195.5546875
116856.71875
116541.890625
116280.875
116054.9453125
115969.828125
115803.421875
115602.4375
115413.7578125
115256.5859375
115111.6015625
114976.4296875
114862.4296875
114746.40625
114631.2890625
114520.6875
114432.28125
114366.078125
114317.8515625
114312.6875
114359.09375
114410.1484375
114462.0703125
