25400.0
25295.767578125
24623.642578125
23512.4609375
22058.091796875
20525.390625
19723.353515625
20064.48046875
20874.3515625
22358.58984375
23568.314453125
24451.529296875
24984.150390625
24894.4921875
24876.11328125
24906.298828125
24949.607421875
24990.193359375
25023.763671875
25053.75390625
25079.095703125
25101.0
25117.93359375
25132.345703125
25152.775390625
25167.130859375
25173.7734375
25205.55859375
25362.29296875
25881.5625
27471.1328125
31626.857421875
37372.828125
45519.86328125
51265.33984375
55989.4453125
61209.58203125
65551.4453125
69434.5703125
72755.7890625
76183.7265625
79193.28125
81600.6328125
83947.65625
86096.03125
88034.609375
89704.9453125
91255.9453125
92721.0
94025.96875
95377.40625
96607.8359375
97748.828125
98746.015625
99519.421875
100634.5390625
101886.9921875
103088.4375
104242.234375
105249.65625
106120.8984375
106858.0703125
107520.4296875
108079.328125
108584.734375
109015.9765625
109347.9921875
109658.0078125
109912.359375
110121.890625
110277.9609375
110397.734375
110455.765625
110441.1953125
110541.0078125
110596.6015625
110612.640625
110597.8984375
110566.0546875
110508.203125
110433.1171875
110336.9921875
110233.8046875
110113.0234375
109980.78125
109846.28125
109721.890625
109593.578125
109448.4609375
109293.953125
109146.9375
108982.7734375
108827.734375
108669.375
108526.1015625
108385.3359375
108246.515625
108120.7734375
108001.34375
107893.109375
107782.96875
107671.5234375
107569.546875
107454.40625
107340.6875
107232.046875
107144.9296875
107055.984375
106961.4296875
106848.5234375
106722.0
106600.515625
106474.34375
106347.734375
106261.3125
106207.2890625
106187.0078125
106151.09375
106110.6796875
106063.125
106010.4921875
105955.640625
105895.3125
105833.6953125
105768.4765625
