25400.0
24904.169921875
23529.50390625
22267.064453125
20791.71484375
19950.76953125
19338.751953125
19278.876953125
19964.126953125
20803.998046875
21736.439453125
23111.4296875
24367.52734375
25183.05078125
25151.43359375
25123.0625
25125.224609375
25139.208984375
25156.833984375
25174.587890625
25205.21875
25236.025390625
25255.6796875
25268.58203125
25277.5234375
25284.4765625
25287.751953125
25448.630859375
26151.794921875
28567.419921875
33997.8203125
40164.22265625
47512.29296875
51295.10546875
54198.84765625
57367.41015625
59932.90625
62542.8046875
66047.0703125
69583.2578125
72773.96875
76149.5625
79110.359375
81569.7109375
84024.8984375
86574.96875
88792.4921875
90641.09375
92371.6328125
93997.4921875
95467.484375
96792.671875
97892.6171875
98877.15625
99745.46875
100451.734375
101158.4921875
101832.6015625
102574.6875
103671.859375
104662.4921875
105550.4140625
106334.359375
107071.71875
107721.1875
108336.0859375
108874.2421875
109298.2890625
109702.2421875
110045.9375
110399.6015625
110677.0625
110889.3125
111051.9921875
111168.890625
111257.015625
111311.1953125
111335.171875
111331.3359375
111306.109375
111256.2109375
111192.2734375
111117.5859375
111032.734375
110929.53125
110814.0390625
110690.6484375
110543.5078125
110395.9453125
110186.375
109956.9921875
109788.484375
109717.53125
109631.4609375
109521.8984375
109402.609375
109267.2265625
109123.375
108982.2265625
108834.0078125
108688.21875
108537.3828125
108388.515625
108253.59375
108105.1796875
107964.2265625
107821.6953125
107696.4140625
107570.1640625
107444.125
107322.984375
107198.0078125
107079.5390625
106959.6015625
106844.203125
106748.890625
106650.1796875
106556.2890625
106466.53125
106388.4609375
106313.8125
106245.0546875
106182.890625
106119.6640625
106085.5546875
106107.390625
