25400.0
25400.0
25400.0
25317.462890625
25057.93359375
25057.93359375
25057.93359375
25057.93359375
25057.93359375
25057.93359375
25057.93359375
25057.93359375
25057.93359375
25057.93359375
25057.93359375
25057.93359375
25057.93359375
25057.93359375
25057.93359375
25083.3046875
25092.958984375
25095.15234375
25093.076171875
25093.07421875
25096.453125
31264.71875
46037.06640625
60354.984375
74871.921875
85438.765625
97205.8359375
107371.796875
116589.7421875
124491.9375
132375.171875
138458.890625
143288.859375
142899.828125
141843.5
140625.09375
139195.96875
137762.078125
136096.171875
134446.90625
132682.5625
131044.4296875
129431.671875
127910.1640625
126518.7265625
125127.6875
124046.1171875
122743.4375
121478.4921875
120405.9375
119310.703125
118354.65625
117540.0625
117000.1171875
116478.140625
115680.1875
114882.5
114120.1953125
113444.34375
112961.234375
113496.1640625
114018.953125
114010.375
113525.2109375
112921.03125
112551.3828125
112205.984375
112037.0546875
112043.21875
112071.71875
112194.0390625
112299.875
112291.1953125
112320.671875
112450.28125
112647.125
112872.9609375
113086.7734375
113294.9609375
113478.8515625
113659.4140625
113852.2890625
114051.8046875
114237.890625
114356.2890625
114482.4375
114663.140625
114869.9765625
115111.7734375
115367.078125
115647.75
115924.6640625
116167.59375
116410.2109375
116637.8515625
116843.515625
116999.71875
117072.390625
117057.0859375
116934.5625
116764.5859375
116578.78125
116371.265625
116149.7578125
115923.6640625
115682.625
115442.96875
115192.0234375
114944.828125
114752.0
114557.5234375
114371.5078125
114175.203125
113979.3359375
113771.1171875
113557.3984375
113346.5859375
113124.6015625
112907.390625
112680.9453125
