25400.0
24991.009765625
24798.89453125
23666.69140625
21292.54296875
20288.267578125
21326.47265625
22490.873046875
23441.94140625
24287.7890625
25088.96484375
24993.43359375
24976.861328125
24998.169921875
25028.580078125
25063.5234375
25095.326171875
25121.26953125
25146.30078125
25167.072265625
25184.611328125
25197.412109375
25207.4296875
25215.533203125
25274.861328125
25573.685546875
26795.875
29963.1171875
35165.44140625
40502.26171875
46688.97265625
52036.7421875
54725.7265625
58436.8125
62030.26171875
65876.2421875
69335.4609375
72756.140625
75776.0859375
79145.9921875
81977.9375
84184.3984375
86496.9296875
88439.6640625
90296.2421875
92225.9296875
93929.6875
95451.390625
96803.34375
98113.5390625
99237.4296875
100347.265625
101276.0546875
101984.5625
102653.3046875
103684.2578125
104669.9765625
105511.0625
106208.359375
106792.53125
107452.2734375
108154.390625
108687.0703125
109131.0390625
109495.65625
109778.328125
110035.96875
110229.0703125
110372.9921875
110464.421875
110533.140625
110574.7578125
110554.03125
110499.6640625
110476.5390625
110422.1484375
110323.953125
110204.6015625
110044.5
109882.921875
109708.8203125
109534.8359375
109356.8828125
109179.8046875
109007.1171875
108835.625
108670.859375
108480.5390625
108294.8671875
108130.765625
107952.453125
107779.609375
107634.84375
107564.1328125
107445.40625
107297.375
107139.3203125
106970.6328125
106806.3125
106639.5234375
106477.1875
106332.625
106176.8515625
106030.5078125
105884.171875
105747.328125
105590.6640625
105432.265625
105303.2890625
105189.0234375
105075.3046875
104958.625
104839.9765625
104731.671875
104609.8125
104491.546875
104370.2578125
104253.7734375
104134.7578125
104017.625
103910.6171875
103809.734375
103715.4296875
103621.3671875
