25400.0
25400.0
24680.875
24788.1875
24552.150390625
24103.736328125
23569.447265625
23421.85546875
23385.365234375
23398.578125
23431.6171875
23494.984375
23616.494140625
23868.0859375
24225.095703125
24765.560546875
24968.60546875
25037.1953125
25072.419921875
25118.921875
25152.041015625
25177.306640625
25200.1953125
25219.51171875
25236.5
25251.384765625
25263.5
25273.5078125
25283.470703125
25289.953125
25296.1015625
25301.337890625
25304.443359375
25308.16015625
25308.294921875
25305.255859375
25511.390625
26046.302734375
27707.314453125
31206.123046875
35468.16796875
40490.90234375
45132.4453125
48784.171875
51972.40625
55265.61328125
60277.33984375
65856.9609375
72172.765625
78789.8984375
86055.484375
94568.171875
101952.953125
109799.6484375
118155.3671875
126019.859375
134169.515625
141503.671875
149054.90625
154237.234375
153314.015625
152159.609375
150677.25
149352.140625
148063.578125
146548.640625
144917.578125
143383.0
141621.984375
140312.265625
138966.09375
137770.703125
136617.125
135543.390625
134493.21875
133402.78125
132376.5625
131083.1875
129494.921875
128467.328125
128106.4140625
127314.3125
126217.7265625
125150.078125
124188.1015625
123220.5390625
122609.4140625
122296.203125
121985.8671875
121531.2421875
121049.3515625
120686.890625
120345.078125
120022.9765625
119716.6171875
119474.8125
119289.515625
119173.8515625
119187.109375
119228.7734375
119268.7890625
119294.6953125
119295.515625
119214.171875
119031.375
118897.0546875
118789.328125
118693.6640625
118579.9140625
118438.875
118236.34375
117975.359375
117703.7109375
117410.2890625
117086.171875
116775.1640625
116415.71875
116040.28125
115613.6015625
115211.140625
114808.6953125
114415.640625
114031.25
113631.265625
113250.015625
112860.84375
