25400.0
25400.0
24928.486328125
24799.296875
24726.57421875
23157.73046875
21842.91796875
22043.3125
22903.275390625
23915.53125
24422.32421875
24579.66796875
24641.279296875
24690.29296875
24737.5
24780.79296875
24822.716796875
24865.369140625
24901.8046875
24955.041015625
25007.076171875
25055.919921875
25101.955078125
25129.453125
25152.74609375
25171.3203125
25188.099609375
25201.83203125
25211.525390625
25236.765625
25316.34765625
25635.78125
26499.546875
29056.244140625
33356.42578125
38623.36328125
44892.015625
50669.83203125
56439.6328125
63553.84765625
69668.1640625
74103.0859375
77720.328125
81434.2890625
84515.0234375
87815.9453125
90687.2421875
93227.6640625
95458.0078125
97478.0234375
99345.75
100911.125
102295.109375
103361.0859375
104356.3125
105354.9921875
106191.8671875
106933.2578125
107527.921875
108019.7578125
108402.1015625
108691.3359375
109266.1484375
110001.203125
110703.8125
111355.4921875
111833.53125
112266.9921875
112614.5625
112904.6640625
113128.6796875
113307.609375
113446.9921875
113531.8203125
113584.0234375
113604.3046875
113606.4921875
113579.40625
113529.515625
113332.7734375
113160.2890625
113066.8828125
113071.4375
113029.0703125
112941.921875
112830.375
112697.390625
112553.078125
112398.4296875
112238.171875
112088.078125
111916.265625
111746.140625
111567.5234375
111394.484375
111222.875
111075.65625
110935.4609375
110800.8515625
110673.515625
110544.2734375
110414.1171875
110282.1640625
110138.5
110002.421875
109860.6796875
109722.625
109577.625
109429.0625
109282.390625
109133.6796875
108988.421875
108844.0
108717.625
108611.921875
108491.359375
108367.2265625
108230.265625
108090.5625
107946.859375
107802.5078125
107662.1640625
107517.6171875
107378.375
107229.90625
