25400.0
25400.0
25400.0
25100.490234375
25041.373046875
25041.373046875
25041.373046875
25041.373046875
25041.373046875
25041.373046875
25041.373046875
25041.373046875
25041.373046875
25041.373046875
25041.373046875
25041.373046875
25041.373046875
25049.37109375
25071.4765625
25077.3984375
25078.0078125
25076.033203125
25076.322265625
25088.37109375
35648.94921875
50317.42578125
64977.76953125
78474.171875
89041.46875
100611.625
110577.25
119604.015625
127285.9453125
134742.96875
136679.609375
136588.90625
136209.140625
135540.8125
134669.203125
133616.796875
132537.046875
131255.421875
129971.390625
128628.0078125
127296.28125
125943.7890625
124677.28125
123551.8984375
122448.8828125
121438.2421875
120408.6640625
119445.546875
118749.5859375
117823.734375
117115.9765625
116638.84375
116149.609375
115631.7265625
115111.0
114636.109375
114165.65625
113671.7578125
112965.328125
112297.1171875
111744.140625
111187.734375
110772.28125
111493.921875
112051.7890625
111986.859375
111527.6171875
110918.6796875
110529.140625
110276.5390625
109973.3515625
109866.5
109882.0
109883.71875
110021.3046875
110173.375
110219.9453125
110197.71875
110186.7421875
110242.9140625
110358.359375
110489.4296875
110615.6484375
110737.40625
110843.015625
110966.484375
111095.84375
111177.046875
111237.59375
111327.90625
111452.015625
111598.5390625
111776.015625
111965.9609375
112177.6484375
112402.8125
112607.921875
112814.59375
113009.953125
113214.8671875
113410.109375
113593.5078125
113746.875
113838.84375
113849.9296875
113788.2109375
113697.9921875
113591.0
113482.0859375
113350.53125
113206.2265625
113049.015625
112889.5390625
112718.796875
112542.25
112367.6484375
112183.5625
112002.9765625
111814.2109375
