25400.0
25132.16015625
24961.9765625
22573.146484375
20861.759765625
19407.541015625
19568.3828125
20837.857421875
21790.005859375
22558.0
23288.94140625
23969.427734375
24575.62109375
25142.6171875
25079.103515625
25054.31640625
25061.607421875
25081.98828125
25105.427734375
25127.58984375
25147.736328125
25165.302734375
25181.3515625
25194.421875
25204.701171875
25212.376953125
25218.25
25225.412109375
25283.056640625
25481.52734375
26239.4140625
28509.8203125
32606.865234375
37621.578125
43277.20703125
47693.0078125
49986.5078125
52136.01953125
54783.35546875
57630.30078125
60462.984375
63177.078125
66174.859375
68906.2890625
71554.7734375
73905.078125
76610.96875
78959.8828125
80935.421875
82748.875
84486.8515625
86079.546875
87542.0078125
88900.90625
90392.0703125
91672.3828125
92893.5234375
94011.96875
95115.546875
96172.0
97113.515625
98045.65625
98867.3125
99604.0
100300.75
101246.953125
102177.359375
102998.1484375
103769.4140625
104450.5078125
105075.015625
105558.21875
106004.1796875
106674.4453125
107217.5
107672.0
108047.4375
108338.9375
108620.4609375
108864.9140625
109084.8828125
109264.4375
109413.625
109530.0
109608.015625
109680.109375
109730.6640625
109748.5078125
109720.625
109675.078125
109647.6875
109618.796875
109566.6953125
109494.0703125
109396.78125
109278.8203125
109152.1640625
109020.2109375
108888.0625
108746.6640625
108611.3671875
108486.015625
108344.5859375
108202.546875
108056.9296875
107915.6484375
107771.6796875
107631.2578125
107499.3984375
107367.421875
107243.4453125
107117.53125
106984.96875
106941.7734375
106877.0234375
106787.3984375
106675.8828125
106557.9296875
106430.5546875
106301.390625
106176.75
106049.7421875
105929.1640625
105806.984375
