25400.0
25400.0
25400.0
25272.92578125
25013.974609375
25013.974609375
25013.974609375
25013.974609375
25013.974609375
25013.974609375
25013.974609375
25013.974609375
25013.974609375
25013.974609375
25013.974609375
25029.296875
25048.716796875
25054.951171875
25057.07421875
25057.900390625
25058.46875
25056.349609375
25055.388671875
25058.5
28919.015625
43374.703125
57517.27734375
72548.9921875
84810.640625
95908.9609375
106723.2109375
115950.2734375
124505.9296875
132049.625
138231.875
140481.5625
139792.828125
138903.8125
137834.15625
136488.921875
134996.140625
133586.3125
132005.578125
130464.6953125
128866.0390625
127420.265625
126029.0
124708.2109375
123465.6953125
122244.6640625
121265.3203125
120138.609375
119069.953125
118185.4609375
117323.1875
116731.546875
116156.5390625
115611.625
115086.0703125
114315.1484375
113561.9765625
112835.484375
112201.4140625
111751.7578125
112604.9375
113094.6796875
112874.2265625
112297.7109375
111678.34375
111310.4921875
110970.59375
110770.1640625
110750.9453125
110739.984375
110886.7734375
111057.2109375
111088.6015625
111074.234375
111104.65625
111209.28125
111354.84375
111488.9296875
111616.9453125
111741.5078125
111870.8515625
112019.671875
112078.65625
112154.421875
112270.28125
112406.234375
112591.84375
112795.3203125
113027.21875
113267.984375
113520.2109375
113751.375
113971.0859375
114201.9375
114412.0703125
114598.9140625
114728.7578125
114778.5390625
114716.4453125
114616.28125
114491.3359375
114355.015625
114198.546875
114026.015625
113848.5625
113656.7578125
113464.7421875
113260.8671875
113052.578125
112861.6796875
112664.3359375
112501.4609375
112343.96875
112190.46875
112026.5
111855.75
111684.96875
111502.53125
111321.8046875
111130.78125
