25400.0
25400.0
24847.8125
24398.353515625
22458.923828125
21386.77734375
20547.57421875
20301.091796875
20860.80859375
21684.03515625
22885.041015625
24408.408203125
24852.15234375
24873.16796875
24866.279296875
24870.015625
24886.591796875
24906.8515625
24927.388671875
24952.634765625
24973.44140625
24994.8515625
25032.259765625
25054.4296875
25070.673828125
25086.1796875
25106.943359375
25132.04296875
25204.78125
25467.908203125
26178.619140625
28118.322265625
32790.7265625
38720.60546875
45182.8828125
51363.9296875
56921.69140625
59961.28125
62657.203125
65370.19921875
68442.625
71741.4609375
74805.6328125
77939.859375
81192.0546875
83963.921875
86545.921875
88994.828125
91458.5078125
93537.7109375
95250.703125
96832.9296875
98309.03125
99669.1484375
100844.4765625
101761.9140625
102632.609375
103263.84375
103936.1953125
104599.828125
105210.4921875
105739.796875
106180.4609375
106969.5
107752.9921875
108457.4765625
109084.359375
109586.140625
110056.5859375
110447.8359375
110786.8125
111117.3671875
111452.421875
111713.3984375
111905.0078125
112055.4140625
112167.0703125
112248.359375
112299.6015625
112319.765625
112313.3828125
112285.53125
112234.7734375
112155.1484375
112067.1796875
111969.0234375
111862.828125
111744.3515625
111553.984375
111338.015625
111142.4296875
111000.5859375
110957.84375
110887.1640625
110787.453125
110671.375
110537.578125
110398.890625
110259.484375
110110.2578125
109963.109375
109811.1640625
109658.3515625
109519.796875
109366.5703125
109219.9765625
109069.453125
108938.203125
108810.9296875
108686.6484375
108570.609375
108458.5
108355.25
108247.65625
108144.6328125
108058.5
107969.1328125
107885.8515625
107800.90625
107718.4453125
107632.640625
107544.4296875
107455.359375
107349.203125
107246.453125
107138.8984375
