25400.0
25400.0
24908.197265625
24822.32421875
24537.71484375
22832.802734375
21522.728515625
21664.46875
22480.654296875
23980.44140625
24444.50390625
24580.291015625
24631.544921875
24673.798828125
24717.720703125
24767.484375
24838.486328125
24905.291015625
24956.935546875
25005.78515625
25046.302734375
25081.357421875
25112.71875
25144.41796875
25166.939453125
25184.9453125
25199.359375
25210.89453125
25219.46484375
25231.482421875
25264.9296875
25434.734375
25887.685546875
27418.12890625
30754.03125
35504.1796875
41211.58984375
47272.49609375
53565.015625
60326.390625
66789.5546875
71246.7265625
74910.1640625
78632.8125
81751.5
85027.1875
87938.59375
90530.0625
92793.1796875
94846.734375
96801.8046875
98469.296875
99974.640625
101177.6015625
102268.9140625
103342.7890625
104288.1171875
105143.3515625
105844.421875
106438.5703125
106918.03125
107298.9453125
107765.4296875
108620.2890625
109433.5078125
110157.171875
110705.453125
111218.2421875
111635.015625
111994.0390625
112279.9921875
112520.890625
112722.984375
112871.4140625
112974.0390625
113044.328125
113091.0078125
113106.78125
113076.8671875
112924.734375
112790.703125
112816.6015625
112835.171875
112804.375
112736.515625
112642.5546875
112526.296875
112404.6015625
112270.640625
112124.2265625
111986.8125
111826.7734375
111665.1171875
111492.9921875
111322.9453125
111165.7890625
111011.9453125
110866.6171875
110726.1171875
110594.9375
110468.984375
110340.21875
110227.3515625
110105.6484375
109965.2265625
109822.453125
109683.4921875
109537.328125
109388.515625
109246.6328125
109099.6171875
108956.1328125
108823.671875
108708.671875
108603.8515625
108480.203125
108351.9375
108211.0859375
108070.9609375
107927.2890625
107782.734375
107642.8125
107499.0078125
107359.5
107215.2734375
