25400.0
24918.1328125
22961.146484375
21686.8984375
19530.228515625
18510.615234375
18953.283203125
20398.6171875
21517.830078125
22378.294921875
23157.314453125
23853.97265625
24455.72265625
25000.3828125
25160.62890625
25132.083984375
25137.423828125
25154.052734375
25174.46484375
25191.76171875
25206.69921875
25209.3984375
25213.751953125
25224.8671875
25318.4296875
25740.892578125
27296.857421875
31151.61328125
36896.26171875
42234.65625
45489.75390625
48250.33984375
51011.171875
54432.2265625
57715.41015625
61057.98046875
64323.37109375
67453.2265625
70239.1171875
73036.84375
75822.078125
78003.3671875
80118.6875
82053.109375
83907.3671875
85444.484375
86946.21875
88545.5
89946.0625
91298.265625
92514.0625
93670.5859375
94792.859375
95760.375
96769.8359375
98082.8828125
99407.8984375
100539.671875
101582.578125
102521.4765625
103336.984375
104103.7109375
104777.7421875
105396.3125
105820.9375
106313.1796875
106883.671875
107331.7734375
107706.0859375
108002.4609375
108247.3125
108441.9296875
108596.4375
108734.6640625
108844.15625
108927.46875
109000.78125
109046.734375
109057.2421875
109033.7109375
108977.6171875
108888.8828125
108781.296875
108673.2578125
108596.46875
108506.109375
108399.8046875
108268.375
108118.0390625
107987.859375
107843.734375
107699.7109375
107545.71875
107392.25
107230.7578125
107066.7109375
106911.6328125
106754.9140625
106608.234375
106465.59375
106330.671875
106214.2421875
106090.25
106004.515625
105970.2890625
105905.234375
105814.0703125
105709.609375
105587.3984375
105453.515625
105323.6484375
105190.4609375
105058.7734375
104941.734375
104815.65625
104697.75
104580.0546875
104469.578125
104360.125
104254.5234375
104155.6640625
104069.7890625
103986.3984375
103897.34375
