25400.0
25400.0
25400.0
25273.302734375
25048.177734375
24979.435546875
24979.435546875
24979.435546875
24979.435546875
24979.435546875
24979.435546875
24979.435546875
24979.435546875
24979.435546875
24987.375
25014.12890625
25020.7734375
25023.85546875
25025.525390625
25026.34765625
25026.91015625
25026.13671875
25024.236328125
25026.001953125
27193.37890625
40270.4765625
55396.05859375
70463.1015625
83516.984375
96143.796875
106335.3671875
116183.4765625
124765.421875
132543.671875
138664.25
139418.0
138742.15625
137895.140625
136705.546875
135341.390625
133822.140625
132249.96875
130815.2890625
129246.3203125
127745.5546875
126273.0859375
124920.2578125
123608.640625
122368.640625
121206.171875
120155.046875
119284.21875
118284.1171875
117356.3515625
116756.3046875
116167.5546875
115592.1171875
115015.1796875
114478.265625
113659.296875
112888.953125
112227.6875
111648.9140625
111657.96875
112336.0390625
112459.609375
112102.703125
111413.3515625
110962.0390625
110630.5546875
110299.578125
110215.4453125
110214.6171875
110371.2109375
110545.96875
110585.78125
110538.015625
110508.5625
110553.953125
110660.046875
110777.8125
110894.7890625
111008.765625
111134.0078125
111177.140625
111232.0078125
111330.96875
111466.25
111638.2109375
111842.875
112046.9921875
112293.4140625
112541.7578125
112777.2109375
113004.3046875
113243.8515625
113474.640625
113671.7265625
113818.078125
113871.4453125
113829.078125
113752.1171875
113665.734375
113553.4375
113426.890625
113277.6796875
113122.6875
112950.953125
112771.3359375
112590.890625
112398.796875
112208.9375
112008.921875
111806.125
111648.828125
111497.734375
111355.7109375
111204.046875
111050.21875
110884.0
110710.875
110538.265625
110355.40625
110174.515625
109984.9609375
