25400.0
25400.0
25400.0
24984.96875
24710.244140625
24713.0390625
24787.134765625
24798.9375
24802.115234375
24804.27734375
24806.51953125
24808.681640625
24810.693359375
24812.65625
24814.453125
24816.9140625
24819.296875
24820.744140625
24819.25390625
24822.474609375
26392.43359375
38597.33203125
53245.59375
68855.015625
82592.9609375
96303.375
107941.8359375
118378.8359375
128143.5859375
135022.453125
135069.609375
134763.484375
134103.46875
133075.703125
131756.71875
130308.7421875
128855.4765625
127263.5625
125801.484375
124374.765625
122998.375
121807.5234375
120504.6640625
119378.71875
118336.2265625
117504.3203125
116529.1328125
115843.859375
115273.265625
114662.9296875
114088.1328125
113569.2734375
112770.265625
112069.1796875
111357.0390625
110728.328125
111188.6484375
111650.2265625
111458.9921875
110849.1796875
110232.0859375
109839.640625
109470.0234375
109291.0078125
109370.90625
109457.0078125
109573.1171875
109573.2734375
109429.8828125
109321.015625
109326.1640625
109419.1875
109515.6171875
109600.453125
109591.6484375
109590.125
109636.4765625
109715.78125
109843.84375
109997.265625
110183.40625
110385.9609375
110603.4765625
110803.3828125
111000.03125
111215.0625
111418.5703125
111604.765625
111738.1640625
111786.734375
111739.7421875
111662.0078125
111562.25
111449.65625
111316.1953125
111165.0078125
111009.3359375
110838.6171875
110667.2890625
110484.3828125
110297.4453125
110129.3046875
109978.2578125
109845.1015625
109706.625
109565.953125
109413.046875
109252.6171875
109091.421875
108920.015625
108750.328125
108571.703125
108390.609375
108225.703125
108041.7890625
107863.140625
107678.734375
107500.1875
107316.1328125
107132.8515625
106956.3203125
106775.1953125
106601.109375
106423.078125
