25400.0
25400.0
25400.0
25177.474609375
24943.4296875
24943.427734375
24943.427734375
24943.427734375
24943.427734375
24954.294921875
24991.484375
24999.69140625
25002.412109375
25004.064453125
25005.31640625
25007.19140625
25009.2421875
25010.19140625
25011.03125
25010.396484375
25008.65625
25013.453125
29227.14453125
44272.77734375
58751.4609375
74190.5390625
87178.65625
99397.0859375
110145.4921875
119345.3984375
127945.5
134569.859375
140209.859375
144858.5
147899.96875
145512.71875
143278.96875
140857.234375
138468.0
136087.53125
133847.375
131853.03125
129791.0390625
127989.953125
126077.90625
124397.3984375
122824.203125
121380.2109375
120106.484375
118824.421875
117481.296875
116188.5859375
115022.734375
115371.71875
116059.328125
115698.046875
114799.8671875
114267.5078125
113753.5390625
113569.96875
113486.796875
113587.03125
113739.7421875
113753.2109375
113801.7265625
113957.234375
114192.359375
114408.3671875
114618.4140625
114816.0859375
115004.4375
115092.671875
115216.609375
115410.4609375
115647.1796875
115934.140625
116255.1640625
116535.4375
116821.3984375
117093.3828125
117343.609375
117518.7265625
117575.140625
117491.3515625
117296.40625
117053.90625
116797.1328125
116514.015625
116213.390625
115934.265625
115648.6640625
115410.015625
115170.046875
114932.421875
114676.0703125
114410.1875
114145.1640625
113865.4375
113590.3828125
113303.0703125
113013.8671875
112751.65625
112461.84375
112181.5859375
111893.7421875
111613.6015625
111321.7265625
111032.875
110757.53125
110477.5390625
110211.09375
109940.015625
109673.796875
109437.1015625
109179.6875
108935.25
108687.9765625
108454.5
108219.3828125
107990.0234375
107773.3125
107554.515625
107347.3828125
107137.9296875
