25400.0
25400.0
25400.0
24984.591796875
24686.01953125
24704.830078125
24772.392578125
24783.34375
24786.29296875
24788.376953125
24790.580078125
24792.7734375
24794.880859375
24796.94140625
24798.77734375
24800.5703125
24803.5625
24805.38671875
24806.599609375
24803.900390625
24818.759765625
29069.353515625
42984.51953125
57140.96484375
72072.109375
85264.28125
97963.7421875
109463.4453125
119468.1484375
127977.9765625
134858.203125
134926.265625
134683.265625
134082.34375
133164.3125
131968.171875
130660.0234375
129196.4140625
127732.09375
126271.9921875
124892.8046875
123693.9609375
122417.25
121196.203125
119996.375
118925.046875
117992.765625
117122.5859375
116374.1875
115803.21875
115229.203125
114661.7421875
114111.140625
113587.4921875
112779.7421875
112050.921875
111427.6171875
110877.375
111426.4609375
111917.9296875
111776.0703125
111205.28125
110555.375
110170.6796875
109839.515625
109586.796875
109541.9765625
109600.640625
109768.5546875
109882.8671875
109822.640625
109719.2265625
109681.4375
109743.328125
109855.828125
109978.4140625
110080.5859375
110166.0703125
110172.421875
110190.9765625
110252.84375
110351.78125
110488.484375
110653.359375
110836.4140625
111044.7578125
111253.7890625
111449.34375
111645.3046875
111828.7265625
112027.9140625
112201.3671875
112339.0
112406.53125
112369.5390625
112274.421875
112160.578125
112025.953125
111882.7265625
111719.328125
111544.4609375
111380.0
111192.7421875
111006.6875
110810.78125
110646.484375
110498.578125
110355.609375
110212.7109375
110058.7421875
109903.0546875
109736.890625
109564.96875
109406.6484375
109228.1484375
109053.0234375
108870.3125
108692.375
108507.84375
108322.5546875
108143.4296875
107958.40625
107780.5234375
107597.5859375
