25400.0
25400.0
25400.0
24959.529296875
24718.62109375
24719.6640625
24797.083984375
24809.658203125
24813.009765625
24815.244140625
24817.517578125
24819.72265625
24821.763671875
24823.787109375
24825.58203125
24828.111328125
24830.521484375
24832.068359375
24829.400390625
24837.232421875
28245.90625
41785.2265625
56659.328125
72583.296875
85996.625
99491.3515625
110960.171875
121127.7890625
130594.8515625
136167.25
135965.328125
135447.9375
134580.671875
133427.484375
132001.875
130437.3671875
128835.9140625
127213.7734375
125732.5
124291.171875
122906.78125
121650.921875
120375.6796875
119248.765625
118245.5859375
117235.1953125
116432.609375
115817.09375
115214.65625
114619.59375
113970.7265625
113099.03125
112293.46875
111631.8203125
111369.078125
112156.8984375
112394.9921875
111943.9453125
111190.9375
110753.953125
110404.8046875
110114.0
110063.59375
110083.421875
110270.3203125
110372.8671875
110300.0078125
110237.1328125
110290.0859375
110412.3359375
110560.2734375
110703.1484375
110827.6484375
110936.1328125
110965.1875
111027.9375
111140.5078125
111277.2890625
111464.6640625
111673.5546875
111912.6015625
112150.3359375
112373.3671875
112596.859375
112817.953125
113024.96875
113187.390625
113275.6796875
113256.5703125
113157.140625
113014.7890625
112856.6953125
112677.5390625
112487.578125
112279.3125
112063.40625
111848.640625
111622.28125
111436.3828125
111265.9453125
111097.2421875
110940.625
110759.25
110577.03125
110382.3671875
110189.6015625
109985.7890625
109779.3515625
109577.765625
109367.8515625
109164.0625
108953.5390625
108743.2265625
108553.5625
108344.5234375
108143.78125
107937.59375
107739.828125
107537.75
107337.7734375
107146.2421875
106950.9296875
106764.2421875
106574.0859375
