25400.0
25400.0
25400.0
25194.033203125
24965.962890625
24965.9609375
24965.9609375
24965.9609375
24965.9609375
24965.9609375
24992.419921875
25015.8125
25021.4296875
25023.66796875
25025.025390625
25026.9921875
25028.951171875
25029.8515625
25030.63671875
25029.333984375
25028.095703125
25035.71875
31682.21484375
47344.203125
62255.390625
77174.859375
90115.7265625
102167.9921875
112746.359375
121789.0078125
130249.890625
136649.171875
142049.0
146440.015625
148356.140625
145834.53125
143430.953125
140863.109375
138441.96875
136019.015625
133706.5
131687.09375
129710.21875
127666.2109375
125709.6328125
124032.796875
122513.203125
121120.40625
119791.6640625
118328.8203125
117020.7734375
115793.3984375
116091.25
116564.53125
116219.8046875
115440.8125
114895.359375
114349.9453125
114291.0546875
114284.2421875
114446.0
114494.9921875
114515.28125
114703.3671875
114979.6171875
115241.8515625
115534.5078125
115780.296875
116046.2734375
116320.578125
116530.984375
116699.765625
116919.1328125
117203.5859375
117520.890625
117883.2890625
118231.8671875
118515.625
118812.7109375
119046.8359375
119190.4609375
119185.109375
119028.546875
118757.484375
118457.046875
118125.9140625
117789.015625
117428.703125
117108.28125
116847.546875
116563.8828125
116282.5859375
115982.328125
115683.3125
115368.125
115048.203125
114735.953125
114411.234375
114096.2890625
113771.1640625
113442.9375
113143.859375
112815.1796875
112500.7421875
112181.1796875
111876.796875
111567.1328125
111263.109375
110973.4296875
110680.0625
110401.9765625
110120.953125
109846.4921875
109603.90625
109341.4140625
109092.9140625
108842.0546875
108604.578125
108364.6015625
108130.0078125
107907.7890625
107683.390625
107470.953125
107254.2109375
