25400.0
25400.0
25400.0
25035.2890625
24732.298828125
24732.298828125
24783.572265625
24814.234375
24820.740234375
24823.232421875
24825.28515625
24827.294921875
24829.267578125
24830.978515625
24832.75
24834.388671875
24836.39453125
24838.759765625
24840.267578125
24841.24609375
24838.466796875
24844.888671875
27298.517578125
39878.05078125
53449.20703125
68092.09375
80917.2578125
93679.765625
105068.1953125
114261.4296875
123563.734375
131425.625
136703.578125
136466.328125
136008.53125
135251.96875
134198.390625
132906.640625
131549.203125
130090.1484375
128558.84375
127218.859375
125818.5703125
124511.859375
123212.2890625
121983.2890625
120758.7734375
119686.28125
118788.9921875
117886.78125
116942.8515625
116122.9609375
115599.5
115096.2734375
114538.234375
114044.1015625
113352.796875
112659.640625
111980.390625
111345.46875
110947.375
111696.8515625
112064.2109375
111769.09375
111139.5234375
110557.28125
110186.53125
109872.234375
109590.8671875
109587.1484375
109650.921875
109786.5625
109883.0859375
109835.8828125
109714.9765625
109628.21875
109641.4921875
109718.703125
109822.3515625
109909.140625
109954.2890625
109944.84375
109960.640625
110016.5859375
110105.7265625
110229.734375
110373.4375
110545.59375
110737.8984375
110922.234375
111105.015625
111281.6484375
111472.734375
111663.34375
111847.3203125
112002.296875
112098.90625
112116.703125
112059.1640625
111972.3828125
111868.6796875
111763.1328125
111633.890625
111492.9453125
111338.046875
111181.984375
111013.7265625
110840.6796875
110669.671875
110494.578125
110354.71875
110224.28125
110094.625
109972.8515625
109831.25
109688.3203125
109534.46875
109380.7421875
109217.8671875
109051.9921875
108888.8828125
108718.53125
108552.0625
108378.875
