25400.0
25400.0
25400.0
25092.005859375
24807.34375
24807.34375
24807.34375
24869.244140625
24886.5078125
24891.0078125
24893.357421875
24895.3671875
24897.19140625
24898.923828125
24900.525390625
24902.1015625
24904.265625
24906.353515625
24907.69140625
24908.783203125
24906.041015625
24907.96875
25352.509765625
36766.703125
50821.32421875
65233.5
78375.6171875
91057.609375
102599.0234375
111928.1796875
121367.359375
129563.59375
136203.0625
141410.0
143831.4375
142380.4375
140827.859375
139022.546875
137115.34375
135141.28125
133210.953125
131509.390625
129740.8203125
128025.7421875
126349.3515625
124968.640625
123424.140625
121967.578125
120714.578125
119528.7890625
118453.3203125
117422.703125
116490.6328125
115595.078125
114696.9765625
113888.4921875
113544.0078125
114251.3828125
114615.5703125
114157.953125
113386.234375
112919.6015625
112535.5
112248.5625
112203.7265625
112186.3671875
112324.09375
112463.5546875
112458.8671875
112456.15625
112564.515625
112733.8984375
112914.25
113085.625
113255.2890625
113433.3984375
113554.375
113616.3671875
113720.6484375
113868.140625
114063.671875
114283.9296875
114539.78125
114815.8984375
115051.796875
115284.6640625
115508.7578125
115716.7421875
115877.5078125
115954.40625
115945.8828125
115806.40625
115609.4921875
115397.40625
115162.6015625
114915.5078125
114664.1953125
114397.921875
114154.453125
113939.5
113735.1171875
113548.25
113334.3046875
113120.0625
112892.0546875
112666.4453125
112428.984375
112188.375
111953.8984375
111710.421875
111473.8046875
111229.6796875
110985.6484375
110766.8515625
110525.671875
110293.9375
110056.2578125
109824.78125
109584.9921875
109347.953125
109121.859375
108892.125
108673.15625
108450.9453125
