25400.0
25400.0
25400.0
25005.6484375
24713.94921875
24714.77734375
24796.51171875
24810.146484375
24813.60546875
24815.796875
24817.97265625
24820.173828125
24822.271484375
24824.30078125
24826.13671875
24827.896484375
24830.978515625
24832.70703125
24834.009765625
24831.20703125
24842.24609375
28388.484375
41905.29296875
56290.140625
71203.03125
84411.6484375
97139.4296875
108670.2890625
118734.6875
127273.7109375
135064.375
138651.078125
138000.765625
137153.140625
136002.34375
134574.34375
133014.6875
131296.65625
129672.7578125
128027.7890625
126483.5703125
125155.65625
123674.7109375
122336.765625
121087.46875
119985.2265625
118794.859375
117731.0625
116829.5
116176.15625
115596.2421875
114995.671875
114101.2890625
113332.7421875
112569.2421875
111905.203125
112591.6484375
113147.8203125
112922.03125
112246.578125
111680.53125
111279.4765625
110864.4765625
110792.40625
110777.59375
110867.390625
111054.21875
111090.71875
111044.6171875
111045.6484375
111145.9765625
111291.5859375
111436.421875
111597.7421875
111749.8828125
111905.546875
111960.0
112016.484375
112124.5
112271.0625
112459.09375
112668.6640625
112908.6796875
113164.078125
113380.8984375
113598.890625
113812.0625
114014.078125
114178.921875
114270.0546875
114287.8359375
114176.171875
114012.1015625
113831.15625
113628.953125
113414.4609375
113193.625
112958.1640625
112724.4609375
112501.0859375
112309.703125
112144.5234375
111959.6953125
111774.71875
111576.953125
111379.5625
111170.3125
110957.34375
110748.09375
110529.953125
110317.6875
110097.21875
109876.5078125
109677.6484375
109458.796875
109247.609375
109030.8984375
108822.5859375
108608.890625
108397.859375
108195.6796875
107988.953125
107791.4609375
107587.6328125
