25400.0
25400.0
25400.0
25024.0390625
24716.29296875
24717.904296875
24804.66796875
24819.494140625
24823.09375
24825.189453125
24827.28515625
24829.505859375
24831.59375
24833.638671875
24835.544921875
24837.375
24839.455078125
24842.126953125
24843.822265625
24845.20703125
24842.66796875
24847.29296875
25940.416015625
37077.41015625
50639.78515625
64768.6171875
77767.0625
90316.34375
101826.8203125
111147.9921875
120578.390625
128831.75
135625.109375
140909.453125
142901.4375
141560.71875
140100.5625
138341.765625
136520.921875
134636.625
132770.515625
131121.90625
129402.0
127723.1015625
126083.7890625
124677.453125
123228.671875
121797.3828125
120558.578125
119384.640625
118323.984375
117305.390625
116411.0390625
115518.828125
114641.2109375
113841.203125
113203.0
113931.3125
114470.984375
114172.7578125
113460.734375
112868.25
112456.0234375
112000.3359375
111952.703125
111958.5390625
112047.703125
112231.3359375
112258.421875
112214.5390625
112230.453125
112344.4296875
112495.5234375
112645.7421875
112806.953125
112974.078125
113139.5703125
113183.828125
113248.8125
113356.390625
113512.0859375
113696.3125
113916.2734375
114160.09375
114398.65625
114617.6640625
114823.3203125
115034.15625
115214.78125
115338.6640625
115398.234375
115374.796875
115228.6875
115034.6875
114813.25
114578.140625
114343.0546875
114085.15625
113832.4375
113605.6171875
113403.2734375
113223.3125
113019.625
112815.3828125
112597.40625
112381.7265625
112153.7890625
111923.3046875
111698.0234375
111463.71875
111236.0234375
111000.6796875
110765.859375
110554.546875
110321.8359375
110097.828125
109868.2265625
109647.8671875
109416.359375
109186.8828125
108967.8203125
108745.28125
108533.25
108317.6796875
