25400.0
25400.0
25186.61328125
24572.314453125
24443.33984375
23974.75390625
23390.203125
23240.271484375
23197.55859375
23197.90625
23232.892578125
23319.17578125
23497.828125
23891.880859375
24586.373046875
24902.03515625
25006.01171875
25035.828125
25055.021484375
25074.52734375
25112.66015625
25144.357421875
25162.50390625
25175.517578125
25188.4140625
25204.814453125
25221.12890625
25236.037109375
25248.74609375
25259.0390625
25267.431640625
25274.53125
25275.703125
25367.541015625
25797.28515625
27073.548828125
30222.837890625
35417.171875
40865.13671875
46388.4609375
51213.65234375
55341.09765625
58944.546875
62620.01953125
65090.60546875
69718.4296875
75464.703125
81782.3203125
88815.4375
96427.9609375
105361.96875
113946.5
122208.828125
130101.2734375
135743.03125
136754.78125
137286.34375
137396.1875
137372.859375
137111.953125
136753.46875
136174.234375
135372.40625
134464.5625
133447.953125
132375.171875
131220.546875
130532.78125
129983.90625
129671.1875
129193.71875
128560.015625
127862.5
127136.46875
126443.0234375
125807.8515625
125171.2578125
124578.921875
123982.2265625
123392.5859375
122868.03125
122340.3984375
121859.6015625
121221.8203125
120528.5078125
119793.2578125
119596.59375
119474.03125
119027.4453125
118443.0703125
117722.9453125
117159.140625
116688.7578125
116110.609375
115712.6484375
115400.0234375
115121.0546875
114896.1484375
114660.21875
114465.7890625
114359.59375
114252.640625
114140.4921875
114025.25
113917.90625
113805.78125
113713.8515625
113642.046875
113566.6015625
113492.109375
113431.2109375
113390.0859375
113391.6796875
113441.8203125
113494.25
113541.265625
113575.6875
113603.46875
113618.640625
113619.6484375
113556.9296875
113455.59375
113370.09375
113299.3203125
113230.2109375
113163.3828125
113094.1328125
