25400.0
25400.0
25400.0
25157.72265625
24895.884765625
24895.884765625
24895.884765625
24895.884765625
24907.01171875
24949.984375
24960.01171875
24963.3125
24965.203125
24966.748046875
24968.154296875
24969.447265625
24971.8046875
24973.369140625
24974.41015625
24975.12890625
24972.322265625
24973.525390625
25510.80078125
37617.47265625
52070.85546875
67089.21875
80201.515625
92970.2890625
104448.8515625
113702.53125
123051.7734375
131094.140625
137546.078125
142634.6875
145295.515625
143638.1875
141918.265625
139957.171875
137912.84375
135811.140625
133767.4375
131986.796875
130122.1953125
128350.015625
126726.7578125
125166.3125
123540.921875
122039.0703125
120782.65625
119599.96875
118529.8046875
117477.0546875
116364.2265625
115464.8046875
114596.0625
114090.5859375
114620.7109375
115149.4765625
114758.328125
113975.9375
113524.0078125
113097.7890625
112904.875
112867.1171875
112933.109375
113047.4609375
113071.84375
113101.921875
113227.296875
113427.3515625
113657.703125
113886.5234375
114078.3828125
114288.7578125
114502.6953125
114711.1875
114821.9140625
114948.4140625
115145.78125
115377.7265625
115652.9140625
115944.34375
116255.1875
116528.5
116781.234375
117027.3125
117220.5234375
117339.6015625
117337.5625
117227.1171875
117014.8125
116778.5234375
116515.3046875
116247.4375
115956.2734375
115658.390625
115390.8125
115149.984375
114925.9296875
114690.4609375
114447.3828125
114221.59375
113965.390625
113712.484375
113447.3125
113187.8828125
112918.015625
112647.2109375
112385.53125
112114.9140625
111854.578125
111586.7890625
111320.8125
111077.203125
110808.5
110551.4921875
110289.484375
110040.1328125
109786.5
109537.40625
109300.1171875
109059.2734375
108830.1875
108597.671875
