25400.0
25400.0
25400.0
25167.197265625
24952.345703125
24952.345703125
24952.345703125
24952.345703125
24952.345703125
24969.541015625
25001.91015625
25009.04296875
25011.498046875
25013.10546875
25014.376953125
25017.068359375
25018.3515625
25019.185546875
25019.60546875
25017.228515625
25019.349609375
26892.87109375
40999.59765625
56464.70703125
71820.4375
85951.9375
98292.8671875
109436.953125
119908.390625
127752.34375
134667.0
140206.15625
145095.484375
148735.671875
147140.578125
144383.34375
141691.109375
138977.34375
136501.359375
134005.296875
131670.9375
129708.015625
127554.359375
125656.2421875
123888.8828125
122332.484375
120888.53125
119287.265625
117814.71875
116438.015625
116139.4765625
116735.984375
116307.2734375
115497.609375
114897.9140625
114309.8046875
114234.0625
114238.9453125
114379.3984375
114420.9765625
114464.2109375
114655.0234375
114898.8671875
115144.9609375
115375.4296875
115578.3984375
115774.3984375
115877.5234375
116039.8828125
116265.6953125
116555.703125
116890.7109375
117233.515625
117548.1171875
117842.71875
118112.671875
118296.2109375
118336.40625
118224.2734375
117990.3203125
117707.3515625
117408.6328125
117079.3984375
116736.2109375
116424.34375
116146.796875
115885.5703125
115607.109375
115316.6640625
115045.375
114736.953125
114432.4296875
114113.5
113802.3671875
113479.703125
113157.0625
112845.0546875
112516.7890625
112200.6796875
111877.6484375
111559.8203125
111277.4921875
110969.6875
110676.9609375
110379.5703125
110097.09375
109811.2890625
109532.7421875
109269.5859375
109004.296875
108754.3046875
108501.921875
108255.515625
108037.515625
107801.4375
107577.734375
107352.03125
107138.171875
106922.1015625
106710.828125
106510.890625
106309.09375
106118.1484375
105925.28125
