25400.0
25400.0
25400.0
24958.5234375
24717.275390625
24718.607421875
24795.3984375
24807.85546875
24811.181640625
24813.400390625
24815.671875
24817.875
24819.91015625
24821.9140625
24823.697265625
24826.25
24828.646484375
24830.177734375
24827.50390625
24835.50390625
28319.287109375
41918.20703125
56777.54296875
72715.65625
86128.65625
99620.7734375
111085.296875
121258.203125
130692.8359375
135689.1875
135539.71875
135051.8125
134215.34375
133091.90625
131697.03125
130173.7421875
128582.1015625
126987.1953125
125529.5234375
124106.9453125
122742.84375
121511.34375
120243.984375
119102.921875
118157.2734375
117162.2734375
116387.5625
115772.8671875
115173.53125
114579.5625
114005.9140625
113131.3515625
112321.734375
111655.328125
111062.4765625
111881.5390625
112303.8984375
111969.96875
111265.5703125
110715.6640625
110343.796875
109940.203125
109885.0859375
109889.2421875
110076.7109375
110220.359375
110177.8828125
110097.7578125
110101.3828125
110194.9609375
110328.3046875
110466.0078125
110583.0390625
110699.9765625
110725.921875
110769.609375
110863.5859375
110985.2421875
111157.3046875
111353.75
111581.2890625
111820.890625
112044.1328125
112262.9765625
112480.8828125
112697.53125
112879.640625
113009.265625
113050.453125
112977.4140625
112852.6953125
112710.1953125
112545.484375
112371.171875
112175.2578125
111970.25
111764.28125
111547.0
111337.15625
111157.75
110995.2109375
110846.9765625
110676.734375
110504.578125
110319.421875
110135.03125
109939.6171875
109740.296875
109544.734375
109340.640625
109141.953125
108936.125
108730.3203125
108544.234375
108338.75
108140.8671875
107937.84375
107742.703125
107543.1171875
107345.4296875
107155.7421875
106962.015625
106777.1015625
106588.125
