25400.0
25400.0
25400.0
25137.888671875
24889.998046875
24889.998046875
24889.998046875
24889.998046875
24928.482421875
24953.279296875
24959.52734375
24962.1171875
24963.91796875
24965.548828125
24966.951171875
24968.7890625
24971.189453125
24972.32421875
24973.3515625
24972.052734375
24970.845703125
24985.587890625
32547.142578125
47846.625
62375.4609375
77028.921875
89890.40625
101915.4609375
112474.0859375
121505.4375
130025.546875
136452.1875
141842.3125
146214.96875
146558.453125
144280.421875
142015.53125
139606.28125
137320.4375
135021.59375
132832.171875
130892.8515625
129001.453125
127099.046875
125210.3828125
123579.859375
122100.4375
120745.15625
119533.53125
118141.3203125
116862.640625
115643.3125
115211.671875
115727.359375
115992.765625
115407.0234375
114700.203125
114190.125
113752.75
113710.375
113754.96875
113903.078125
113918.5234375
113964.5703125
114136.6953125
114354.625
114613.3515625
114857.296875
115092.0625
115321.734375
115570.7421875
115703.1640625
115843.3046875
116053.203125
116305.640625
116608.1328125
116942.140625
117233.6875
117524.25
117791.828125
118028.0859375
118182.8046875
118215.3984375
118113.3671875
117882.7265625
117600.0234375
117305.140625
116985.828125
116651.390625
116355.65625
116076.734375
115820.734375
115553.0078125
115285.5078125
115000.15625
114708.2578125
114420.703125
114119.3671875
113825.9609375
113521.359375
113216.8203125
112941.6796875
112638.7265625
112338.9296875
112031.40625
111737.734375
111438.6015625
111144.3359375
110863.75
110579.0703125
110308.1640625
110033.296875
109763.390625
109524.40625
109265.703125
109021.0
108774.234375
108541.015625
108305.390625
108075.0078125
107856.9921875
107636.609375
107427.75
107216.734375
