25400.0
25400.0
25400.0
25045.171875
24870.384765625
24839.630859375
24839.630859375
24839.630859375
24886.005859375
24912.046875
24918.15234375
24920.9296875
24923.01953125
24924.828125
24926.58984375
24928.154296875
24930.8515625
24932.6875
24933.845703125
24933.56640625
24931.767578125
24948.21875
31817.9609375
47276.37109375
62420.0859375
77129.1015625
90901.7578125
102944.0546875
113799.2421875
123994.4765625
131620.078125
138137.796875
143264.546875
146579.8125
144427.4375
142186.609375
139757.390625
137436.40625
135088.546875
132933.265625
130725.1015625
128690.125
127016.6328125
125077.9140625
123393.25
121863.109375
120506.1015625
119222.484375
117839.84375
116535.890625
115310.984375
114890.4453125
115495.3359375
115627.9296875
115028.765625
114328.5703125
113805.890625
113443.0
113383.3359375
113457.578125
113566.2578125
113564.7578125
113620.75
113819.046875
114081.078125
114351.1640625
114558.6875
114797.9921875
115036.5703125
115192.3671875
115319.296875
115513.03125
115764.2109375
116049.578125
116379.890625
116694.0234375
116985.859375
117266.015625
117482.2578125
117641.6171875
117667.2109375
117549.6328125
117314.203125
117028.09375
116720.8359375
116407.1640625
116069.0078125
115766.375
115493.1015625
115226.859375
114981.40625
114700.03125
114420.015625
114123.7734375
113832.21875
113527.5078125
113220.8046875
112923.1484375
112616.1796875
112320.0390625
112015.03125
111704.375
111426.0625
111122.6171875
110832.8828125
110539.0234375
110259.0703125
109975.609375
109696.9375
109432.390625
109164.25
108910.453125
108654.5625
108405.109375
108185.421875
107947.609375
107722.625
107496.28125
107281.6953125
107064.921875
106852.59375
106651.6953125
106448.5625
106241.828125
106032.5625
