25400.0
25400.0
25400.0
25127.2109375
24876.2421875
24876.2421875
24876.2421875
24876.2421875
24916.966796875
24938.0
24943.427734375
24945.80859375
24947.544921875
24949.125
24950.51171875
24952.26953125
24954.662109375
24955.7578125
24956.7734375
24955.43359375
24954.306640625
24970.49609375
33041.83984375
48240.22265625
62840.53125
77495.1328125
90417.5546875
102423.4375
112978.75
122006.9453125
130306.6953125
136695.59375
142108.265625
144422.125
142716.390625
140887.515625
138967.46875
136882.578125
134813.390625
132746.734375
130804.7734375
129108.46875
127268.4609375
125681.5546875
124119.8046875
122637.546875
121230.03125
119931.4921875
118769.2734375
117668.8125
116674.515625
115571.109375
114638.265625
113842.5234375
113789.265625
114537.90625
114553.7578125
113922.796875
113224.7734375
112740.03125
112275.40625
112222.6640625
112197.1015625
112380.796875
112532.0546875
112517.8359375
112510.0390625
112619.5
112797.71875
112958.9296875
113132.3125
113304.9375
113450.0078125
113515.109375
113611.390625
113768.09375
113973.765625
114190.828125
114463.859375
114751.359375
115013.34375
115261.3828125
115519.5703125
115743.0625
115898.875
115946.203125
115867.078125
115698.90625
115498.390625
115299.15625
115061.390625
114816.390625
114552.421875
114289.6796875
114047.0625
113836.40625
113637.6015625
113424.171875
113209.8671875
112979.9765625
112742.609375
112523.03125
112275.0078125
112032.0390625
111778.6484375
111532.171875
111276.9453125
111022.1015625
110776.2109375
110523.3984375
110279.9296875
110030.1875
109782.9765625
109558.84375
109309.8359375
109071.546875
108829.3125
108598.515625
108364.3828125
108134.5703125
107916.0546875
107694.359375
107483.9765625
107270.9453125
