25400.0
25400.0
25400.0
25100.47265625
24864.09765625
24864.09765625
24864.09765625
24875.7734375
24923.041015625
24932.673828125
24936.001953125
24938.068359375
24939.783203125
24941.4375
24942.880859375
24945.52734375
24947.193359375
24948.248046875
24947.591796875
24946.046875
24963.15625
32733.51171875
48286.5
63715.9921875
78313.3671875
92097.6171875
104035.34375
114784.1640625
124895.7734375
132254.96875
138689.78125
143771.75
143982.25
142147.921875
140097.78125
137904.875
135712.671875
133514.96875
131499.15625
129486.1015625
127539.96875
126017.25
124270.5078125
122679.859375
121212.2734375
119905.6328125
118657.046875
117529.296875
116336.6015625
115205.7734375
114303.8828125
114020.3046875
114762.5703125
114868.890625
114199.2890625
113521.703125
113008.75
112608.40625
112551.6875
112586.875
112748.96875
112789.2421875
112801.015625
112928.734375
113129.09375
113326.421875
113522.1796875
113711.859375
113913.4609375
114020.5
114125.0546875
114290.109375
114504.28125
114770.71875
115062.65625
115382.3359375
115666.3828125
115916.2421875
116181.3359375
116389.4375
116508.9921875
116505.4921875
116337.1640625
116115.484375
115875.890625
115610.109375
115333.6484375
115036.8515625
114735.0078125
114506.734375
114276.109375
114050.2890625
113807.578125
113563.2734375
113302.296875
113034.53125
112770.625
112494.2890625
112224.6875
111944.90625
111665.109375
111412.53125
111134.265625
110866.7734375
110592.328125
110327.203125
110050.5703125
109777.25
109516.6015625
109252.2578125
109000.578125
108745.1953125
108494.734375
108272.6328125
108031.3203125
107802.578125
107571.21875
107351.796875
107131.546875
106916.6015625
106714.09375
106509.5703125
106316.3828125
106121.5703125
