25400.0
25400.0
25400.0
25153.5
24910.693359375
24910.69140625
24910.69140625
24910.69140625
24925.39453125
24964.806640625
24973.560546875
24976.509765625
24978.30859375
24979.841796875
24981.1796875
24982.9375
24985.212890625
24986.298828125
24987.251953125
24987.66015625
24985.287109375
24987.189453125
26206.302734375
39221.30078125
53638.6328125
68542.2109375
82052.71875
94559.0625
105543.7421875
114924.296875
123940.46875
130923.890625
136893.46875
141947.46875
146224.15625
148548.21875
146006.15625
143467.734375
140936.0
138418.671875
136026.921875
133921.03125
131656.59375
129845.859375
127797.7265625
125941.546875
124200.9921875
122645.3984375
121270.6328125
119934.6015625
118497.3671875
117116.390625
115860.4453125
115716.0625
116296.078125
116056.8046875
115180.5
114562.765625
114015.53125
113709.09375
113605.8046875
113698.6015625
113887.578125
113865.59375
113844.59375
113947.3671875
114141.140625
114312.6328125
114492.6015625
114671.84375
114746.7890625
114825.625
114955.3359375
115145.4140625
115374.2578125
115648.9609375
115951.8671875
116192.71875
116455.796875
116709.875
116926.5546875
117058.890625
117071.9375
116933.0234375
116729.9921875
116490.921875
116241.0078125
115964.5234375
115674.4375
115405.2265625
115157.2890625
114939.03125
114710.96875
114479.5546875
114228.875
113969.171875
113710.4921875
113437.2890625
113169.2578125
112889.4296875
112608.1875
112353.8671875
112072.65625
111800.7890625
111520.3671875
111244.28125
110961.671875
110682.6640625
110416.75
110145.9765625
109887.875
109625.921875
109368.4765625
109139.765625
108891.3359375
108656.3046875
108419.453125
108195.7265625
107969.8984375
107748.875
107539.7734375
107328.3671875
107128.0390625
106925.125
