25400.0
25400.0
25400.0
24925.458984375
24630.095703125
24713.296875
24746.873046875
24752.02734375
24754.294921875
24756.625
24759.21484375
24761.8203125
24764.251953125
24766.646484375
24768.837890625
24771.380859375
24774.482421875
24776.328125
24775.513671875
24781.810546875
26471.98046875
37873.51953125
52174.73046875
67315.03125
80903.796875
94439.8984375
106099.5078125
116637.1484375
126419.046875
133707.78125
139786.796875
138927.03125
137951.046875
136657.640625
135024.90625
133222.375
131471.015625
129690.453125
128041.1953125
126410.3984375
124773.203125
123379.34375
121978.21875
120744.8046875
119478.6640625
118336.359375
117235.890625
116296.265625
115709.609375
114889.3203125
113984.5703125
113126.8828125
112353.5859375
112865.0703125
113469.0859375
113315.421875
112620.484375
111996.421875
111551.8046875
111086.0234375
111038.078125
111006.5078125
111186.25
111349.765625
111286.4453125
111216.859375
111260.2265625
111387.1796875
111539.5625
111695.7578125
111850.9609375
111991.3984375
112023.90625
112084.5
112191.203125
112346.8828125
112538.9609375
112736.9921875
112980.859375
113207.203125
113424.4140625
113634.984375
113845.8515625
114022.234375
114134.5546875
114151.109375
114061.4296875
113888.3984375
113685.78125
113488.3359375
113258.5703125
113021.765625
112770.3515625
112536.109375
112333.171875
112140.65625
111951.625
111749.1484375
111545.546875
111328.78125
111107.3515625
110903.4609375
110675.640625
110453.3046875
110222.1875
109998.0703125
109767.25
109536.9375
109315.1796875
109087.4453125
108868.859375
108645.0625
108423.7890625
108225.7421875
108008.484375
107796.28125
107579.4140625
107372.890625
107163.7578125
106958.453125
106763.6484375
106566.1328125
106378.96875
106189.375
