25400.0
25400.0
24867.736328125
24858.26953125
24354.306640625
23646.294921875
22794.111328125
22543.62109375
22455.138671875
22552.419921875
23152.427734375
24122.818359375
24459.6796875
24571.07421875
24627.923828125
24695.21484375
24770.66015625
24836.263671875
24894.076171875
24941.490234375
24978.17578125
25010.9609375
25044.03515625
25083.455078125
25106.7578125
25122.84765625
25135.12109375
25162.51171875
25303.359375
25778.171875
27206.228515625
31049.904296875
36614.7265625
43503.1796875
50592.44921875
57049.109375
62888.49609375
67683.453125
71709.28125
75374.2578125
78605.8046875
81458.90625
83458.5859375
85249.640625
87539.953125
89829.9375
92381.15625
95102.046875
97425.453125
99578.296875
101594.171875
103470.8125
105012.7890625
106255.6875
107350.8359375
108303.25
108846.3203125
109375.9375
109815.7578125
110195.671875
110629.4296875
110982.34375
111240.703125
111409.9375
111509.15625
111543.046875
111683.5625
112077.265625
112390.09375
112713.1171875
112996.3046875
113264.2578125
113446.6640625
113576.34375
113656.1484375
113692.4453125
113690.28125
113657.40625
113598.40625
113471.5859375
113299.1875
113127.6640625
112984.1796875
112842.578125
112703.921875
112655.8671875
112640.15625
112574.5
112466.65625
112339.359375
112192.6953125
112036.0859375
111890.3828125
111733.3046875
111592.8046875
111434.0078125
111289.5703125
111148.25
111014.5546875
110894.4296875
110788.140625
110681.3203125
110561.6875
110432.8046875
110309.125
110164.0078125
110016.84375
109874.4296875
109761.6640625
109645.5390625
109519.640625
109386.6328125
109237.3359375
109087.09375
108930.9453125
108778.4140625
108632.5546875
108471.765625
108316.3828125
108155.546875
107999.8359375
107841.078125
107809.4453125
107794.7890625
107740.640625
107638.8828125
107496.078125
