25400.0
25400.0
25400.0
25055.927734375
24781.09765625
24781.09765625
24810.634765625
24860.345703125
24870.736328125
24874.125
24876.46484375
24878.5859375
24880.556640625
24882.484375
24884.19921875
24885.94921875
24888.98046875
24890.46484375
24891.810546875
24888.99609375
24893.734375
26633.5390625
39147.60546875
53917.05078125
68773.25
82223.234375
94995.5546875
106654.0546875
116847.8359375
125526.65625
133543.25
139732.296875
143846.34375
142385.046875
140848.859375
139022.125
137058.9375
135016.28125
133061.828125
131100.546875
129228.8515625
127596.5703125
125934.890625
124472.8828125
122863.6875
121408.578125
120072.109375
118910.4140625
117864.453125
116874.6875
115862.8515625
114936.140625
114069.765625
113985.8984375
114451.9609375
114751.6484375
114243.5625
113575.9296875
113113.9453125
112634.8515625
112589.7109375
112571.703125
112712.7109375
112810.0546875
112800.3515625
112832.3671875
113004.015625
113225.15625
113464.2421875
113693.2421875
113914.3203125
114137.9296875
114361.8984375
114516.1640625
114633.9921875
114805.8046875
115027.0625
115258.8671875
115547.3359375
115846.984375
116123.0234375
116370.671875
116615.65625
116815.3046875
116941.21875
116958.8125
116865.296875
116641.8828125
116377.203125
116121.703125
115826.8671875
115528.296875
115214.046875
114954.3984375
114707.34375
114461.75
114218.09375
113958.9140625
113702.296875
113432.765625
113159.5390625
112910.71875
112633.25
112364.9453125
112087.8359375
111820.4140625
111545.7734375
111273.3359375
111008.5703125
110733.21875
110469.5078125
110201.171875
109937.1875
109702.3984375
109446.9140625
109204.0625
108957.4140625
108723.421875
108486.0390625
108253.328125
108032.7890625
107809.5703125
107598.6640625
107386.1796875
