25400.0
25400.0
25400.0
25029.861328125
24770.60546875
24770.60546875
24794.064453125
24839.533203125
24848.66796875
24851.806640625
24854.056640625
24856.099609375
24857.9375
24859.740234375
24861.34765625
24863.91015625
24865.927734375
24867.2421875
24864.71875
24868.810546875
27375.935546875
40726.11328125
55811.125
71853.0078125
85489.5078125
99083.8046875
110613.328125
120879.359375
130393.1328125
135699.796875
135575.546875
135120.015625
134311.5625
133194.28125
131800.078125
130280.640625
128749.078125
127133.6875
125648.7578125
124212.1484375
122834.296875
121631.5546875
120344.9375
119199.59375
118239.03125
117296.9375
116466.8359375
115854.9765625
115248.9140625
114641.7421875
114092.9375
113302.671875
112479.9296875
111824.8203125
111189.09375
111289.734375
111908.9921875
111909.2578125
111366.296875
110678.0703125
110284.5390625
109906.5
109718.0546875
109702.5546875
109819.5078125
109969.28125
110000.7890625
109909.1484375
109845.9453125
109897.21875
110013.1953125
110140.8359375
110249.6171875
110360.2109375
110377.921875
110416.6015625
110504.765625
110621.046875
110788.21875
110980.71875
111205.4140625
111443.0859375
111672.0703125
111894.6484375
112117.1484375
112344.9375
112541.5546875
112694.0078125
112759.4375
112709.1796875
112610.109375
112492.3984375
112351.9453125
112199.9140625
112024.2734375
111838.1015625
111649.0
111446.9375
111246.578125
111035.6953125
110855.7109375
110712.6328125
110557.6953125
110402.703125
110234.671875
110064.8515625
109882.4140625
109694.828125
109508.828125
109313.25
109122.015625
108922.328125
108722.078125
108540.5234375
108339.125
108144.90625
107944.65625
107752.3828125
107554.703125
107358.3671875
107169.8515625
106976.9375
106792.2421875
106603.6015625
