25400.0
25400.0
25400.0
25121.3984375
24846.80859375
24846.80859375
24846.80859375
24870.73046875
24914.58984375
24924.19921875
24927.5625
24929.705078125
24931.509765625
24933.189453125
24934.75390625
24936.220703125
24938.517578125
24940.44140625
24941.68359375
24942.70703125
24939.994140625
24941.033203125
24995.498046875
36133.2734375
50413.90234375
64857.03125
78063.640625
90728.7421875
102294.90625
111645.2265625
121081.8515625
129332.5625
136081.46875
141299.40625
145698.28125
145482.625
143606.546875
141515.640625
139399.90625
137222.53125
135093.515625
133231.140625
131230.859375
129379.84375
127725.40625
125972.21875
124255.6953125
122697.9140625
121395.8984375
120166.0078125
119060.9765625
117846.0
116619.6015625
115613.7421875
114632.203125
115023.421875
115509.34375
115484.65625
114813.4375
114212.90625
113762.8828125
113356.71875
113321.6875
113324.3203125
113470.375
113552.890625
113574.5234375
113645.296875
113832.90625
114055.0390625
114294.7734375
114513.265625
114729.109375
114953.6171875
115183.3828125
115303.7265625
115433.9453125
115596.5390625
115825.2578125
116082.1328125
116377.59375
116683.15625
116953.7265625
117208.5625
117441.6484375
117633.1953125
117745.1484375
117745.015625
117628.171875
117419.84375
117151.5390625
116874.1953125
116575.546875
116273.46875
115961.5703125
115694.8671875
115454.359375
115205.625
114958.3359375
114695.5078125
114426.3125
114178.90625
113900.9609375
113629.953125
113348.2734375
113075.0625
112793.0546875
112512.1015625
112241.2734375
111956.5078125
111681.734375
111400.96875
111124.6171875
110878.2734375
110609.515625
110353.5546875
110093.3203125
109845.890625
109594.375
109347.53125
109113.234375
108876.890625
108652.8125
108426.421875
