25400.0
25400.0
25400.0
24950.662109375
24640.779296875
24700.3984375
24746.05078125
24753.26171875
24755.638671875
24757.76171875
24760.13671875
24762.541015625
24764.8515625
24767.103515625
24769.14453125
24771.095703125
24774.166015625
24776.32421875
24776.513671875
24777.0625
24845.0546875
34089.71484375
48326.7578125
62936.5
77224.140625
90202.9296875
102609.96875
113843.78125
123435.9140625
131518.84375
133624.59375
133789.6875
133418.875
132687.40625
131753.796875
130583.734375
129272.890625
127854.9296875
126483.8671875
125082.890625
123733.2421875
122596.3671875
121382.59375
120227.6640625
119127.21875
118129.0078125
117279.8046875
116519.1796875
116016.1640625
115465.6796875
114925.4140625
114376.25
113870.796875
113170.9921875
112411.0234375
111731.2890625
111096.4921875
111033.46875
111807.390625
112035.9375
111646.7734375
110967.8984375
110533.0703125
110211.3671875
109841.46875
109790.4375
109797.6953125
109882.296875
110048.2734375
110098.7734375
110029.5078125
109983.140625
110038.6328125
110161.71875
110303.9140625
110457.6484375
110610.3828125
110742.765625
110881.7421875
110920.578125
110979.8828125
111076.1875
111214.90625
111384.5625
111572.1171875
111786.0234375
112007.359375
112219.484375
112418.171875
112597.234375
112793.8828125
112963.6796875
113104.0078125
113175.984375
113167.921875
113054.0078125
112908.625
112739.3671875
112562.6484375
112369.1640625
112163.390625
111971.59375
111753.9140625
111540.015625
111350.8671875
111187.703125
111022.7421875
110854.375
110686.4296875
110507.328125
110329.1171875
110140.984375
109949.5078125
109774.234375
109578.6328125
109388.1484375
109190.6875
108999.2421875
108801.65625
108604.9609375
108415.5390625
108220.9140625
108033.7265625
107841.765625
