25400.0
25400.0
25400.0
24993.666015625
24806.80078125
24764.1796875
24764.1796875
24797.1640625
24837.181640625
24845.498046875
24848.505859375
24850.78515625
24852.84765625
24854.728515625
24856.5625
24858.19921875
24860.802734375
24862.830078125
24864.115234375
24863.162109375
24862.943359375
24925.775390625
36130.59375
51101.7578125
66487.9765625
80603.875
94421.65625
106247.9921875
116881.421875
126842.8828125
133920.046875
139334.3125
138573.46875
137665.234375
136391.0625
134816.859375
133110.921875
131396.109375
129576.21875
127911.375
126279.9765625
124725.2578125
123329.9921875
121900.8515625
120717.625
119604.234375
118451.390625
117323.84375
116378.9609375
115785.3984375
115140.7734375
114388.015625
113468.84375
112669.0859375
112026.109375
112185.6484375
112766.1484375
112683.765625
112083.9375
111406.8671875
110970.484375
110532.125
110430.5
110449.765625
110627.1484375
110756.1015625
110701.8828125
110609.5859375
110618.109375
110713.046875
110837.203125
110957.53125
111073.6640625
111100.6796875
111132.1484375
111208.8828125
111338.6328125
111510.9609375
111695.0546875
111929.6328125
112180.0
112412.4140625
112636.71875
112878.3828125
113108.6796875
113296.4765625
113414.828125
113423.21875
113333.015625
113206.2109375
113072.3828125
112907.34375
112726.4375
112527.234375
112325.578125
112108.8828125
111887.1875
111682.5625
111505.96875
111347.375
111177.8203125
110999.7265625
110831.8984375
110638.09375
110444.359375
110239.234375
110037.03125
109825.046875
109611.1796875
109402.84375
109186.5546875
108977.234375
108761.6328125
108547.03125
108353.890625
108141.5546875
107937.5
107728.5859375
107528.21875
107323.3828125
107121.4609375
106928.40625
106731.5
106543.7734375
106351.8203125
