25400.0
25400.0
25400.0
25144.76171875
24899.919921875
24899.91796875
24899.91796875
24899.91796875
24915.8203125
24954.359375
24963.16796875
24966.158203125
24967.984375
24969.560546875
24970.8984375
24972.728515625
24974.99609375
24976.076171875
24977.01171875
24975.439453125
24974.4765625
24991.58984375
33657.8125
48996.4921875
63808.046875
78337.1015625
91252.4453125
103214.453125
113703.9453125
122698.65625
130991.6796875
137308.140625
142637.9375
145917.578125
144006.40625
142017.234375
139965.390625
137705.15625
135561.34375
133414.84375
131400.96875
129590.296875
127714.796875
126129.8828125
124361.953125
122809.9765625
121393.9296875
120093.9453125
118917.8203125
117793.7578125
116573.1953125
115448.6015625
114511.75
114377.5625
115043.2421875
115189.8203125
114567.234375
113891.484375
113390.203125
112943.8984375
112905.8671875
112921.4765625
113058.828125
113160.671875
113194.1953125
113273.9765625
113460.3671875
113673.5234375
113883.515625
114079.703125
114282.0390625
114492.8515625
114591.78125
114712.859375
114888.90625
115121.78125
115398.2109375
115673.5859375
115996.421875
116271.640625
116546.5390625
116799.484375
117010.2578125
117128.8984375
117129.140625
116969.796875
116753.8125
116503.375
116235.5703125
115978.0859375
115680.421875
115384.96875
115120.4609375
114891.1875
114655.9609375
114413.4140625
114170.0390625
113910.703125
113653.0234375
113381.859375
113106.5625
112855.890625
112576.9140625
112306.359375
112027.25
111757.9921875
111480.6171875
111205.9296875
110938.0546875
110660.234375
110393.8125
110123.3515625
109857.640625
109620.9921875
109363.734375
109118.8046875
108870.4140625
108634.1875
108394.765625
108159.859375
107937.71875
107713.9375
107502.453125
107289.3671875
