25400.0
25400.0
25400.0
25034.9296875
24857.771484375
24824.447265625
24824.447265625
24824.447265625
24882.5546875
24899.5546875
24904.07421875
24906.55859375
24908.58984375
24910.404296875
24912.158203125
24913.736328125
24916.390625
24918.28515625
24919.439453125
24919.353515625
24917.46875
24932.357421875
31243.5078125
46596.69140625
61570.32421875
76407.0546875
90203.4296875
102291.609375
113195.7109375
123449.484375
131046.2109375
137630.453125
142833.609375
145256.25
143296.34375
141195.796875
138945.03125
136702.703125
134434.109375
132352.6875
130262.7421875
128247.8046875
126660.3828125
124855.984375
123227.7109375
121705.8359375
120351.1953125
119067.4609375
117896.828125
116601.09375
115391.53125
114395.5390625
114396.125
115129.828125
115052.296875
114279.15625
113659.984375
113141.765625
112822.765625
112752.2265625
112806.6015625
112971.921875
112969.6640625
112970.3125
113111.9296875
113320.65625
113511.6796875
113720.109375
113918.5625
114109.2109375
114183.9609375
114301.0
114481.890625
114706.8515625
114980.4453125
115276.75
115574.5078125
115849.640625
116093.78125
116336.7890625
116510.3203125
116572.0390625
116503.6953125
116305.5546875
116065.7265625
115812.078125
115532.4453125
115246.453125
114940.875
114670.8671875
114454.40625
114219.4140625
113984.359375
113731.7421875
113478.1953125
113209.578125
112935.2890625
112665.9296875
112385.34375
112112.390625
111830.3046875
111548.28125
111294.4921875
111015.75
110747.3125
110466.5703125
110195.90625
109920.421875
109649.0234375
109390.984375
109128.9453125
108879.9765625
108627.484375
108379.8125
108160.359375
107921.8828125
107696.5546875
107469.5546875
107255.65625
107039.9453125
106829.2265625
106630.0390625
106428.9140625
106238.3203125
106045.9609375
