25400.0
25400.0
25400.0
25177.185546875
24966.04296875
24966.04296875
24966.04296875
24966.04296875
24966.04296875
24966.04296875
25000.2734375
25016.5234375
25020.619140625
25022.49609375
25023.88671875
25026.412109375
25027.6875
25028.466796875
25028.27734375
25026.259765625
25030.2421875
28842.408203125
44181.47265625
59701.0078125
75208.46875
89075.359375
101237.65625
112215.8515625
122529.0546875
130101.5390625
136785.421875
142108.671875
146732.015625
147437.359375
144859.25
142305.6875
139744.3125
137162.609375
134812.1875
132444.15625
130267.7421875
128397.75
126327.125
124552.515625
122906.0703125
121441.109375
120072.0390625
118563.8203125
117168.640625
115845.78125
115564.9375
116260.2734375
115991.8828125
115200.171875
114639.7734375
114083.2421875
113967.03125
113906.171875
114048.8203125
114116.046875
114177.421875
114365.125
114605.515625
114869.859375
115093.8046875
115301.875
115546.3203125
115705.4609375
115852.7421875
116059.265625
116334.8515625
116659.765625
117009.2890625
117352.8203125
117661.46875
117966.578125
118207.265625
118330.6953125
118320.90625
118132.359375
117867.4765625
117582.4921875
117267.8984375
116932.59375
116597.6953125
116290.546875
116025.4609375
115754.0234375
115472.75
115210.4296875
114909.3671875
114611.0859375
114297.1796875
113989.65625
113669.765625
113348.484375
113037.921875
112718.2109375
112405.609375
112081.1796875
111760.1171875
111473.8515625
111162.015625
110865.7109375
110564.65625
110278.8125
109988.7109375
109703.7265625
109433.9375
109162.265625
108905.640625
108647.4453125
108395.6953125
108173.1875
107933.171875
107705.875
107476.6015625
107259.2421875
107039.609375
106825.6328125
106622.7421875
106417.453125
106223.1875
106027.46875
