25400.0
25400.0
25400.0
25400.0
25400.0
25400.0
25400.0
25400.0
25400.0
25400.0
25400.0
25400.0
25400.0
25400.0
25400.0
25400.0
25400.0
38265.40625
51814.1796875
63321.71484375
80832.234375
96443.796875
108563.328125
118981.6484375
126775.40625
132578.046875
137092.640625
140624.90625
143781.984375
146025.21875
147565.21875
148804.1875
149977.53125
154199.140625
155414.796875
147056.5
142007.34375
138498.484375
136053.1875
134749.203125
134287.578125
133987.71875
133334.59375
132399.78125
131357.6875
130395.65625
129441.8046875
128367.84375
127308.1171875
126362.7421875
125487.0078125
124704.7578125
123970.6953125
123312.4921875
122770.9609375
122260.8046875
121897.6328125
121774.765625
121651.578125
121528.9140625
121428.09375
121303.9296875
121077.703125
120709.1328125
120424.171875
120183.8203125
120005.7421875
119774.890625
119533.2421875
119259.4140625
118979.8359375
118628.40625
118325.8984375
118006.125
117645.6484375
117287.4921875
116915.15625
116535.9453125
116180.1875
115918.03125
115636.1953125
115285.9921875
114925.625
114601.1015625
114320.859375
114126.9921875
113944.453125
113752.6796875
113542.8203125
113321.6171875
113127.296875
112920.046875
112733.6875
112485.6953125
112205.984375
111997.765625
111914.4609375
111796.828125
111627.671875
111425.234375
111187.875
110928.734375
110673.3984375
110364.3984375
110045.78125
109707.625
109377.375
109036.2265625
108654.109375
108288.90625
107934.1015625
107611.1953125
107295.8125
106996.8125
106737.53125
106462.3828125
106207.9609375
105959.390625
105729.9453125
105505.5546875
105292.1796875
105096.7578125
104904.5078125
104723.4453125
104532.5703125
