25400.0
25400.0
25400.0
24938.607421875
24591.638671875
24452.78515625
24081.728515625
23908.767578125
23856.8671875
23852.62890625
23855.80078125
23860.73046875
23870.158203125
23882.625
23898.30859375
23921.509765625
23955.048828125
24012.431640625
24103.14453125
24227.916015625
24736.18359375
25035.458984375
25144.779296875
25177.681640625
25190.318359375
25197.189453125
25203.82421875
25208.857421875
25213.580078125
25218.33984375
25221.49609375
25220.369140625
25375.94921875
25970.171875
27596.095703125
31223.623046875
37400.62890625
43715.3125
50331.61328125
56591.0703125
62005.19140625
67077.015625
71114.4296875
74419.5859375
77737.2421875
80519.4296875
83222.4375
85650.671875
88166.140625
90118.015625
93757.703125
98787.3125
103882.8984375
110940.09375
117837.7421875
124231.3984375
129391.6875
130665.6640625
131571.9375
132123.015625
132315.453125
132344.484375
132252.15625
131817.0
131284.96875
130669.5546875
129993.4453125
129353.9140625
128693.6953125
128058.0546875
127358.15625
126656.90625
126021.515625
125778.59375
125453.5859375
125065.4140625
124659.4765625
124218.5390625
123771.9765625
123370.5625
122915.7890625
122465.03125
122043.5390625
121671.1796875
121279.03125
120858.09375
120467.3515625
120079.234375
119714.7734375
119354.2265625
118962.703125
118568.2578125
118168.484375
117809.5625
117459.9921875
117132.03125
116808.5703125
116542.015625
116183.171875
115805.828125
115377.453125
114896.8515625
114454.5703125
114100.5078125
113809.65625
114067.65625
114168.359375
114050.5
113822.1796875
113508.9140625
113164.4296875
112868.9609375
112649.765625
112428.9765625
112195.6953125
112036.9921875
111956.3046875
111895.40625
111843.359375
111817.484375
111795.625
111759.140625
111699.421875
111646.3359375
111611.7109375
111598.3828125
