25400.0
25400.0
24624.314453125
24716.484375
23896.751953125
22824.90625
22592.755859375
22795.8125
23478.78125
24193.951171875
24458.576171875
24548.28515625
24597.685546875
24668.4921875
24733.767578125
24793.666015625
24845.521484375
24890.05859375
24936.484375
24979.34375
25019.58984375
25062.63671875
25105.65234375
25135.919921875
25157.107421875
25176.208984375
25190.4296875
25203.74609375
25214.78125
25221.865234375
25239.76171875
25305.154296875
25541.73046875
26081.74609375
27990.537109375
31685.912109375
36221.61328125
41311.125
46413.4921875
51168.6953125
55350.87109375
59051.00390625
64364.1640625
69569.46875
75606.734375
82438.8984375
89852.046875
93029.25
96269.6171875
99470.046875
102036.5
104197.1640625
106132.1328125
107684.7421875
108949.5390625
110051.734375
111233.0546875
112108.125
112808.078125
113387.046875
113831.5
114175.5078125
114457.8125
114683.2421875
114854.5703125
114952.859375
114981.9375
115233.5546875
115598.75
115858.265625
116057.734375
116204.296875
116298.2890625
116352.703125
116297.7265625
116185.46875
116096.5390625
116016.671875
116118.1796875
116160.671875
116126.078125
116043.8828125
115916.8359375
115761.765625
115593.8046875
115403.2578125
115211.2265625
115009.0546875
114811.3046875
114630.0859375
114424.2421875
114233.6171875
114067.5390625
113913.8984375
113748.1171875
113571.9140625
113392.234375
113198.21875
113003.3515625
112797.1015625
112619.4765625
112477.2265625
112313.578125
112143.1875
111953.0390625
111757.9609375
111547.625
111346.203125
111150.3359375
110943.1171875
110743.875
110537.9375
110330.8828125
110189.625
110191.34375
110139.9921875
110029.4609375
109858.6640625
109642.6015625
109406.234375
109190.6015625
108969.9453125
108787.5390625
108568.671875
