25400.0
25400.0
25400.0
25359.798828125
25146.9296875
25146.9296875
25146.9296875
25146.9296875
25146.9296875
25146.9296875
25146.9296875
25146.9296875
25146.9296875
25146.9296875
25146.9296875
25146.9296875
25146.9296875
25146.9296875
25146.9296875
25146.9296875
25146.9296875
25146.9296875
25146.9296875
25146.9296875
35100.9453125
51431.47265625
66987.4609375
80847.390625
93475.4765625
103785.1484375
113794.4375
122495.2578125
130520.6875
136849.1875
142278.125
144849.328125
143481.53125
141911.140625
140195.21875
138311.46875
136384.1875
134638.453125
132738.21875
130914.6953125
129173.1015625
127597.671875
126023.5
124667.6796875
123286.515625
121921.3515625
120719.59375
119563.3828125
118473.4375
117573.421875
116819.5546875
116188.359375
115236.3828125
114372.578125
113566.3515625
112960.90625
113780.3046875
114224.8359375
113885.7421875
113133.53125
112634.8125
112284.9609375
111964.6953125
111914.46875
111911.4296875
112057.6953125
112211.53125
112242.8046875
112278.2109375
112406.546875
112575.2109375
112750.3515625
112903.6875
113042.15625
113215.1328125
113390.640625
113484.1640625
113600.703125
113771.5546875
113986.546875
114227.859375
114506.75
114799.03125
115094.515625
115372.203125
115621.296875
115890.109375
116114.7734375
116275.8359375
116327.71875
116250.3125
116124.7890625
115977.9296875
115804.8359375
115615.6796875
115405.59375
115183.34375
114974.4609375
114736.28125
114500.078125
114252.0703125
114036.921875
113844.2109375
113657.609375
113472.59375
113272.7734375
113071.8515625
112856.4296875
112634.71875
112430.078125
112199.46875
111973.171875
111736.9609375
111507.53125
111269.375
111030.9140625
110800.3515625
110562.921875
110334.390625
110099.640625
