20000.0
20000.0
20000.0
20000.0
20000.0
20000.0
20000.0
20000.0
20000.0
20000.0
20000.0
20000.0
20000.0
20000.0
20000.0
20000.0
20000.0
20000.0
20000.0
20000.0
20000.0
20000.0
20000.0
20000.0
20000.0
20000.005859375
20000.0
19999.974609375
20000.0
19999.99609375
20000.0
20000.0
20000.0
20000.025390625
20000.0
20000.001953125
20000.0
20000.0
20000.0
20000.0
20000.0
20000.0
20000.0
20000.0
20000.0
20000.0
19999.962890625
19386.328125
18620.662109375
18030.029296875
17558.123046875
16725.486328125
16089.3212890625
15506.9326171875
14920.58984375
14463.01171875
14010.5791015625
13649.923828125
13333.68359375
13050.294921875
12778.8896484375
12543.783203125
12331.560546875
12121.38671875
11927.5546875
11736.0029296875
11554.349609375
11397.4755859375
11232.267578125
11062.7080078125
10890.5322265625
10735.1904296875
10586.67578125
10448.5341796875
10317.6318359375
10185.462890625
10059.1298828125
9925.7958984375
9790.2919921875
9666.5712890625
9528.126953125
9391.5693359375
9250.3466796875
9112.8330078125
8969.662109375
8824.8603515625
8681.2099609375
8526.041015625
8367.1357421875
8205.2763671875
8047.03271484375
7906.87841796875
7753.80126953125
7606.119140625
7456.45654296875
7314.8984375
7172.8896484375
7040.3369140625
6932.10302734375
6816.46533203125
6701.58154296875
6584.20849609375
6468.03466796875
6365.9287109375
6255.82666015625
6151.94287109375
6047.79541015625
5949.77392578125
5851.62646484375
5756.97021484375
5668.0234375
5580.0703125
5498.99658203125
5416.087890625
5334.70947265625
5262.48291015625
5184.009765625
5110.0224609375
5038.376953125
4973.6435546875
4907.36767578125
4844.05029296875
4785.33203125
4726.419921875
4671.52734375
4614.65576171875
