20000.0
20000.0
20000.0
19999.998046875
20000.0
20000.0
20000.0
20000.0
20000.0
20000.0
20000.0
20000.0
20000.0
20000.0
20000.0
20000.0
19996.99609375
19999.99609375
20000.0
20000.0
20000.0
19999.982421875
20000.0
19999.998046875
19491.443359375
18465.685546875
17634.236328125
16874.49609375
16217.0986328125
15687.787109375
15146.9892578125
14663.197265625
14195.1669921875
13765.5908203125
13353.970703125
12957.310546875
12508.3076171875
12133.958984375
11828.4482421875
11541.52734375
11273.5185546875
11079.9560546875
10877.330078125
10689.3212890625
10412.54296875
10096.673828125
9852.541015625
9672.3447265625
9497.552734375
9326.1083984375
9148.2666015625
8961.58203125
8772.1962890625
8607.064453125
8444.7197265625
8300.048828125
8152.373046875
8016.859375
7888.23876953125
7769.1396484375
7668.7490234375
7573.29248046875
7483.1767578125
7389.2109375
7295.19091796875
7210.67333984375
7117.80810546875
7029.7578125
6938.8759765625
6849.80615234375
6759.1826171875
6674.998046875
6603.94140625
6539.57373046875
6480.28125
6420.74560546875
6362.95947265625
6312.24609375
6256.84765625
6198.421875
6137.298828125
6079.6884765625
6022.65869140625
5968.48779296875
5918.61572265625
5869.6025390625
5824.3583984375
5779.69873046875
5737.13232421875
5700.1767578125
5660.99609375
5624.58349609375
5588.48876953125
5554.90869140625
5521.53955078125
5489.47705078125
5459.54296875
5429.7587890625
5402.0263671875
5374.08984375
5346.73779296875
5323.00537109375
5297.705078125
5273.97705078125
5250.26123046875
5228.04052734375
5205.75439453125
5184.26416015625
5164.04931640625
5143.8037109375
5124.8876953125
5105.88427734375
5088.126953125
5073.36474609375
5057.1689453125
5041.49951171875
5025.30810546875
5009.8388671875
4994.1455078125
4978.82958984375
4964.40185546875
4949.84375
4936.07958984375
4922.2626953125
