20000.0
20000.0
19999.986328125
19999.99609375
20000.0
20000.0
20000.0
20000.0
20000.0
20000.0
20000.0
20000.0
20000.0
20000.0
20000.0
20000.0
20000.0
20000.0
20000.0
20000.0
20000.0
20000.0
20000.0
20000.0
20000.0
20000.0
20000.0
20000.0
20000.0
20000.0
20000.0
20000.0
20000.0
20000.0
20000.0
20000.0
20000.0
20000.0
20000.0
20000.0
20000.0
20000.0
19999.986328125
20000.0
19999.984375
20000.0
20000.0
20000.0
20000.0
20000.0
20000.0
20000.0
20000.0
20000.0
19981.712890625
19006.8515625
18225.275390625
17445.443359375
16734.41015625
16076.005859375
15478.8291015625
14947.3271484375
14437.3115234375
14008.59765625
13620.912109375
13257.150390625
12948.3623046875
12630.4345703125
12342.828125
12012.8671875
11729.53515625
11481.1279296875
11156.3818359375
10849.119140625
10583.4560546875
10364.5986328125
10142.6640625
9933.4111328125
9733.5185546875
9500.1494140625
9286.4619140625
9087.5859375
8911.4443359375
8736.552734375
8568.421875
8417.548828125
8275.333984375
8145.1103515625
8013.28662109375
7879.09228515625
7760.33349609375
7630.92724609375
7507.7265625
7382.8828125
7276.89990234375
7170.29638671875
7061.75537109375
6956.2734375
6848.88818359375
6749.0078125
6652.59423828125
6562.42041015625
6484.298828125
6400.24365234375
6322.337890625
6245.78662109375
6175.91357421875
6111.7568359375
6049.45849609375
5990.25341796875
5930.37646484375
5875.19287109375
5820.54296875
5768.06396484375
5722.353515625
5673.6806640625
5628.22265625
5582.900390625
5540.53662109375
5498.25439453125
5457.3818359375
5419.154296875
5381.00390625
5344.96728515625
5308.734375
