20000.0
20000.0
20000.0
20000.0
20000.0
20000.0
20000.0
20000.0
20000.0
20000.0
20000.0
20000.0
20000.0
20000.0
20000.0
20000.0
20000.0
20000.0
19999.99609375
19999.857421875
20000.0
19999.380859375
20000.0
20000.0
20000.0
20000.0
20000.0
19999.998046875
20000.0
20000.0
19985.29296875
19166.08203125
18409.4375
17726.203125
16854.693359375
16195.8701171875
15643.662109375
15120.0751953125
14650.0302734375
14288.4560546875
13946.171875
13488.7451171875
12958.703125
12567.3837890625
12236.5361328125
11951.5771484375
11641.654296875
11324.345703125
11031.63671875
10755.1181640625
10498.9267578125
10236.1181640625
9993.44140625
9797.640625
9601.8525390625
9428.4892578125
9268.791015625
9119.873046875
8967.0419921875
8814.8359375
8669.7919921875
8522.794921875
8385.0185546875
8254.384765625
8140.42626953125
8049.37255859375
7958.0732421875
7871.58544921875
7773.47607421875
7677.2265625
7580.65185546875
7488.72265625
7404.06201171875
7319.8115234375
7243.2509765625
7168.0947265625
7096.62646484375
7034.94677734375
6969.75
6909.1591796875
6849.07080078125
6792.9677734375
6737.32177734375
6687.2646484375
6640.6416015625
6592.82958984375
6547.31005859375
6501.41455078125
6456.78564453125
6417.65478515625
6375.7119140625
6336.421875
6297.21533203125
6260.8095703125
6224.37255859375
6188.52001953125
6154.79443359375
6121.01611328125
6089.337890625
6057.70849609375
6027.18994140625
6000.431640625
5971.8046875
5944.99658203125
5918.11669921875
5892.931640625
5867.6982421875
5843.35791015625
5820.4755859375
5797.60986328125
5776.1533203125
5754.6748046875
5733.7841796875
5715.578125
5695.8525390625
5677.48046875
5658.98876953125
5641.64501953125
5624.2001953125
5607.2490234375
5591.30810546875
5575.31494140625
5560.2490234375
5545.13916015625
