20000.0
20000.0
20000.0
20000.0
20000.0
20000.0
20000.0
20000.0
20000.0
20000.0
20000.0
20000.0
20000.0
20000.0
20000.0
20000.0
20000.0
20000.0
20000.0
20000.0
20000.0
20000.0
20000.0
20000.0
20000.0
20000.0
20000.0
20000.0
20000.0
20000.0
20000.0
20000.0
20000.0
20000.0
20000.0
20000.0
20000.0
20000.0
20000.0
19999.998046875
20000.0
20000.0
20000.0
20000.0
20000.0
20000.0
20000.0
20000.0
19999.73046875
20000.0
19999.970703125
19999.99609375
20000.0
20000.0
19999.9921875
20000.0
20000.0
20000.0
20000.0
19999.994140625
20000.0
20000.0
20000.0
20000.0
20000.0
20000.0
20000.0
20000.0
20000.0
20000.0
20000.0
20000.0
19999.884765625
20000.0
20000.001953125
20000.0
20000.0
19929.30078125
19128.6171875
18464.7578125
17797.529296875
17244.734375
16727.9296875
16256.697265625
15753.6767578125
15217.4033203125
14793.5546875
14392.640625
14028.8251953125
13692.2314453125
13389.056640625
13030.6455078125
12611.259765625
12273.033203125
11966.79296875
11689.55078125
11400.841796875
11111.1689453125
10836.6064453125
10567.2529296875
10324.11328125
10082.990234375
9858.78125
9665.4111328125
9446.3408203125
9250.1171875
9062.509765625
8890.0400390625
8718.6484375
8554.611328125
8401.3232421875
8245.5732421875
8095.8955078125
7942.13037109375
7787.78857421875
7649.46630859375
7498.96923828125
7358.5087890625
7232.173828125
7114.5107421875
6992.72265625
6871.48828125
6756.06640625
6641.5087890625
6537.23876953125
6436.48779296875
