20000.0
20000.0
20000.0
20000.0
20000.0
20000.0
20000.0
20000.0
20000.0
20000.0
20000.0
20000.0
20000.0
20000.0
20000.0
20000.0
20000.0
20000.0
20000.0
20000.01171875
19999.69921875
20000.0
20000.0
20000.0
20000.0
20000.0
20000.0
19207.9765625
18258.37890625
17453.181640625
16741.3046875
16167.08203125
15615.66015625
15118.4775390625
14644.6787109375
14218.048828125
13802.9736328125
13408.6611328125
13050.8056640625
12705.0966796875
12376.291015625
11990.20703125
11692.16796875
11449.0361328125
11198.5537109375
10967.1259765625
10774.1875
10599.7919921875
10426.087890625
10227.6708984375
9930.08203125
9670.525390625
9492.146484375
9343.435546875
9188.298828125
9053.5615234375
8894.1708984375
8734.453125
8565.908203125
8408.326171875
8261.4169921875
8131.90478515625
8009.67626953125
7881.2607421875
7763.1953125
7650.5419921875
7546.47607421875
7466.5009765625
7382.95458984375
7303.91064453125
7221.9482421875
7142.29443359375
7060.63037109375
6978.8759765625
6901.45849609375
6823.0087890625
6746.876953125
6667.05322265625
6588.2236328125
6520.32080078125
6452.79931640625
6396.490234375
6342.17529296875
6291.28564453125
6240.009765625
6189.79150390625
6142.78515625
6094.83935546875
6044.28662109375
5990.82373046875
5938.435546875
5892.72509765625
5844.32568359375
5799.61083984375
5755.390625
5714.50830078125
5674.05126953125
5635.2724609375
5599.27294921875
5563.5498046875
5530.22900390625
5497.12841796875
5465.31640625
5437.45361328125
5407.79052734375
5380.048828125
5352.38818359375
5326.4951171875
5300.62841796875
5275.6318359375
5252.19873046875
5228.8623046875
5206.9765625
5184.7392578125
5163.02783203125
5144.0732421875
5123.75244140625
5104.60302734375
5085.46240234375
5067.40673828125
5049.32470703125
5031.76953125
5015.80322265625
5000.68017578125
4986.1708984375
4971.3046875
