20000.0
20000.0
20000.0
20000.0
20000.0
20000.0
20000.0
20000.0
20000.0
20000.0
20000.0
20000.0
20000.0
20000.0
19999.865234375
20000.0
20000.009765625
19999.927734375
20000.0
19193.62890625
17763.509765625
16609.35546875
15639.4931640625
14820.9375
14141.810546875
13578.1201171875
13104.03515625
12657.8515625
12247.73828125
11908.337890625
11562.5400390625
11261.708984375
10974.5751953125
10705.94140625
10482.193359375
10275.1806640625
10084.72265625
9896.72265625
9722.2470703125
9547.2080078125
9376.49609375
9228.1572265625
9071.8623046875
8926.77734375
8782.58984375
8648.380859375
8514.888671875
8379.6865234375
8248.80078125
8121.70458984375
8005.208984375
7890.27001953125
7779.9609375
7683.56640625
7580.7685546875
7484.603515625
7388.8056640625
7298.37548828125
7192.40185546875
7094.70703125
7020.0068359375
6947.74462890625
6879.96044921875
6812.1103515625
6747.4189453125
6679.8017578125
6556.81103515625
6446.38427734375
6362.4228515625
6300.79931640625
6250.00390625
6205.38671875
6158.61328125
6102.724609375
6049.5361328125
6000.47509765625
5955.115234375
5908.5927734375
5854.33154296875
5804.37646484375
5756.10498046875
5711.1708984375
5665.41064453125
5620.966796875
5580.1767578125
5540.9609375
5505.7666015625
5470.3994140625
5433.865234375
5399.90966796875
5361.515625
5325.2724609375
5289.732421875
5257.35546875
5226.1201171875
5196.68994140625
5169.32568359375
5141.666015625
5114.9541015625
5087.33740234375
5059.9248046875
5035.25732421875
5008.2294921875
4983.18603515625
4959.94384765625
4938.51513671875
4916.6337890625
4894.763671875
4873.470703125
4851.32568359375
4830.06005859375
4808.07958984375
4786.25439453125
4766.61669921875
4745.173828125
4724.9697265625
4704.69140625
4685.4736328125
4665.927734375
4646.70068359375
4628.41845703125
4609.91162109375
4592.32080078125
4574.40380859375
