20000.0
20000.0
20000.0
20000.0
20000.0
20000.0
20000.0
20000.0
20000.0
20000.0
20000.0
20000.0
20000.0
20000.0
20000.0
20000.0
20000.0
20000.0
19999.994140625
19999.212890625
20000.0
19999.09765625
20000.0
20000.0
20000.0
20000.0
19553.890625
18585.79296875
17778.494140625
17129.138671875
16484.04296875
15925.24609375
15414.4775390625
14969.1123046875
14535.099609375
14123.5732421875
13748.6796875
13386.9208984375
13053.712890625
12728.673828125
12417.611328125
12122.875
11790.6865234375
11531.5341796875
11289.9814453125
11068.615234375
10851.0400390625
10662.30078125
10499.470703125
10334.8935546875
10182.8935546875
9957.84765625
9693.818359375
9501.79296875
9345.47265625
9218.9482421875
9080.203125
8951.392578125
8811.5849609375
8658.7041015625
8510.416015625
8362.6494140625
8231.9619140625
8114.22802734375
8003.81787109375
7904.11279296875
7791.95703125
7689.50244140625
7595.72412109375
7518.6015625
7442.7490234375
7367.36669921875
7295.69580078125
7220.77880859375
7148.32080078125
7073.69873046875
6999.19482421875
6933.5810546875
6862.177734375
6792.49267578125
6719.2119140625
6648.70556640625
6578.4072265625
6515.03466796875
6461.16748046875
6408.79248046875
6359.7041015625
6309.98486328125
6261.61376953125
6219.02294921875
6173.21826171875
6130.0517578125
6086.72021484375
6043.30224609375
5995.85498046875
5948.08447265625
5903.2607421875
5858.66650390625
5817.3193359375
5776.34521484375
5737.11962890625
5703.0546875
5666.82568359375
5633.13330078125
5599.58740234375
5568.2939453125
5537.115234375
5507.0712890625
5478.931640625
5450.8359375
5424.5947265625
5398.36767578125
5373.01123046875
5350.7783203125
5326.931640625
5304.580078125
5282.23095703125
5261.3115234375
5240.3486328125
5220.02099609375
5200.90576171875
5181.8134765625
5163.8134765625
5145.82275390625
