20000.0
20000.0
20000.0
19999.994140625
20000.0
20000.0
20000.0
20000.0
20000.0
20000.0
20000.0
20000.0
20000.0
20000.0
20000.0
20000.0
20000.0
20000.0
20000.0
20000.0
20000.0
20000.0
20000.0
20000.0
19999.994140625
20000.0
20000.0
19457.373046875
18526.625
17719.3984375
17084.5078125
16454.19140625
15886.373046875
15344.8779296875
14853.96484375
14295.5146484375
13764.0908203125
13329.455078125
12922.1806640625
12556.708984375
12221.041015625
11969.81640625
11757.2587890625
11500.3447265625
11110.1005859375
10795.439453125
10580.1767578125
10363.076171875
10157.326171875
9941.09765625
9709.5107421875
9491.83984375
9287.99609375
9102.1796875
8938.0537109375
8766.953125
8617.763671875
8477.1279296875
8360.03515625
8245.1796875
8130.82470703125
8019.9599609375
7905.8837890625
7796.50732421875
7685.21484375
7573.17431640625
7471.337890625
7364.75048828125
7273.58251953125
7192.72119140625
7119.25927734375
7045.76171875
6974.48876953125
6907.779296875
6838.04833984375
6765.78173828125
6691.50634765625
6620.1669921875
6558.84130859375
6494.517578125
6435.58447265625
6377.64306640625
6324.4296875
6272.08837890625
6222.25732421875
6176.064453125
6130.45263671875
6088.19873046875
6046.35107421875
6006.162109375
5970.3330078125
5932.58935546875
5897.361328125
5862.3603515625
5829.662109375
5797.10205078125
5765.64794921875
5736.27734375
5706.93798828125
5679.4951171875
5651.93017578125
5625.115234375
5601.4853515625
5576.0302734375
5552.04931640625
5528.01123046875
5505.36865234375
5482.67236328125
5460.7265625
5439.9814453125
5419.2109375
5399.67333984375
5380.05224609375
5360.97509765625
5345.82421875
5329.38525390625
5313.44775390625
5296.93701171875
5281.1171875
5265.09228515625
5249.4208984375
5234.564453125
5219.6767578125
5205.59423828125
5191.4697265625
