20000.0
20000.0
20000.0
20000.0
20000.0
19723.091796875
19272.650390625
19098.95703125
18946.298828125
18984.89453125
19480.515625
20000.0
19999.998046875
20000.0
20000.0
20000.0
20000.0
20000.0
20000.0
20000.0
20000.0
20000.0
20000.0
20000.0
20000.0
20000.0
20000.0
20000.0
20000.0
20000.0
20000.0
20000.0
20000.0
20000.0
20000.0
19999.984375
20000.0
19076.83984375
18168.359375
17327.859375
16474.78515625
15691.94921875
14977.6923828125
14331.7919921875
13788.3974609375
13288.3720703125
12809.9462890625
12354.6845703125
11954.2314453125
11566.533203125
11195.9892578125
10858.712890625
10530.1015625
10237.83984375
9961.140625
9702.380859375
9513.0400390625
9325.0595703125
9148.6298828125
8977.4091796875
8827.5888671875
8665.376953125
8493.56640625
8336.7958984375
8183.990234375
8042.4462890625
7901.70654296875
7765.111328125
7644.9150390625
7515.54345703125
7394.0947265625
7272.21923828125
7158.025390625
7045.9560546875
6938.18359375
6837.13037109375
6733.5751953125
6635.791015625
6538.76318359375
6446.0849609375
6365.1494140625
6278.328125
6196.91015625
6115.466796875
6039.01708984375
5962.63818359375
5888.91552734375
5820.0625
5751.119140625
5686.4072265625
5621.4228515625
5558.22216796875
5502.654296875
5442.685546875
5379.72314453125
5317.28369140625
5260.9033203125
5206.04150390625
5153.84228515625
5105.65966796875
5057.34423828125
5011.72412109375
4965.67626953125
4920.642578125
4880.787109375
4837.56982421875
4796.34814453125
4754.982421875
4716.94677734375
4678.60693359375
4640.74169921875
4604.11376953125
4568.8623046875
4531.4140625
4488.73388671875
4449.35546875
4413.97802734375
4376.86083984375
4343.19677734375
4310.56103515625
4280.73046875
4249.64794921875
4214.4052734375
4178.91650390625
4143.2451171875
4111.2861328125
4081.72119140625
