20000.0
20000.0
20000.0
20000.0
19542.037109375
18993.814453125
18961.6015625
19319.087890625
19908.2890625
20000.0
20000.0
20000.0
20000.0
20000.0
20000.0
20000.0
20000.0
20000.0
20000.0
20000.0
20000.0
20000.0
20000.0
20000.0
20000.0
20000.0
20000.0
20000.0
19999.9453125
19999.990234375
20000.0
20000.0
19999.9765625
19710.94921875
18832.431640625
17956.9921875
17139.203125
16316.4970703125
15546.181640625
14845.9716796875
14216.70703125
13680.1357421875
13185.0673828125
12721.046875
12270.3955078125
11876.4912109375
11496.1708984375
11133.197265625
10800.2119140625
10477.0673828125
10185.068359375
9909.84375
9653.72265625
9462.4228515625
9277.794921875
9103.9326171875
8930.1533203125
8782.8779296875
8631.1005859375
8461.2080078125
8304.9599609375
8152.73193359375
8012.517578125
7872.94677734375
7738.25
7619.49755859375
7491.607421875
7371.36572265625
7250.796875
7137.33056640625
7025.0029296875
6917.66650390625
6817.560546875
6715.9873046875
6619.02490234375
6521.9560546875
6428.90771484375
6348.27197265625
6262.63720703125
6181.611328125
6100.4560546875
6024.2587890625
5948.06103515625
5874.41162109375
5805.61474609375
5736.9296875
5672.44970703125
5607.7568359375
5544.8681640625
5489.5654296875
5430.00927734375
5371.2275390625
5307.76123046875
5250.25390625
5194.6494140625
5141.99755859375
5093.16162109375
5044.5458984375
4999.34765625
4953.74462890625
4909.08349609375
4869.5263671875
4826.60205078125
4785.87158203125
4744.64697265625
4705.474609375
4666.35546875
4628.279296875
4591.99365234375
4555.57666015625
4521.19189453125
4482.607421875
4439.4208984375
4403.927734375
4369.45703125
4338.30419921875
4304.73876953125
4272.8623046875
4241.30712890625
4211.2099609375
4183.15185546875
4154.5048828125
4122.5439453125
4088.775390625
