20000.0
20000.0
20000.0
20000.0
20000.0
20000.0
20000.0
20000.0
20000.0
20000.0
20000.0
20000.0
20000.0
20000.0
20000.0
20000.0
19999.998046875
20000.0
19999.970703125
20000.0
20000.001953125
20000.0
19629.44140625
18267.650390625
17123.0390625
16204.2294921875
15411.3720703125
14721.484375
14140.5556640625
13653.9365234375
13257.984375
12851.275390625
12486.908203125
12139.966796875
11828.3603515625
11541.6728515625
11272.2646484375
11020.0390625
10775.9833984375
10585.70703125
10397.4677734375
10218.06640625
10062.2060546875
9896.078125
9740.7978515625
9582.5107421875
9433.564453125
9286.345703125
9145.5390625
9013.9560546875
8882.54296875
8758.31640625
8633.681640625
8511.017578125
8396.26953125
8276.2119140625
8166.39990234375
8058.0478515625
7957.1484375
7856.552734375
7759.21142578125
7668.04931640625
7576.70751953125
7464.02490234375
7374.2939453125
7299.07177734375
7232.705078125
7160.943359375
7093.9560546875
7027.18701171875
6966.63818359375
6855.4658203125
6734.28125
6638.52197265625
6564.52734375
6508.24560546875
6459.44970703125
6414.99951171875
6369.67578125
6313.16455078125
6259.1650390625
6208.60595703125
6162.3701171875
6107.79833984375
6047.67724609375
5991.40869140625
5939.84619140625
5896.34326171875
5853.4560546875
5811.73486328125
5775.474609375
5737.62353515625
5703.396484375
5668.56201171875
5633.45263671875
5595.7041015625
5556.9501953125
5519.02490234375
5480.4912109375
5444.74462890625
5410.23046875
5378.53271484375
5351.84375
5323.69287109375
5296.9384765625
5269.271484375
5242.36865234375
5214.31689453125
5186.080078125
5158.81640625
5131.052734375
5104.73681640625
5077.74951171875
5051.32763671875
5029.55419921875
5006.943359375
4985.57275390625
4963.70068359375
4942.45849609375
4920.4033203125
4898.37939453125
4876.9814453125
4854.96826171875
4833.818359375
4812.2734375
