20000.0
20000.0
20000.0
20000.0
20000.0
20000.0
20000.0
20000.0
20000.0
20000.0
20000.0
20000.0
20000.0
20000.0
20000.0
20000.0
20000.0
20000.0
20000.0
20000.0
20000.0
20000.0
20000.0
20000.0
20000.0
20000.0
20000.0
20000.0
20000.0
20000.0
20000.0
20000.0
20000.0
20000.0
20000.0
20000.001953125
20000.0
19686.162109375
18937.173828125
18319.201171875
17769.345703125
17277.767578125
16855.333984375
16429.1015625
16066.2294921875
15735.0478515625
15445.01953125
15173.6962890625
14921.3779296875
14690.5693359375
14466.02734375
14258.4453125
14040.0498046875
13841.8544921875
13677.5244140625
13507.9462890625
13351.6162109375
13196.5048828125
13051.990234375
12908.017578125
12769.4345703125
12639.900390625
12510.16796875
12388.33984375
12263.861328125
12141.458984375
12034.5078125
11920.9384765625
11814.9462890625
11708.8828125
11610.2138671875
11511.3212890625
11414.755859375
11323.4052734375
11230.583984375
11141.3583984375
11049.7763671875
10960.0380859375
10881.005859375
10796.4892578125
10717.4580078125
10638.18359375
10567.685546875
10498.44140625
10429.7509765625
10367.419921875
10301.341796875
10236.8662109375
10170.51953125
10105.1474609375
10047.123046875
9984.01953125
9924.185546875
9863.587890625
9806.126953125
9747.951171875
9692.20703125
9640.5986328125
9588.892578125
9540.0498046875
9494.220703125
9451.4453125
9414.732421875
9375.2421875
9337.3916015625
9298.8349609375
9262.5986328125
9226.4150390625
9191.43359375
9158.5732421875
9125.515625
9094.337890625
9063.1806640625
9034.4404296875
9009.2119140625
8981.658203125
8955.1787109375
8928.0224609375
8901.8466796875
8875.0185546875
8848.4970703125
8823.169921875
8797.404296875
8772.95703125
8748.0849609375
