20000.0
20000.0
20000.0
20000.0
20000.0
20000.0
20000.0
20000.0
20000.0
20000.0
20000.0
20000.0
20000.0
20000.0
20000.0
20000.0
20000.0
20000.0
20000.0
20000.0
20000.0
20000.0
20000.0
20000.0
20000.0
20000.0
20000.0
20000.0
20000.0
20000.0
20000.0
20000.0
20000.0
20000.0
20000.0
20000.0
20000.0
20000.0
20000.0
20000.0
20000.0
19999.99609375
20000.0
20000.0
20000.0
20000.005859375
20000.0
20000.0
19446.94921875
18481.98046875
17664.009765625
16902.755859375
16220.5263671875
15562.54296875
14968.548828125
14491.2490234375
14036.060546875
13606.8466796875
13193.76953125
12816.5888671875
12447.236328125
12097.8046875
11777.51953125
11463.255859375
11177.333984375
10895.22265625
10634.9892578125
10414.0771484375
10205.5439453125
10031.92578125
9858.6611328125
9695.2236328125
9530.705078125
9370.671875
9219.9814453125
9068.5849609375
8929.166015625
8800.5517578125
8671.8515625
8545.865234375
8407.5009765625
8279.9365234375
8154.0341796875
8036.5458984375
7919.017578125
7804.95361328125
7697.5810546875
7589.6591796875
7488.20703125
7386.37646484375
7287.54345703125
7200.77197265625
7107.16845703125
7017.650390625
6926.85009765625
6841.35888671875
6756.5263671875
6673.927734375
6595.9619140625
6517.43896484375
6443.36474609375
6368.75830078125
6296.029296875
6231.8583984375
6162.35400390625
6095.31884765625
6026.67578125
5961.78125
5896.5634765625
5833.24462890625
5773.74169921875
5714.4013671875
5658.71240234375
5602.3662109375
5547.1591796875
5498.29345703125
5445.4482421875
5395.50146484375
5345.1484375
5283.5625
5220.4775390625
5163.30810546875
5113.17431640625
5065.1376953125
5022.10205078125
4980.630859375
