20000.0
20000.0
20000.0
20000.0
20000.0
19999.998046875
20000.0
20000.0
20000.0
20000.0
20000.0
20000.0
20000.0
20000.0
20000.0
20000.0
20000.0
20000.0
20000.0
20000.0
20000.0
20000.0
20000.0
20000.0
20000.0
20000.0
20000.0
20000.0
20000.0
20000.0
20000.0
20000.0
20000.0
20000.0
20000.0
20000.0
20000.0
20000.0
19999.998046875
19999.998046875
20000.0
20000.0
20000.0
20000.0
20000.0
19999.986328125
20000.0
19999.91015625
20000.0
19078.474609375
18219.10546875
17444.234375
16789.9140625
16115.4306640625
15524.369140625
14991.2373046875
14536.9697265625
14085.24609375
13664.591796875
13280.923828125
12904.4697265625
12558.8916015625
12220.7353515625
11898.765625
11623.7265625
11333.958984375
11073.498046875
10823.3115234375
10593.3642578125
10405.9375
10228.5048828125
10061.453125
9893.6376953125
9735.4521484375
9576.751953125
9422.5859375
9286.466796875
9150.828125
9025.3916015625
8895.5009765625
8756.9521484375
8619.6337890625
8489.5009765625
8368.69921875
8248.05078125
8134.86279296875
8021.22412109375
7910.732421875
7813.27685546875
7708.43505859375
7609.890625
7510.38818359375
7416.314453125
7321.7021484375
7229.54345703125
7141.93994140625
7053.35986328125
6970.6630859375
6887.40283203125
6806.04150390625
6734.1865234375
6656.595703125
6583.306640625
6509.44140625
6439.67041015625
6369.3251953125
6300.51953125
6234.37744140625
6166.4150390625
6101.86572265625
6037.423828125
5974.93701171875
5919.8349609375
5860.4501953125
5801.52197265625
5726.2783203125
5655.2265625
5587.966796875
5527.01171875
5472.8916015625
5420.93798828125
5373.08642578125
5326.49755859375
