20000.0
20000.0
19245.09765625
18277.0078125
17462.8671875
17269.6875
17600.837890625
18009.60546875
18610.369140625
19217.732421875
19798.78125
20000.0
20000.0
20000.0
20000.0
20000.0
20000.0
20000.0
20000.0
20000.0
20000.0
20000.0
20000.0
20000.0
20000.0
20000.0
20000.0
20000.0
19335.044921875
18404.2109375
17600.986328125
16896.427734375
16115.9619140625
15381.62109375
14667.349609375
13939.4970703125
13321.0615234375
12752.9892578125
12233.2724609375
11739.7705078125
11322.328125
10968.576171875
10595.7197265625
10258.92578125
9934.33984375
9639.783203125
9353.5380859375
9082.9326171875
8832.376953125
8647.1220703125
8475.83203125
8305.4091796875
8140.951171875
7996.62646484375
7841.666015625
7695.8974609375
7549.7958984375
7425.6328125
7293.1953125
7155.7998046875
7030.1181640625
6905.71630859375
6789.5458984375
6673.515625
6561.27490234375
6463.20556640625
6357.72509765625
6258.32666015625
6158.111328125
6063.51416015625
5969.0966796875
5878.01513671875
5793.9658203125
5710.6357421875
5632.46044921875
5554.185546875
5476.7998046875
5407.63427734375
5333.31982421875
5264.115234375
5195.42041015625
5131.32568359375
5067.31884765625
5005.44775390625
4947.52685546875
4889.71484375
4835.65478515625
4781.68212890625
4729.25390625
4682.62255859375
4632.263671875
4584.79638671875
4537.0419921875
4489.2529296875
4438.1064453125
4390.17724609375
4346.52001953125
4303.57958984375
4263.64892578125
4223.86669921875
4185.47802734375
4151.8154296875
4115.658203125
4081.633544921875
4047.3740234375
4014.969970703125
3982.198974609375
3950.093017578125
3921.493408203125
3892.2880859375
3864.70654296875
3837.14404296875
3810.8349609375
3787.723388671875
3762.693603515625
3738.93408203125
3714.83349609375
3691.872802734375
3668.511474609375
3645.506591796875
3623.590576171875
3601.233642578125
3578.79736328125
3549.982421875
