20000.0
20000.0
20000.0
20000.0
20000.0
20000.0
20000.0
20000.0
20000.0
20000.0
20000.0
20000.0
20000.0
20000.0
20000.0
19999.998046875
20000.0
20000.0
20000.0
20000.0
20000.0
20000.0
20000.0
20000.0
20000.0
20000.0
20000.0
20000.0
20000.0
20000.0
20000.0
20000.0
20000.0
20000.0
20000.0
20000.0
20000.0
20000.0
20000.0
20000.0
19999.998046875
20000.0
20000.0
19999.998046875
20000.0
19999.6875
20000.0
20000.0
20000.0
20000.0
20000.0
19168.849609375
18284.6796875
17474.880859375
16761.615234375
16065.810546875
15435.3037109375
14937.9267578125
14453.80078125
13998.6474609375
13565.255859375
13172.5908203125
12788.8857421875
12425.5537109375
12089.1572265625
11760.7919921875
11461.5771484375
11170.3701171875
10902.984375
10675.5556640625
10437.11328125
10257.923828125
10078.8388671875
9910.4013671875
9740.8974609375
9576.080078125
9421.5078125
9274.1201171875
9141.3935546875
9003.8046875
8852.7998046875
8720.8017578125
8582.17578125
8453.8896484375
8325.8955078125
8206.0048828125
8085.9658203125
7969.4462890625
7859.84228515625
7750.01123046875
7646.6552734375
7542.71923828125
7440.94384765625
7350.45263671875
7252.1513671875
7160.08251953125
7068.51806640625
6982.43701171875
6895.97607421875
6811.97314453125
6732.85302734375
6653.3359375
6578.40380859375
6502.24560546875
6426.2587890625
6358.56884765625
6285.52587890625
6217.0234375
6148.5498046875
6084.140625
6019.40625
5956.81201171875
5897.52880859375
5837.51025390625
5780.6787109375
5723.38671875
5667.53369140625
5618.2744140625
5564.298828125
5498.64697265625
5432.93017578125
5375.47802734375
5321.119140625
5271.7978515625
5227.392578125
5181.857421875
5137.392578125
5088.36962890625
