20000.0
19999.9765625
20000.0
20000.0
19852.873046875
19233.658203125
19155.544921875
19517.50390625
20000.0
20000.0
20000.0
20000.0
20000.0
20000.0
20000.0
20000.0
20000.0
20000.0
20000.0
20000.0
20000.0
20000.0
20000.0
20000.0
20000.0
20000.0
20000.0
19999.998046875
20000.0
19999.998046875
20000.0
20000.0
20000.0
19999.994140625
19211.3671875
18310.513671875
17471.779296875
16629.357421875
15836.0107421875
15115.755859375
14469.5185546875
13922.4853515625
13416.9951171875
12934.849609375
12473.044921875
12069.619140625
11679.654296875
11306.017578125
10965.5712890625
10633.2431640625
10338.3271484375
10059.669921875
9799.474609375
9594.30859375
9405.771484375
9229.0546875
9062.884765625
8910.376953125
8740.404296875
8569.009765625
8412.8056640625
8260.091796875
8118.0615234375
7976.32177734375
7838.673828125
7717.6787109375
7587.67724609375
7465.759765625
7343.31787109375
7229.78369140625
7117.3369140625
7008.82958984375
6904.78125
6799.7998046875
6701.99658203125
6605.44580078125
6513.23583984375
6432.02099609375
6344.81005859375
6263.1552734375
6181.55322265625
6105.09375
6028.7548828125
5955.16943359375
5886.1689453125
5816.9765625
5751.9287109375
5686.6318359375
5623.1044921875
5567.19677734375
5499.83935546875
5437.95654296875
5378.4541015625
5324.064453125
5270.35791015625
5218.78955078125
5170.69091796875
5122.20068359375
5076.263671875
5029.79736328125
4984.302734375
4944.017578125
4900.27197265625
4858.84130859375
4818.349609375
4779.896484375
4740.58740234375
4702.123046875
4665.5400390625
4621.63037109375
4578.69921875
4539.5908203125
4502.8818359375
4469.365234375
4433.50244140625
4400.51708984375
4368.25390625
4338.5166015625
4306.15576171875
4269.98388671875
4234.70947265625
4200.03564453125
4169.017578125
4141.2822265625
