20000.0
20000.0
19999.77734375
20000.0
19457.609375
18651.744140625
18163.650390625
18162.875
18378.62890625
18854.052734375
19401.9453125
19966.9140625
20000.0
20000.0
20000.0
20000.0
20000.0
20000.0
20000.0
20000.0
20000.0
20000.0
20000.0
20000.0
20000.0
20000.0
20000.0
20000.0
20000.0
20000.0
20000.0
20000.0
19999.962890625
20000.0
20000.0
19973.994140625
19157.744140625
18491.505859375
17766.490234375
17074.625
16369.5576171875
15699.216796875
15067.974609375
14448.12109375
13913.140625
13403.22265625
12932.8212890625
12514.5390625
12128.951171875
11756.525390625
11409.341796875
11097.3779296875
10791.09375
10498.529296875
10243.91015625
9978.1083984375
9729.689453125
9494.548828125
9282.3076171875
9112.4345703125
8955.888671875
8808.1875
8659.0927734375
8518.20703125
8376.2158203125
8253.03515625
8142.16748046875
8004.39990234375
7874.70458984375
7747.52685546875
7629.70654296875
7512.38720703125
7399.2001953125
7292.53857421875
7184.7314453125
7082.9833984375
6980.275390625
6880.2724609375
6791.86767578125
6696.6142578125
6607.80810546875
6520.26220703125
6438.1953125
6355.76904296875
6273.9619140625
6195.7158203125
6117.05078125
6043.55078125
5970.3837890625
5899.9091796875
5838.17822265625
5771.91357421875
5709.3525390625
5646.65283203125
5587.26513671875
5527.28466796875
5469.09814453125
5414.52880859375
5359.73681640625
5308.0693359375
5256.0693359375
5205.35791015625
5160.64306640625
5112.21435546875
5064.05810546875
5011.53271484375
4963.5595703125
4917.00927734375
4872.7919921875
4831.77490234375
4790.98046875
4752.7119140625
4714.24951171875
4676.7294921875
4643.53271484375
4607.53125
4573.34375
4538.6474609375
4505.9326171875
4472.740234375
4440.00048828125
4408.9677734375
4377.19482421875
4346.65234375
4315.7001953125
