20000.0
20000.0
20000.0
20000.0
20000.0
20000.0
20000.0
20000.0
20000.0
20000.0
20000.0
20000.0
20000.0
20000.0
20000.0
19999.875
20000.0
19996.9375
20000.0
20000.0
19999.94140625
19610.517578125
18248.708984375
17038.193359375
16020.5068359375
15201.1669921875
14494.8984375
13864.7734375
13328.373046875
12884.5595703125
12524.849609375
12156.59375
11822.2646484375
11502.4609375
11216.9267578125
10945.546875
10701.0234375
10478.197265625
10290.2607421875
10114.4443359375
9939.826171875
9773.2265625
9628.3203125
9474.1455078125
9330.0087890625
9186.271484375
9049.1552734375
8910.8388671875
8778.3935546875
8655.3271484375
8532.8193359375
8417.935546875
8303.12109375
8192.236328125
8095.119140625
7984.90771484375
7877.9150390625
7773.1103515625
7676.564453125
7580.9814453125
7488.81494140625
7402.49951171875
7316.04248046875
7234.83203125
7153.525390625
7074.625
7005.35302734375
6929.08154296875
6856.4677734375
6783.8935546875
6729.015625
6667.9970703125
6596.66845703125
6537.81396484375
6481.5078125
6429.28759765625
6377.287109375
6327.4482421875
6247.939453125
6148.35595703125
6066.5751953125
6003.1962890625
5955.78076171875
5914.966796875
5878.83349609375
5845.521484375
5806.99072265625
5765.4091796875
5721.85546875
5681.76611328125
5648.69580078125
5613.99951171875
5578.92333984375
5539.0048828125
5498.779296875
5458.40380859375
5420.337890625
5384.970703125
5348.89794921875
5314.9169921875
5281.16162109375
5249.30810546875
5222.15869140625
5194.1640625
5168.10693359375
5140.7958984375
5113.580078125
5085.12646484375
5057.03271484375
5030.34521484375
5003.45068359375
4978.2080078125
4953.2421875
4929.5283203125
4908.912109375
4886.8212890625
4866.0478515625
4844.958984375
4824.79736328125
4803.97900390625
4783.384765625
4763.4892578125
4743.9599609375
4726.43896484375
4708.90966796875
