20000.0
20000.0
20000.0
20000.0
20000.0
20000.0
20000.0
20000.0
20000.0
20000.0
20000.0
20000.0
20000.0
20000.0
20000.0
20000.0
20000.0
20000.0
20000.0
20000.0
20000.0
20000.0
20000.0
20000.0
20000.0
20000.0
20000.0
20000.0
20000.0
20000.0
20000.0
20000.0
20000.0
20000.0
20000.0
20000.0
20000.0
20000.0
19999.998046875
20000.0
20000.0
19999.970703125
19999.998046875
20000.0
19999.99609375
19999.978515625
19999.998046875
19951.2109375
18998.90625
18079.279296875
17294.626953125
16558.470703125
15894.3076171875
15259.408203125
14686.7568359375
14219.306640625
13783.2763671875
13368.591796875
12967.3359375
12599.759765625
12238.923828125
11897.5966796875
11586.44921875
11281.2509765625
11002.2080078125
10728.06640625
10471.3935546875
10254.0673828125
10062.9716796875
9891.6796875
9721.31640625
9561.1865234375
9399.951171875
9243.0068359375
9094.9921875
8946.0087890625
8805.5361328125
8670.0048828125
8546.8359375
8435.4228515625
8300.3173828125
8172.89794921875
8047.4853515625
7931.31298828125
7815.5244140625
7703.0830078125
7597.28125
7490.91015625
7390.7080078125
7290.109375
7192.31591796875
7106.42919921875
7014.26318359375
6927.8232421875
6839.3935546875
6755.38720703125
6670.6923828125
6588.9072265625
6512.12353515625
6434.61279296875
6361.3349609375
6287.42919921875
6215.31494140625
6151.650390625
6082.87939453125
6017.94921875
5952.33154296875
5889.25732421875
5824.59716796875
5761.08154296875
5701.13818359375
5641.01025390625
5584.5546875
5528.48193359375
5473.99951171875
5425.72900390625
5373.34423828125
5323.6650390625
5273.55517578125
5226.12255859375
5177.7275390625
5116.19970703125
5058.40576171875
5004.318359375
4956.7197265625
4911.0625
