20000.0
20000.0
20000.0
20000.0
19178.74609375
18681.013671875
18757.71875
18984.376953125
19476.130859375
20000.0
20000.0
20000.0
20000.0
20000.0
20000.0
20000.0
20000.0
20000.0
20000.0
20000.0
20000.0
20000.0
20000.0
20000.0
20000.0
20000.0
20000.0
20000.0
20000.0
20000.0
20000.0
20000.0
19999.95703125
20000.0
20000.0
19579.869140625
18733.912109375
17882.103515625
17102.8125
16345.3779296875
15577.18359375
14955.33203125
14339.064453125
13790.142578125
13257.849609375
12798.876953125
12391.041015625
11982.845703125
11622.7236328125
11274.9677734375
10955.279296875
10642.94921875
10345.234375
10090.7041015625
9821.7060546875
9580.865234375
9362.361328125
9194.96484375
9027.5576171875
8865.1328125
8712.1611328125
8558.513671875
8413.97265625
8274.2548828125
8147.59716796875
8026.9375
7885.822265625
7755.55029296875
7627.6171875
7508.7646484375
7390.146484375
7275.65087890625
7168.02197265625
7059.94287109375
6957.85693359375
6854.70458984375
6754.09814453125
6665.14990234375
6569.5
6480.23291015625
6392.376953125
6310.017578125
6227.54443359375
6147.64306640625
6071.59423828125
5993.70263671875
5920.17822265625
5846.8359375
5776.3369140625
5714.0224609375
5646.99658203125
5583.74267578125
5520.0341796875
5460.03369140625
5399.82666015625
5341.43994140625
5286.6162109375
5231.75
5180.06201171875
5128.0703125
5077.4677734375
5032.80322265625
4984.5224609375
4938.83544921875
4889.65234375
4840.22705078125
4792.09423828125
4746.7548828125
4704.94775390625
4663.4140625
4624.81201171875
4586.2822265625
4548.78466796875
4515.69873046875
4479.9482421875
4446.13134765625
4411.95947265625
4379.541015625
4346.68798828125
4314.1875
4283.4873046875
4253.01318359375
4223.509765625
4184.291015625
