20000.0
20000.0
20000.0
20000.0
20000.0
20000.0
20000.0
20000.0
20000.0
20000.0
20000.0
20000.0
20000.0
20000.0
20000.0
19999.998046875
20000.0
20000.0
20000.0
20000.0
20000.0
20000.0
20000.0
20000.0
20000.0
20000.0
20000.0
20000.0
20000.0
20000.0
20000.0
20000.0
20000.0
20000.0
20000.0
20000.0
20000.0
20000.0
19999.998046875
19999.341796875
20000.0
20000.0
19999.998046875
20000.0
19999.998046875
19999.873046875
20000.0
20000.0
20000.0
19999.998046875
20000.0
20000.0
20000.0
20000.0
20000.0
20000.0
20000.0
19454.130859375
18583.671875
17790.248046875
17085.2734375
16497.0078125
15905.59375
15334.0146484375
14800.203125
14335.859375
13973.65234375
13594.75
13250.3251953125
12919.2412109375
12618.6845703125
12325.921875
12034.0068359375
11704.3818359375
11418.2822265625
11180.44921875
10958.9892578125
10628.5009765625
10368.322265625
10131.3544921875
9929.69921875
9725.65625
9535.4697265625
9337.0068359375
9137.7646484375
8949.8623046875
8765.853515625
8592.373046875
8408.7578125
8234.8369140625
8090.30224609375
7945.1220703125
7815.70849609375
7691.59619140625
7579.2177734375
7467.06396484375
7356.2333984375
7248.75537109375
7135.40625
7025.07373046875
6911.64599609375
6799.98388671875
6700.87841796875
6598.93603515625
6509.435546875
6417.4990234375
6327.744140625
6235.107421875
6144.390625
6059.42626953125
5976.0068359375
5901.015625
5827.42578125
5756.90576171875
5695.3251953125
5630.2900390625
5570.28173828125
5514.25146484375
5463.5712890625
5412.44091796875
5362.11328125
5314.21826171875
5267.111328125
5223.58251953125
5180.212890625
