20000.0
20000.0
20000.0
20000.0
20000.0
20000.0
20000.0
20000.0
20000.0
20000.0
20000.0
20000.0
20000.0
20000.0
20000.0
20000.0
20000.0
20000.0
20000.0
20000.0
19999.169921875
20000.0
20000.0
20000.0
20000.0
20000.0
20000.0
20000.0
20000.0
20000.0
20000.0
20000.0
19997.09375
20000.0
19999.98046875
19282.74609375
18157.072265625
17163.73828125
16223.84765625
15327.1943359375
14563.275390625
14003.6806640625
13523.2275390625
13111.0107421875
12736.4892578125
12417.87890625
12130.34375
11866.5771484375
11616.947265625
11369.4365234375
11140.5751953125
10917.33984375
10707.775390625
10530.67578125
10358.1904296875
10194.041015625
10029.861328125
9879.69140625
9733.5244140625
9596.0458984375
9469.87890625
9346.619140625
9233.396484375
9122.8623046875
9017.9208984375
8927.6064453125
8832.916015625
8745.59765625
8659.873046875
8580.939453125
8503.0107421875
8428.5302734375
8359.61328125
8292.4384765625
8230.44140625
8168.44921875
8108.890625
8057.3388671875
8001.8779296875
7950.37841796875
7899.22900390625
7851.81201171875
7804.716796875
7759.544921875
7717.365234375
7675.44580078125
7636.423828125
7596.63720703125
7558.3544921875
7525.203125
7489.6728515625
7456.44677734375
7423.1796875
7392.14306640625
7361.06591796875
7331.06591796875
7303.04833984375
7275.2568359375
7249.1943359375
7223.2392578125
7198.17626953125
7175.97265625
7152.40576171875
7130.20947265625
7107.966796875
7086.70068359375
7065.416015625
7044.71435546875
7025.3046875
7005.896484375
6987.4775390625
6968.830078125
6950.5556640625
6934.2685546875
6916.4765625
6899.455078125
6882.013671875
6865.263671875
6847.97509765625
6830.87939453125
6814.4150390625
6797.28173828125
6781.041015625
6764.6650390625
