20000.0
20000.0
20000.0
20000.0
19999.994140625
20000.0
20000.0
20000.0
20000.0
20000.0
20000.0
20000.0
20000.0
20000.0
20000.0
20000.0
20000.0
20000.0
20000.0
20000.005859375
20000.0
19999.736328125
20000.0
20000.0
20000.0
20000.0
19999.98828125
20000.0
20000.0
20000.0
20000.0
20000.0
20000.0
20000.0
20000.0
20000.0
19521.50390625
18794.251953125
17677.791015625
16825.0078125
16079.451171875
15402.611328125
14683.3291015625
14078.2900390625
13549.8232421875
13134.49609375
12769.23828125
12440.7412109375
12154.5283203125
11889.3623046875
11659.556640625
11450.908203125
11244.1533203125
11062.0078125
10863.984375
10679.5771484375
10499.166015625
10334.216796875
10173.2880859375
10021.4482421875
9890.31640625
9761.0302734375
9637.1494140625
9513.4228515625
9396.23828125
9295.265625
9189.203125
9091.2421875
8994.89453125
8906.001953125
8818.2421875
8734.3974609375
8656.896484375
8580.3740234375
8509.384765625
8439.3623046875
8372.5087890625
8314.40234375
8252.7880859375
8195.54296875
8138.8037109375
8085.95849609375
8033.4306640625
7982.87353515625
7935.7861328125
7888.95361328125
7845.4970703125
7802.7119140625
7761.25634765625
7724.91259765625
7685.724609375
7648.98095703125
7612.3125
7578.205078125
7543.76904296875
7510.3515625
7479.20068359375
7447.9990234375
7419.18994140625
7390.056640625
7361.9755859375
7337.23486328125
7310.615234375
7285.48583984375
7260.2236328125
7236.47802734375
7212.708984375
7189.6064453125
7167.81103515625
7145.890625
7124.77294921875
7103.3720703125
7082.51904296875
7064.001953125
7043.90234375
7024.81201171875
7005.41357421875
6987.10107421875
6968.50244140625
6950.1953125
6932.81787109375
6915.04833984375
6898.21826171875
6881.03564453125
