20000.0
20000.0
20000.0
20000.0
20000.0
20000.0
20000.0
20000.0
20000.0
20000.0
20000.0
20000.0
20000.0
20000.0
20000.0
20000.0
20000.0
20000.0
20000.0
19997.029296875
19999.919921875
20000.0
20000.0
20000.0
20000.0
20000.0
20000.0
20000.0
20000.0
20000.0
20000.0
20000.0
20000.0
20000.0
19355.138671875
18517.357421875
17334.10546875
16469.51953125
15650.0576171875
14866.9765625
14130.8935546875
13499.6123046875
13026.8818359375
12615.1318359375
12258.904296875
11920.560546875
11621.5205078125
11346.37890625
11107.51171875
10885.078125
10661.9150390625
10451.6923828125
10244.87890625
10051.0068359375
9886.150390625
9714.9130859375
9566.306640625
9423.21484375
9287.4404296875
9152.2607421875
9023.763671875
8906.15234375
8791.0205078125
8685.43359375
8581.8564453125
8483.5546875
8399.158203125
8310.080078125
8228.138671875
8147.87890625
8073.61376953125
8000.5537109375
7931.20703125
7866.9599609375
7803.40283203125
7744.53271484375
7686.35791015625
7630.69287109375
7582.25830078125
7530.7958984375
7483.84521484375
7437.14306640625
7393.53564453125
7350.00927734375
7307.89990234375
7268.583984375
7229.35791015625
7192.966796875
7156.62353515625
7121.48388671875
7090.85400390625
7058.3974609375
7027.87451171875
6997.5009765625
6969.01416015625
6940.58203125
6913.06396484375
6886.8623046875
6860.65283203125
6836.15234375
6811.58251953125
6787.767578125
6766.83447265625
6744.3994140625
6723.42724609375
6702.3818359375
6682.7841796875
6662.96484375
6643.65087890625
6625.47705078125
6607.154296875
6589.83447265625
6572.26220703125
6555.150390625
6539.9794921875
6523.525390625
6507.875
6492.05126953125
6477.1435546875
6461.5244140625
6446.7705078125
6432.98486328125
6418.89501953125
6405.27685546875
6391.27734375
