20000.0
20000.0
20000.0
20000.0
19999.998046875
20000.0
20000.0
20000.0
20000.0
20000.0
20000.0
20000.0
20000.0
20000.0
20000.0
20000.0
20000.0
20000.0
20000.0
20000.001953125
20000.001953125
19999.884765625
20000.0
20000.0
20000.0
20000.0
20000.0
20000.0
20000.0
20000.0
20000.0
20000.0
20000.0
20000.0
20000.0
19999.9921875
19921.69921875
19305.42578125
18107.6171875
17190.63671875
16415.1171875
15713.5244140625
14965.12109375
14321.3212890625
13772.373046875
13343.0888671875
12964.7314453125
12625.7744140625
12333.798828125
12065.59375
11834.1318359375
11620.23828125
11403.353515625
11215.90234375
11014.2314453125
10827.095703125
10643.962890625
10476.1728515625
10312.6005859375
10167.9931640625
10033.01953125
9895.25
9766.7998046875
9641.1005859375
9522.361328125
9420.0478515625
9312.681640625
9213.6376953125
9116.17578125
9026.1044921875
8937.2919921875
8852.6337890625
8774.2919921875
8696.9228515625
8625.3837890625
8554.837890625
8487.28515625
8428.5859375
8366.3759765625
8308.5927734375
8251.1337890625
8197.6240234375
8144.70166015625
8094.5126953125
8047.580078125
8000.6591796875
7956.68408203125
7912.71484375
7870.26025390625
7832.876953125
7792.9814453125
7755.7939453125
7718.74755859375
7684.11083984375
7649.5400390625
7616.0048828125
7584.86865234375
7553.65234375
7524.46923828125
7495.15185546875
7466.8154296875
7441.69677734375
7414.85009765625
7389.47412109375
7364.11865234375
7340.064453125
7315.83203125
7292.3603515625
7270.19140625
7247.7421875
7226.5830078125
7205.20947265625
7184.33251953125
7165.9208984375
7145.9208984375
7127.02392578125
7107.98974609375
7089.85009765625
7071.54638671875
7053.716796875
7036.54541015625
7019.11767578125
7002.4951171875
6985.51611328125
