20000.0
20000.0
20000.0
20000.0
20000.0
20000.0
20000.0
20000.0
20000.0
20000.0
20000.0
20000.0
20000.0
20000.0
20000.0
20000.0
20000.0
20000.0
20000.00390625
20000.0
19999.6796875
20000.0
20000.0
20000.0
20000.0
20000.0
20000.0
20000.0
20000.0
20000.0
20000.0
20000.0
20000.0
20000.0
20000.0
20000.0
18724.916015625
17703.78125
16741.568359375
15798.5205078125
14949.33984375
14348.3662109375
13832.4443359375
13401.0068359375
13013.251953125
12687.775390625
12392.50390625
12118.056640625
11859.775390625
11609.66796875
11378.1416015625
11150.9150390625
10937.5126953125
10768.9208984375
10585.912109375
10413.5576171875
10244.90625
10091.525390625
9943.0419921875
9802.9189453125
9674.7578125
9549.2265625
9434.29296875
9322.015625
9215.3896484375
9123.8134765625
9027.560546875
8938.7578125
8851.8095703125
8771.546875
8693.47265625
8618.98046875
8549.736328125
8480.97265625
8416.7265625
8353.1171875
8292.296875
8239.5029296875
8183.5341796875
8131.40478515625
8079.70361328125
8031.62548828125
7983.9365234375
7938.01953125
7895.15234375
7851.751953125
7811.39501953125
7771.32763671875
7732.82470703125
7699.14208984375
7663.14111328125
7629.458984375
7595.7080078125
7564.26708984375
7532.89111328125
7502.708984375
7474.97216796875
7447.0673828125
7420.8076171875
7394.59130859375
7369.2060546875
7347.0625
7323.287109375
7301.0224609375
7278.6787109375
7257.78466796875
7236.7783203125
7216.50048828125
7197.392578125
7178.19287109375
7160.00048828125
7141.51220703125
7123.34375
7107.107421875
7089.45556640625
7072.52783203125
7055.2724609375
7038.93359375
7022.13720703125
7005.34619140625
6988.9931640625
6972.18896484375
6956.0498046875
6938.20263671875
