20000.0
20000.0
20000.0
20000.0
20000.0
20000.0
20000.0
20000.0
20000.0
20000.0
20000.0
20000.0
20000.0
20000.0
20000.0
19999.953125
20000.0
20000.0
20000.001953125
20000.0
20000.0
20000.0
19999.9921875
20000.0
20000.0
20000.0
20000.0
20000.0
20000.001953125
20000.0
20000.0
20000.0
20000.0
20000.0
19992.41015625
18697.4921875
17574.3984375
16570.203125
15626.912109375
14717.47265625
14028.5654296875
13486.884765625
13027.01953125
12664.0888671875
12312.431640625
12017.4482421875
11734.28515625
11468.9912109375
11205.7919921875
10955.8955078125
10729.6240234375
10511.625
10320.8134765625
10140.5830078125
9964.1982421875
9812.73828125
9654.9443359375
9511.06640625
9371.5498046875
9243.7412109375
9119.2880859375
9002.0458984375
8894.64453125
8789.9794921875
8693.9501953125
8600.068359375
8511.205078125
8434.501953125
8353.6513671875
8279.1572265625
8205.8662109375
8138.8359375
8072.77294921875
8009.4443359375
7950.5869140625
7892.54296875
7838.01025390625
7784.10693359375
7732.5771484375
7688.07568359375
7640.58349609375
7596.58154296875
7552.755859375
7511.3251953125
7470.09716796875
7430.58642578125
7393.7978515625
7357.24072265625
7323.0888671875
7289.10791015625
7256.38232421875
7227.810546875
7197.31591796875
7169.03369140625
7140.908203125
7114.5859375
7088.255859375
7062.787109375
7038.92333984375
7014.97265625
6992.59912109375
6969.921875
6947.6455078125
6928.36181640625
6907.55810546875
6887.89453125
6868.0029296875
6849.14453125
6829.8720703125
6810.78125
6792.46240234375
6773.66943359375
6755.4072265625
6737.4619140625
6719.92333984375
6704.0009765625
6686.20458984375
6669.04833984375
6651.21630859375
6633.57421875
6615.2177734375
6595.2041015625
6575.2314453125
6554.36083984375
6533.7236328125
6512.32958984375
