20000.0
20000.0
20000.0
20000.0
20000.0
20000.0
20000.0
20000.0
20000.0
20000.0
20000.0
20000.0
20000.0
20000.0
20000.0
20000.0
20000.0
20000.0
19999.962890625
19999.232421875
20000.0
20000.0
20000.0
20000.0
20000.0
20000.0
20000.0
20000.0
20000.0
20000.0
20000.0
20000.0
20000.0
19999.998046875
19914.578125
18582.66796875
17558.265625
16612.650390625
15719.26953125
14843.3544921875
14135.6123046875
13627.5390625
13176.7138671875
12785.6787109375
12424.62890625
12115.201171875
11836.1826171875
11567.390625
11319.525390625
11071.6552734375
10843.513671875
10622.6328125
10416.009765625
10245.5224609375
10074.56640625
9911.6875
9750.904296875
9603.41796875
9459.4892578125
9323.77734375
9199.4580078125
9077.94140625
8966.712890625
8857.662109375
8754.7392578125
8666.169921875
8573.0771484375
8487.494140625
8403.2978515625
8325.359375
8248.693359375
8175.703125
8108.13330078125
8042.0791015625
7980.85009765625
7919.953125
7861.38916015625
7810.5322265625
7756.24755859375
7705.63671875
7655.505859375
7608.99169921875
7562.66552734375
7518.203125
7476.3935546875
7434.33203125
7395.2392578125
7356.26953125
7318.7265625
7285.91748046875
7251.04248046875
7218.81982421875
7186.54150390625
7156.43994140625
7126.51220703125
7097.65869140625
7070.62158203125
7043.71728515625
7018.5361328125
6993.60546875
6969.55859375
6948.38134765625
6925.70947265625
6904.39501953125
6883.216796875
6863.26171875
6842.9140625
6823.11572265625
6804.587890625
6785.9970703125
6768.4990234375
6750.91796875
6733.6962890625
6718.328125
6701.6650390625
6685.6015625
6669.0986328125
6653.6650390625
6638.33544921875
6623.2509765625
6608.52978515625
6593.35302734375
6578.8271484375
6563.74755859375
