20000.0
20000.0
20000.0
20000.0
20000.0
20000.0
20000.0
20000.0
20000.0
20000.0
20000.0
20000.0
20000.0
20000.0
20000.0
20000.0
20000.0
20000.0
20000.0
20000.0
20000.0
20000.0
20000.0
20000.0
20000.0
20000.0
19999.994140625
20000.0
20000.0
20000.0
20000.0
20000.0
20000.0
20000.0
20000.0
20000.0
19510.841796875
18396.177734375
17424.306640625
16580.65625
15740.822265625
15036.2919921875
14336.033203125
13763.0400390625
13277.4794921875
12897.0732421875
12540.369140625
12216.69921875
11933.3056640625
11673.103515625
11450.6162109375
11222.34765625
11002.5615234375
10809.2958984375
10604.623046875
10418.0498046875
10236.5751953125
10071.1015625
9918.7919921875
9774.939453125
9637.291015625
9500.810546875
9375.0166015625
9252.01953125
9135.2646484375
9034.828125
8928.9892578125
8831.353515625
8735.5732421875
8647.111328125
8560.0185546875
8477.283203125
8400.6640625
8325.06640625
8255.33203125
8186.43505859375
8120.345703125
8062.87744140625
8001.99365234375
7945.33203125
7889.171875
7837.44091796875
7786.25390625
7736.9033203125
7690.6064453125
7644.68359375
7601.41796875
7558.64794921875
7516.923828125
7480.423828125
7441.67578125
7405.4580078125
7369.40234375
7335.6533203125
7302.0439453125
7269.58349609375
7239.0361328125
7208.11474609375
7179.01904296875
7150.05517578125
7122.0068359375
7097.28564453125
7070.853515625
7046.03369140625
7021.13134765625
6997.744140625
6974.3544921875
6951.75634765625
6930.5439453125
6909.3681640625
6889.38232421875
6869.248046875
6849.744140625
6832.52490234375
6813.90234375
6796.26611328125
6778.5322265625
6761.6298828125
6744.72314453125
6728.19091796875
6712.3056640625
6696.33349609375
6681.20849609375
6665.75146484375
