20000.0
20000.0
20000.0
20000.0
20000.0
20000.0
20000.0
20000.0
20000.0
20000.0
20000.0
20000.0
20000.0
20000.0
20000.0
20000.0
20000.0
20000.0
20000.0
19999.6796875
19999.93359375
20000.0
19999.9921875
20000.0
20000.0
20000.0
20000.0
20000.0
20000.0
20000.0
20000.0
20000.0
20000.0
20000.0
20000.0
20000.0
19359.19921875
18245.099609375
17286.064453125
16325.2880859375
15415.5087890625
14737.9052734375
14169.607421875
13718.2705078125
13315.4287109375
12978.7021484375
12675.63671875
12399.494140625
12134.9072265625
11885.0380859375
11649.673828125
11418.2197265625
11200.0263671875
11020.3369140625
10836.4638671875
10661.6181640625
10488.822265625
10331.78125
10179.408203125
10036.099609375
9904.8017578125
9776.5380859375
9658.783203125
9543.7314453125
9434.6376953125
9340.5478515625
9241.955078125
9151.1044921875
9061.728515625
8979.5634765625
8898.9296875
8822.7578125
8751.8095703125
8681.556640625
8615.8173828125
8550.62890625
8488.2861328125
8434.142578125
8376.59765625
8323.232421875
8270.30078125
8220.9873046875
8172.025390625
8124.94091796875
8081.07568359375
8037.45947265625
7996.02783203125
7955.03857421875
7915.61083984375
7880.94091796875
7844.01123046875
7809.30322265625
7774.66748046875
7742.3212890625
7710.2041015625
7679.2919921875
7650.4375
7621.35888671875
7594.02099609375
7566.669921875
7540.27880859375
7517.12939453125
7492.3388671875
7469.048828125
7445.634765625
7423.83203125
7401.93017578125
7380.63427734375
7360.45361328125
7339.96337890625
7320.45263671875
7300.65771484375
7281.0966796875
7263.701171875
7244.6748046875
7226.69580078125
7208.0615234375
7190.09912109375
7171.46240234375
7152.8583984375
7134.80517578125
7115.36572265625
7095.349609375
7074.83349609375
