20000.0
20000.0
20000.0
20000.0
20000.0
20000.0
20000.0
20000.0
20000.0
20000.0
20000.0
20000.0
20000.0
20000.0
20000.0
20000.0
20000.0
20000.0
20000.0
20000.0
20000.0
20000.00390625
19999.943359375
20000.0
20000.0
20000.0
20000.0
20000.0
20000.0
20000.0
20000.0
20000.0
20000.0
20000.0
20000.0
19998.564453125
20000.0
20000.0
19855.990234375
18612.31640625
17632.599609375
16785.71484375
16026.7841796875
15219.0966796875
14543.84765625
13974.3740234375
13544.0888671875
13152.265625
12801.96484375
12503.904296875
12231.5908203125
11995.2138671875
11758.529296875
11529.9501953125
11333.81640625
11125.435546875
10932.837890625
10744.8173828125
10585.32421875
10424.5166015625
10266.498046875
10119.7412109375
9976.6337890625
9845.9921875
9718.9326171875
9598.39453125
9494.5517578125
9385.2841796875
9284.5185546875
9185.669921875
9094.50390625
9004.529296875
8918.92578125
8839.9130859375
8761.8798828125
8689.6748046875
8618.5810546875
8551.609375
8493.2529296875
8430.8974609375
8372.9462890625
8314.71484375
8260.5693359375
8206.845703125
8155.072265625
8106.89501953125
8059.0458984375
8014.400390625
7969.99755859375
7927.24169921875
7889.7353515625
7849.814453125
7812.53173828125
7775.22412109375
7740.37451171875
7705.60205078125
7671.71533203125
7639.86669921875
7607.984375
7578.044921875
7548.16064453125
7519.12353515625
7493.58984375
7466.24560546875
7440.7001953125
7415.09619140625
7391.30126953125
7367.55126953125
7344.28564453125
7322.27392578125
7300.2373046875
7279.50146484375
7258.81787109375
7238.71533203125
7220.9609375
7201.919921875
7183.9423828125
7165.8115234375
7148.79541015625
7131.59130859375
7114.89453125
7098.9677734375
7082.74658203125
7067.31787109375
7051.57763671875
