20000.0
20000.0
20000.0
20000.0
20000.0
20000.0
20000.0
20000.0
20000.0
20000.0
20000.0
20000.0
20000.0
20000.0
20000.0
20000.0
20000.0
20000.0
19999.998046875
20000.0
20000.0
20000.0
20000.0
20000.0
20000.0
20000.0
20000.0
20000.0
20000.0
20000.0
20000.0
20000.0
20000.0
20000.0
20000.0
20000.0
20000.0
19434.30078125
18716.638671875
18127.642578125
17599.05078125
17114.10546875
16699.396484375
16280.853515625
15920.580078125
15591.6962890625
15303.673828125
15030.6552734375
14775.7998046875
14543.9482421875
14318.6767578125
14113.7353515625
13906.1923828125
13701.564453125
13530.1015625
13353.140625
13190.3505859375
13029.583984375
12880.51953125
12733.16796875
12591.6923828125
12459.53125
12327.705078125
12204.77734375
12081.734375
11960.1455078125
11849.1044921875
11728.7880859375
11616.921875
11507.275390625
11410.6787109375
11314.97265625
11219.9345703125
11128.732421875
11035.9423828125
10948.3759765625
10858.4951171875
10769.1259765625
10688.96484375
10602.876953125
10521.8740234375
10440.7490234375
10364.7158203125
10288.2646484375
10215.79296875
10150.0908203125
10082.9296875
10018.28515625
9952.1494140625
9886.787109375
9828.7119140625
9766.892578125
9713.27734375
9661.4619140625
9613.212890625
9564.5322265625
9516.740234375
9471.25
9425.1865234375
9382.23046875
9339.2080078125
9297.19140625
9259.6962890625
9218.8388671875
9179.7353515625
9139.869140625
9102.1533203125
9063.96484375
9026.849609375
8991.7353515625
8955.623046875
8921.802734375
8888.0703125
8855.603515625
8827.1015625
8796.5068359375
8768.11328125
8740.736328125
8714.837890625
8688.4111328125
8662.185546875
8637.134765625
8611.4765625
8586.9697265625
8561.904296875
