20000.0
20000.0
20000.0
20000.0
20000.0
20000.0
20000.0
20000.0
20000.0
20000.0
20000.0
20000.0
20000.0
20000.0
20000.0
20000.0
20000.0
20000.0
20000.005859375
20000.0
19999.59375
20000.0
19999.998046875
20000.0
20000.0
20000.0
20000.0
20000.0
20000.0
20000.0
20000.0
20000.0
20000.0
20000.0
20000.0
19230.552734375
18080.912109375
17150.552734375
16263.8896484375
15395.041015625
14607.8525390625
14035.837890625
13529.9560546875
13120.3447265625
12746.298828125
12428.802734375
12140.740234375
11886.625
11646.4912109375
11409.0712890625
11188.955078125
10971.9345703125
10766.7431640625
10591.7109375
10420.6552734375
10261.2490234375
10099.9638671875
9950.6533203125
9805.9716796875
9669.9951171875
9545.8740234375
9424.20703125
9312.7158203125
9203.3291015625
9099.6884765625
9010.6533203125
8916.634765625
8830.0888671875
8745.271484375
8666.94921875
8589.798828125
8516.423828125
8448.4736328125
8382.0625
8320.5703125
8259.55859375
8200.9599609375
8149.919921875
8095.1435546875
8044.15673828125
7993.69970703125
7946.7783203125
7900.31201171875
7855.61767578125
7813.9228515625
7772.5693359375
7733.7802734375
7695.34716796875
7658.2705078125
7625.94091796875
7591.37646484375
7558.93408203125
7526.103515625
7495.46142578125
7464.71630859375
7434.98291015625
7407.13037109375
7379.396484375
7353.41162109375
7327.67626953125
7302.52978515625
7280.43359375
7256.720703125
7234.4169921875
7212.234375
7191.173828125
7169.9111328125
7149.271484375
7129.828125
7110.26953125
7091.8486328125
7073.37841796875
7055.35107421875
7039.27490234375
7021.697265625
7004.9248046875
6987.84521484375
6971.4130859375
6954.64013671875
6938.12158203125
6922.224609375
6905.88134765625
6889.935546875
6873.43603515625
