20000.0
20000.0
20000.0
20000.0
19999.994140625
20000.0
20000.0
20000.0
20000.0
20000.0
20000.0
20000.0
20000.0
20000.0
20000.0
20000.0
20000.0
20000.0
19999.662109375
20000.0
19999.974609375
20000.0
20000.0
20000.0
20000.0
20000.0
20000.029296875
20000.0
20000.0
20000.0
20000.0
20000.0
20000.0
20000.0
20000.0
19430.486328125
18815.57421875
17637.818359375
16753.80859375
15993.29296875
15230.1396484375
14586.40234375
13951.8203125
13409.6650390625
12939.5693359375
12581.34375
12242.619140625
11930.2314453125
11653.1298828125
11395.3017578125
11175.412109375
10965.6845703125
10759.0419921875
10574.7158203125
10377.3779296875
10196.58203125
10020.341796875
9859.857421875
9703.5966796875
9562.9462890625
9435.87890625
9307.0224609375
9185.576171875
9065.8251953125
8952.2470703125
8854.3505859375
8751.2216796875
8656.3212890625
8562.671875
8476.318359375
8391.435546875
8310.3798828125
8235.42578125
8161.6875
8093.3056640625
8025.75927734375
7961.3310546875
7905.533203125
7846.15771484375
7790.94775390625
7736.18603515625
7685.21728515625
7634.64404296875
7586.025390625
7540.7197265625
7496.173828125
7454.8984375
7413.6494140625
7373.60400390625
7338.56787109375
7300.91796875
7265.46826171875
7230.35498046875
7197.63818359375
7164.6474609375
7132.80419921875
7103.12255859375
7073.40380859375
7045.67529296875
7017.8017578125
6990.95068359375
6967.35888671875
6942.0556640625
6918.2666015625
6894.0751953125
6871.1572265625
6848.12060546875
6825.7451171875
6804.6689453125
6783.5458984375
6763.71044921875
6743.81201171875
6724.50146484375
6707.52734375
6689.07080078125
6671.59326171875
6654.02685546875
6637.376953125
6620.5380859375
6603.99169921875
6588.34375
6572.400390625
6557.3212890625
6541.9501953125
