20000.0
20000.0
20000.0
20000.0
20000.0
20000.0
20000.0
20000.0
20000.0
20000.0
20000.0
20000.0
20000.0
20000.0
20000.0
20000.0
20000.0
20000.0
20000.0
20000.0
19999.958984375
20000.0
19999.99609375
20000.0
20000.0
20000.0
20000.0
20000.0
20000.0
19999.99609375
20000.0
20000.0
20000.0
20000.0
19519.830078125
18844.705078125
17596.953125
16686.826171875
15876.87109375
15103.4541015625
14359.001953125
13728.744140625
13234.517578125
12791.3193359375
12423.9775390625
12079.513671875
11778.7099609375
11500.7734375
11257.6728515625
11042.326171875
10821.78515625
10613.1875
10407.3876953125
10212.6455078125
10046.87109375
9874.5732421875
9720.3583984375
9578.0244140625
9443.41015625
9307.1103515625
9177.7939453125
9059.21484375
8943.55859375
8837.12109375
8732.994140625
8634.060546875
8548.748046875
8459.19921875
8376.58984375
8295.2197265625
8220.34375
8146.60888671875
8076.279296875
8011.439453125
7947.50732421875
7888.16064453125
7829.33935546875
7772.96435546875
7724.078125
7672.0947265625
7624.19873046875
7577.2490234375
7533.337890625
7489.48193359375
7447.0732421875
7407.38916015625
7367.74658203125
7331.2314453125
7294.33349609375
7258.73876953125
7227.84228515625
7194.82958984375
7164.0400390625
7133.3115234375
7104.5087890625
7075.9365234375
7048.314453125
7022.32861328125
6996.33349609375
6971.79248046875
6946.8427734375
6922.484375
6901.1201171875
6878.24462890625
6856.7666015625
6835.2451171875
6815.01513671875
6794.59619140625
6774.6943359375
6755.9541015625
6737.044921875
6719.05126953125
6700.9248046875
6683.138671875
6667.36572265625
6650.2802734375
6634.10888671875
6617.69140625
6602.2177734375
6586.18994140625
6570.17724609375
6554.845703125
6539.07666015625
6524.552734375
6509.87060546875
