20000.0
20000.0
20000.0
20000.0
20000.0
20000.0
20000.0
20000.0
20000.0
20000.0
20000.0
20000.0
20000.0
20000.0
20000.0
20000.0
20000.0
20000.001953125
20000.0
20000.0
20000.0
20000.0
20000.0
20000.0
20000.0
20000.0
20000.0
20000.0
20000.0
20000.0
20000.0
19999.98046875
19999.98828125
18850.5390625
17708.916015625
16710.27734375
15782.8740234375
14874.564453125
14165.30078125
13591.876953125
13132.3330078125
12766.0322265625
12411.720703125
12111.9345703125
11830.4501953125
11567.2109375
11313.3203125
11072.5615234375
10851.712890625
10645.2138671875
10461.4189453125
10275.15625
10097.2578125
9946.0400390625
9789.7001953125
9648.0625
9510.275390625
9384.4755859375
9261.7783203125
9146.2490234375
9040.4990234375
8937.0029296875
8842.37890625
8749.5859375
8661.75
8587.4853515625
8509.1923828125
8436.63671875
8364.5927734375
8297.6611328125
8231.919921875
8169.06201171875
8110.75537109375
8053.43798828125
8000.28173828125
7947.40625
7896.984375
7853.17333984375
7806.6318359375
7763.31298828125
7720.43603515625
7680.46826171875
7640.001953125
7601.37353515625
7565.4765625
7529.6494140625
7496.28857421875
7462.986328125
7430.853515625
7402.771484375
7373.1826171875
7345.42431640625
7317.77880859375
7292.08740234375
7266.451171875
7241.6630859375
7218.54443359375
7195.45654296875
7173.84619140625
7152.27685546875
7131.3505859375
7113.00048828125
7093.32763671875
7074.7763671875
7056.3310546875
7038.82421875
7021.10400390625
7003.66796875
6987.1552734375
6970.24365234375
6954.13720703125
6937.78271484375
6921.68603515625
6907.15771484375
6891.06884765625
6875.34521484375
6859.28271484375
6843.1201171875
6825.48486328125
6807.673828125
6790.40283203125
6772.52587890625
6754.94921875
6736.16015625
