20000.0
20000.0
20000.0
20000.0
20000.0
20000.0
20000.0
20000.0
20000.0
20000.0
20000.0
20000.0
20000.0
20000.0
20000.0
20000.0
20000.0
20000.0
20000.0
20000.001953125
20000.0
20000.0
20000.0
20000.0
20000.0
20000.0
20000.0
19999.8671875
20000.0
20000.0
20000.0
20000.0
20000.0
20000.0
20000.0
20000.0
19999.994140625
19156.701171875
18097.515625
17146.08203125
16220.28125
15444.2548828125
14689.42578125
14080.7451171875
13580.9326171875
13178.1064453125
12803.6142578125
12467.6494140625
12178.734375
11910.3095703125
11661.1943359375
11413.0
11181.4677734375
10981.9033203125
10771.212890625
10592.3125
10414.6240234375
10245.0869140625
10077.427734375
9919.76953125
9776.1591796875
9636.05078125
9507.67578125
9382.0615234375
9263.1123046875
9160.958984375
9053.3271484375
8954.6015625
8857.7412109375
8768.4921875
8680.6787109375
8597.8447265625
8521.693359375
8446.2412109375
8376.431640625
8306.671875
8239.7265625
8181.552734375
8119.91552734375
8062.7255859375
8005.91162109375
7953.0888671875
7900.65283203125
7850.2646484375
7803.2080078125
7756.54931640625
7712.56005859375
7668.28369140625
7625.72900390625
7588.59423828125
7548.826171875
7511.70263671875
7474.74755859375
7440.208984375
7405.7216796875
7372.68212890625
7341.80029296875
7311.37451171875
7282.74072265625
7254.0830078125
7226.54443359375
7202.51806640625
7176.72314453125
7152.80224609375
7128.9013671875
7106.61328125
7084.5283203125
7063.23828125
7043.26708984375
7023.283203125
7004.48876953125
6985.68505859375
6967.44677734375
6951.47314453125
6934.287109375
6918.17578125
6901.9931640625
6886.765625
6871.47216796875
6856.6083984375
6842.62255859375
6828.5595703125
6815.21728515625
6801.6416015625
