20000.0
20000.0
20000.0
20000.0
20000.0
20000.0
20000.0
20000.0
20000.0
20000.0
20000.0
20000.0
20000.0
20000.0
20000.0
20000.0
20000.0
20000.0
20000.005859375
20000.0
20000.0
20000.0
20000.0
20000.0
20000.0
20000.0
20000.0
19999.998046875
20000.0
20000.0
20000.0
20000.0
20000.0
19986.990234375
19262.044921875
18117.41796875
17150.6015625
16308.5947265625
15498.583984375
14720.0224609375
14044.14453125
13524.02734375
13053.45703125
12674.0302734375
12321.296875
12016.1591796875
11735.54296875
11488.8525390625
11271.97265625
11047.5751953125
10838.6640625
10631.279296875
10434.8369140625
10267.150390625
10092.58984375
9940.9658203125
9794.8076171875
9655.2783203125
9516.1162109375
9384.7158203125
9264.6015625
9147.5869140625
9040.1533203125
8934.7685546875
8834.71875
8748.33984375
8657.8876953125
8574.2392578125
8491.8271484375
8415.916015625
8341.306640625
8270.2109375
8204.365234375
8139.45849609375
8079.357421875
8019.77685546875
7962.57470703125
7913.09521484375
7861.30322265625
7813.24169921875
7765.21923828125
7720.18115234375
7675.19970703125
7632.20751953125
7591.65185546875
7551.4794921875
7513.8984375
7476.607421875
7440.71630859375
7409.4072265625
7375.943359375
7344.60888671875
7313.54248046875
7284.40576171875
7255.39599609375
7227.2646484375
7200.81298828125
7174.29638671875
7149.3720703125
7123.94970703125
7099.30126953125
7077.8916015625
7054.7255859375
7033.09619140625
7011.1767578125
6990.51416015625
6969.73486328125
6949.53759765625
6930.3037109375
6911.0673828125
6892.837890625
6874.4345703125
6856.39697265625
6840.470703125
6823.2353515625
6806.6015625
6789.82470703125
6773.80615234375
6757.4736328125
6741.283203125
6725.73046875
6709.71728515625
6694.3525390625
6678.53759765625
