20000.0
20000.0
20000.0
20000.0
20000.0
20000.0
20000.0
20000.0
20000.0
20000.0
20000.0
20000.0
20000.0
20000.0
20000.0
20000.0
20000.0
20000.001953125
19999.802734375
20000.0
20000.0
20000.0
20000.0
20000.0
20000.0
20000.0
20000.001953125
20000.0
20000.0
20000.0
20000.0
20000.0
19999.994140625
18785.572265625
17653.01953125
16626.931640625
15668.0126953125
14754.166015625
14065.31640625
13525.1865234375
13062.8515625
12698.181640625
12345.7470703125
12050.5068359375
11760.412109375
11494.0673828125
11227.9267578125
10976.5107421875
10748.755859375
10529.6494140625
10340.0283203125
10157.126953125
9979.6103515625
9827.3720703125
9668.6953125
9524.3125
9383.966796875
9255.6298828125
9130.8046875
9013.0087890625
8905.3125
8800.3134765625
8703.90625
8609.935546875
8520.5068359375
8443.4775390625
8362.390625
8287.66015625
8214.234375
8147.1201171875
8080.6650390625
8016.93994140625
7957.9765625
7899.1923828125
7844.548828125
7790.49609375
7738.8720703125
7694.076171875
7646.50146484375
7602.1455078125
7557.3994140625
7515.73583984375
7474.40283203125
7434.72216796875
7397.90283203125
7361.17431640625
7326.94970703125
7292.96142578125
7260.20458984375
7231.60595703125
7201.16748046875
7172.8916015625
7144.80078125
7118.47314453125
7092.134765625
7066.73828125
7042.89501953125
7019.171875
6996.49365234375
6973.68505859375
6951.6669921875
6932.44580078125
6911.70703125
6892.0517578125
6872.21435546875
6853.31787109375
6833.94775390625
6814.7978515625
6796.369140625
6777.470703125
6759.57958984375
6741.76708984375
6724.09765625
6708.06103515625
6690.1787109375
6672.98583984375
6654.958984375
6637.0439453125
6617.744140625
6597.43408203125
6577.36083984375
6556.3603515625
6535.62109375
6514.0322265625
