20000.0
20000.0
20000.0
20000.0
20000.0
20000.0
20000.0
20000.0
20000.0
20000.0
20000.0
20000.0
20000.0
20000.0
20000.0
20000.0
20000.0
20000.01171875
20000.0
20000.0
19999.998046875
20000.0
20000.0
20000.0
20000.0
20000.0
20000.0
20000.0
20000.0
19999.99609375
20000.0
20000.0
19999.986328125
19633.3671875
18314.703125
17298.98828125
16316.2822265625
15372.3759765625
14590.5244140625
13967.9853515625
13479.294921875
13092.8056640625
12724.6826171875
12416.638671875
12138.7236328125
11873.2900390625
11615.091796875
11368.64453125
11142.2685546875
10922.490234375
10727.2041015625
10545.49609375
10366.6396484375
10211.71875
10050.529296875
9904.7763671875
9763.16796875
9633.9384765625
9507.9873046875
9389.0009765625
9280.0234375
9173.5986328125
9075.75
8980.189453125
8889.6630859375
8811.5986328125
8729.6083984375
8654.068359375
8580.1279296875
8512.30859375
8444.8994140625
8380.72265625
8320.490234375
8260.8330078125
8205.4521484375
8150.8505859375
8098.611328125
8053.28076171875
8005.009765625
7960.17822265625
7915.67724609375
7874.1533203125
7833.4111328125
7793.91943359375
7757.13525390625
7719.93359375
7685.017578125
7650.23095703125
7616.73291015625
7587.65966796875
7556.560546875
7527.57861328125
7498.33056640625
7470.8974609375
7443.40771484375
7416.91796875
7392.0771484375
7366.9326171875
7343.2412109375
7319.5390625
7296.63232421875
7276.41650390625
7254.796875
7234.15869140625
7213.16943359375
7193.14501953125
7172.765625
7152.58544921875
7133.39501953125
7113.7509765625
7094.884765625
7075.31201171875
7055.56201171875
7037.63134765625
7017.67333984375
6998.0830078125
6977.9296875
6956.40966796875
6933.52197265625
6910.36474609375
6887.4970703125
6863.83349609375
6840.4521484375
6815.689453125
