20000.0
20000.0
20000.0
20000.0
20000.0
20000.0
20000.0
20000.0
20000.0
20000.0
20000.0
20000.0
20000.0
20000.0
20000.0
20000.0
20000.0
19999.912109375
19999.560546875
19999.8046875
20000.0
19999.9921875
20000.0
20000.0
20000.0
20000.0
20000.0
20000.0
20000.0
20000.0
20000.0
20000.0
20000.0
20000.0
19416.69921875
18234.865234375
17200.330078125
16149.443359375
15228.5966796875
14529.8623046875
13985.8623046875
13573.05859375
13186.6015625
12866.8671875
12571.7822265625
12286.8330078125
12003.6025390625
11734.607421875
11489.970703125
11253.931640625
11040.642578125
10842.703125
10655.1552734375
10492.439453125
10322.6298828125
10167.943359375
10017.0263671875
9879.5615234375
9745.4560546875
9618.8359375
9502.994140625
9389.6435546875
9286.0927734375
9184.6064453125
9088.357421875
9005.546875
8918.1630859375
8837.3681640625
8757.7548828125
8684.1416015625
8612.3466796875
8543.837890625
8479.8974609375
8416.6845703125
8357.4755859375
8298.908203125
8242.9111328125
8194.232421875
8142.47412109375
8094.48876953125
8047.0673828125
8001.76513671875
7956.89599609375
7913.5771484375
7872.98486328125
7832.5185546875
7794.85009765625
7757.177734375
7720.837890625
7688.87451171875
7654.783203125
7622.67578125
7590.474609375
7560.17626953125
7529.8544921875
7500.57666015625
7472.81982421875
7444.640625
7418.10986328125
7391.2236328125
7364.70361328125
7341.02685546875
7315.33056640625
7290.5498046875
7265.1455078125
7240.9306640625
7215.87646484375
7190.81787109375
7166.57470703125
7141.326171875
7117.05029296875
7092.62890625
7064.791015625
7039.158203125
7010.52294921875
6982.923828125
6953.65478515625
6924.5576171875
6893.98828125
6862.482421875
6831.18701171875
6797.87890625
6764.83642578125
6729.44482421875
