20000.0
20000.0
20000.0
20000.0
20000.0
20000.0
20000.0
20000.0
20000.0
20000.0
20000.0
20000.0
20000.0
20000.0
20000.0
20000.0
20000.0
20000.0
20000.0
20000.0
20000.0
20000.0
20000.0
20000.0
20000.0
20000.0
20000.0
20000.0
20000.0
20000.0
20000.0
20000.0
20000.0
20000.0
20000.0
20000.0
20000.0
19999.037109375
20000.0
20000.0
20000.0
20000.0
19999.998046875
19999.99609375
20000.0
20000.0
20000.0
19999.998046875
20000.0
20000.0
20000.0
20000.0
20000.0
20000.0
20000.0
20000.0
20000.0
20000.0
20000.0
20000.0
20000.0
19939.244140625
19037.921875
18266.63671875
17553.619140625
16937.1796875
16402.958984375
15799.609375
15268.3935546875
14823.55859375
14420.3974609375
14028.267578125
13660.421875
13330.4541015625
13007.748046875
12625.3447265625
12302.9833984375
12004.693359375
11769.0458984375
11526.19140625
11209.283203125
10883.4853515625
10619.4482421875
10387.7431640625
10165.630859375
9957.359375
9741.181640625
9529.6494140625
9316.4150390625
9115.8515625
8946.8984375
8767.751953125
8590.5625
8407.8466796875
8248.3525390625
8097.736328125
7957.32666015625
7828.046875
7701.451171875
7583.60693359375
7464.14208984375
7345.1767578125
7237.63818359375
7117.26708984375
7000.8359375
6882.11474609375
6769.63623046875
6659.501953125
6562.12451171875
6470.037109375
6373.7236328125
6279.7470703125
6184.6005859375
6092.919921875
6014.3876953125
5933.048828125
5858.9443359375
5785.642578125
5717.44482421875
5649.9013671875
5585.521484375
5528.28173828125
5474.24853515625
5423.7138671875
5372.34521484375
