20000.0
20000.0
20000.0
20000.0
20000.0
20000.0
20000.0
20000.0
20000.0
20000.0
20000.0
20000.0
20000.0
20000.0
20000.0
20000.0
20000.0
20000.0
20000.0
20000.001953125
20000.0
20000.0
20000.0
20000.0
20000.0
20000.0
20000.0
20000.0
20000.0
20000.0
20000.0
19999.9921875
20000.0
19993.287109375
20000.0
19999.955078125
18958.201171875
17887.125
16897.119140625
15973.5654296875
15073.265625
14335.43359375
13795.1220703125
13331.2841796875
12931.7451171875
12563.4267578125
12248.888671875
11958.1376953125
11680.748046875
11424.8525390625
11179.7255859375
10954.7021484375
10743.3095703125
10548.12109375
10375.5234375
10191.1962890625
10023.69921875
9861.5732421875
9714.1142578125
9570.62890625
9435.2958984375
9311.5380859375
9190.88671875
9080.1171875
8972.166015625
8869.8935546875
8781.9794921875
8690.8193359375
8607.0576171875
8524.3818359375
8447.4306640625
8371.4990234375
8299.080078125
8232.0009765625
8165.8125
8104.486328125
8043.79736328125
7985.64111328125
7935.09521484375
7881.58349609375
7831.6865234375
7782.25830078125
7735.232421875
7688.68359375
7644.15185546875
7602.45263671875
7561.04345703125
7522.38818359375
7483.99658203125
7447.244140625
7415.19677734375
7381.0029296875
7349.251953125
7317.70263671875
7288.40478515625
7259.25927734375
7231.17333984375
7205.0625
7179.08544921875
7154.98193359375
7131.1650390625
7108.080078125
7087.99853515625
7066.44921875
7046.28369140625
7026.1552734375
7007.2861328125
6988.44873046875
6970.23828125
6953.1923828125
6936.07470703125
6920.00146484375
6903.99951171875
6888.39501953125
6874.70556640625
6859.8408203125
6845.7021484375
6831.41162109375
6817.82861328125
6804.00439453125
6790.32421875
6777.29541015625
6764.49267578125
6751.45458984375
6737.70068359375
