20000.0
20000.0
20000.0
20000.0
20000.0
20000.0
20000.0
20000.0
20000.0
20000.0
20000.0
20000.0
20000.0
20000.0
20000.0
20000.0
20000.0
20000.0
20000.0
20000.0
20000.0
20000.0
20000.0
20000.0
20000.0
20000.0
20000.0
20000.0
19999.99609375
20000.0
20000.0
19412.74609375
18544.41796875
17324.287109375
16401.056640625
15522.0537109375
14716.1005859375
13964.8056640625
13351.9228515625
12848.4912109375
12437.0263671875
12102.2353515625
11767.9560546875
11479.56640625
11221.83984375
10988.01953125
10752.228515625
10523.2841796875
10312.7412109375
10109.232421875
9925.3525390625
9747.71484375
9591.3056640625
9456.4697265625
9309.4677734375
9174.3212890625
9042.427734375
8922.150390625
8804.8095703125
8694.0166015625
8592.2763671875
8492.8935546875
8401.78515625
8312.4375
8227.751953125
8154.916015625
8078.2392578125
8007.80126953125
7938.6640625
7874.5546875
7811.3173828125
7750.9384765625
7695.029296875
7639.96923828125
7589.13671875
7539.498046875
7491.57666015625
7449.87744140625
7405.2119140625
7363.50341796875
7322.20458984375
7283.71923828125
7245.41259765625
7208.54833984375
7174.2939453125
7140.23583984375
7108.43408203125
7076.89697265625
7046.5498046875
7019.97900390625
6991.46923828125
6964.6875
6937.60546875
6911.91064453125
6886.283203125
6861.56689453125
6838.37109375
6815.2958984375
6793.39599609375
6771.45751953125
6750.193359375
6731.400390625
6711.0673828125
6691.79296875
6672.298828125
6653.91064453125
6635.2763671875
6617.1015625
6599.82275390625
6582.3623046875
6565.45947265625
6547.904296875
6530.94482421875
6516.208984375
6500.12646484375
6484.63720703125
6468.486328125
6452.87158203125
6436.8427734375
6420.71484375
6404.89697265625
6388.29443359375
6372.17138671875
6355.2568359375
