20000.0
20000.0
20000.0
20000.0
20000.0
20000.0
20000.0
20000.0
20000.0
20000.0
20000.0
20000.0
20000.0
20000.0
20000.0
20000.0
20000.0
20000.0
20000.0
19999.900390625
20000.001953125
19999.7734375
20000.0
19999.998046875
20000.0
20000.0
20000.0
20000.0
20000.0
20000.0
20000.0
20000.0
20000.0
19999.99609375
20000.0
20000.0
19999.845703125
19485.18359375
18302.775390625
17374.57421875
16518.666015625
15750.2548828125
14928.599609375
14286.158203125
13754.796875
13347.037109375
12970.71875
12634.1005859375
12342.23046875
12075.166015625
11845.2333984375
11604.5537109375
11374.05859375
11172.2138671875
10959.10546875
10764.5322265625
10575.6484375
10403.3876953125
10246.916015625
10094.5439453125
9949.9677734375
9807.8603515625
9677.4765625
9549.796875
9428.658203125
9324.3955078125
9214.4306640625
9113.20703125
9013.9296875
8922.158203125
8831.89453125
8746.025390625
8666.5869140625
8588.3388671875
8516.03515625
8444.4453125
8375.79296875
8316.1962890625
8252.6904296875
8193.9423828125
8136.3994140625
8082.78173828125
8029.240234375
7977.56005859375
7929.35595703125
7881.22998046875
7835.86767578125
7790.96533203125
7747.65234375
7709.93896484375
7669.67431640625
7632.11767578125
7594.4677734375
7559.49560546875
7523.96142578125
7489.40185546875
7457.27197265625
7425.03369140625
7394.81298828125
7364.3974609375
7335.083984375
7309.302734375
7281.564453125
7255.61865234375
7229.7470703125
7205.521484375
7181.25390625
7157.66015625
7135.4921875
7113.255859375
7092.279296875
7071.09716796875
7050.4208984375
7032.24755859375
7012.72900390625
6993.982421875
6975.13427734375
6957.3779296875
6939.44873046875
6921.79248046875
6905.09130859375
6888.01904296875
6871.70751953125
6854.990234375
