20000.0
20000.0
20000.0
20000.0
20000.0
20000.0
20000.0
20000.0
20000.0
20000.0
20000.0
20000.0
20000.0
20000.0
20000.0
20000.0
20000.0
20000.0
20000.0
20000.0
19999.623046875
19999.998046875
19999.19921875
20000.0
20000.0
19999.9921875
20000.0
20000.0
20000.0
20000.0
20000.0
20000.0
20000.0
20000.0
20000.0
20000.0
19568.814453125
18924.841796875
17970.962890625
17033.52734375
16270.24609375
15547.435546875
14899.697265625
14234.080078125
13689.6689453125
13186.736328125
12778.390625
12433.396484375
12119.755859375
11840.1806640625
11581.0546875
11355.423828125
11147.130859375
10950.076171875
10774.111328125
10589.96484375
10417.5126953125
10246.6806640625
10089.505859375
9940.34765625
9803.9833984375
9676.052734375
9545.3515625
9423.4755859375
9303.5556640625
9190.2734375
9093.4833984375
8992.046875
8898.5400390625
8806.4423828125
8721.4794921875
8637.5439453125
8557.56640625
8483.5869140625
8410.583984375
8342.787109375
8275.7451171875
8211.822265625
8156.39501953125
8097.49609375
8042.7705078125
7988.86572265625
7939.31396484375
7889.97900390625
7842.2734375
7797.60888671875
7753.119140625
7711.841796875
7670.29833984375
7630.2412109375
7595.25341796875
7557.83349609375
7522.9111328125
7488.0966796875
7455.59228515625
7423.111328125
7391.64013671875
7362.28564453125
7332.89013671875
7305.267578125
7277.783203125
7251.11669921875
7227.81884765625
7202.8056640625
7179.29052734375
7155.748046875
7133.56396484375
7111.30078125
7089.6123046875
7069.24658203125
7048.97705078125
7029.91162109375
7010.70751953125
6992.2109375
6975.51708984375
6957.4033203125
6940.3232421875
6923.09326171875
6906.7314453125
6890.3974609375
6874.390625
6859.22802734375
6844.12890625
6829.57080078125
6814.8076171875
