20000.0
20000.0
20000.0
19999.998046875
19999.998046875
20000.0
20000.0
20000.0
20000.0
20000.0
20000.0
20000.0
20000.0
20000.0
20000.0
20000.0
20000.0
20000.0
20000.00390625
20000.0
20000.0
20000.0
19999.998046875
20000.0
20000.0
20000.0
20000.0
20000.0
20000.0
20000.0
20000.0
20000.0
20000.0
19906.30859375
19180.220703125
18069.693359375
17112.078125
16288.6435546875
15490.546875
14721.7705078125
14042.9638671875
13519.765625
13038.408203125
12661.9580078125
12312.041015625
12007.615234375
11727.5966796875
11479.3505859375
11264.7783203125
11042.0751953125
10839.353515625
10636.4560546875
10443.48828125
10278.140625
10105.6064453125
9958.5263671875
9812.77734375
9673.57421875
9535.208984375
9404.2470703125
9285.0224609375
9169.0283203125
9062.642578125
8958.2607421875
8859.2421875
8773.8310546875
8683.8955078125
8601.1123046875
8519.544921875
8444.068359375
8370.1494140625
8299.5966796875
8234.26171875
8169.8515625
8110.26708984375
8051.29736328125
7995.197265625
7946.72021484375
7895.1484375
7847.10888671875
7799.275390625
7754.72802734375
7710.24658203125
7667.13818359375
7626.87158203125
7587.2275390625
7550.1220703125
7513.22509765625
7477.69189453125
7446.69140625
7413.4521484375
7382.4091796875
7351.580078125
7322.78662109375
7293.9404296875
7266.15234375
7239.95654296875
7213.79150390625
7189.19189453125
7164.4765625
7140.60205078125
7119.5419921875
7096.8955078125
7075.51513671875
7054.04833984375
7033.81103515625
7013.302734375
6993.43408203125
6974.55078125
6955.7021484375
6937.8603515625
6919.90673828125
6902.3828125
6886.9033203125
6869.92626953125
6853.79443359375
6837.54052734375
6822.09326171875
6806.31787109375
6790.783203125
6775.87744140625
6760.67236328125
6745.9306640625
6730.89990234375
