20000.0
20000.0
20000.0
20000.0
20000.0
20000.0
20000.0
20000.0
20000.0
20000.0
20000.0
20000.0
20000.0
20000.0
20000.0
20000.0
20000.0
19995.73828125
19999.796875
20000.0
20000.0
20000.0
20000.0
20000.0
20000.0
19999.998046875
20000.0
20000.0
20000.0
19998.197265625
20000.0
19940.703125
18894.509765625
17700.451171875
16653.46875
15657.6953125
14783.8330078125
14028.365234375
13427.8017578125
12947.314453125
12521.5029296875
12174.572265625
11833.927734375
11546.2841796875
11271.525390625
11014.31640625
10761.587890625
10523.2412109375
10307.04296875
10102.994140625
9926.5478515625
9749.2490234375
9579.068359375
9433.642578125
9282.58984375
9145.0771484375
9011.42578125
8889.376953125
8770.7275390625
8658.5947265625
8556.255859375
8456.4521484375
8364.962890625
8275.640625
8190.671875
8117.3779296875
8040.37353515625
7970.1875
7901.55322265625
7837.70751953125
7774.39892578125
7713.8837890625
7657.578125
7601.876953125
7550.22216796875
7499.34423828125
7450.6181640625
7408.30419921875
7363.3125
7321.53173828125
7279.7001953125
7240.28466796875
7201.24755859375
7163.783203125
7128.88720703125
7094.2373046875
7062.16064453125
7030.4228515625
6999.9580078125
6973.32177734375
6945.01953125
6918.62646484375
6892.35009765625
6867.8271484375
6843.5830078125
6820.2548828125
6798.5400390625
6776.7958984375
6756.6328125
6736.19482421875
6716.3388671875
6698.9365234375
6680.2060546875
6662.6201171875
6644.96435546875
6628.3779296875
6611.73046875
6595.53662109375
6580.15625
6564.54052734375
6549.625
6534.3466796875
6519.12158203125
6505.4404296875
6490.98974609375
6477.27490234375
6463.22119140625
6449.75927734375
6435.76611328125
6421.626953125
6407.8232421875
6393.603515625
6379.57568359375
6364.35888671875
