20000.0
20000.0
20000.0
20000.0
20000.0
20000.0
20000.0
20000.0
20000.0
20000.0
20000.0
20000.0
20000.0
20000.0
20000.0
20000.0
20000.0
20000.0
20000.001953125
20000.0
19998.900390625
20000.0
19999.998046875
20000.0
20000.0
20000.0
20000.0
20000.0
20000.0
19999.998046875
20000.0
20000.0
20000.0
20000.0
19671.904296875
18554.970703125
17538.16796875
16642.25
15789.4853515625
14972.8056640625
14262.1240234375
13722.3544921875
13239.126953125
12847.2880859375
12484.3193359375
12173.40625
11890.2890625
11639.5986328125
11408.18359375
11176.4423828125
10963.7109375
10753.62890625
10554.5224609375
10385.2880859375
10220.4833984375
10065.166015625
9907.8740234375
9762.3017578125
9621.046875
9488.349609375
9367.447265625
9249.1630859375
9140.5009765625
9034.04296875
8933.025390625
8846.2919921875
8754.8447265625
8670.4677734375
8587.849609375
8511.533203125
8436.3525390625
8364.837890625
8298.9375
8234.626953125
8174.76904296875
8115.31982421875
8058.26904296875
8008.52880859375
7955.3525390625
7905.90380859375
7856.8642578125
7811.21728515625
7765.97216796875
7722.5537109375
7682.087890625
7641.82763671875
7604.19189453125
7566.8095703125
7530.85302734375
7499.333984375
7465.7099609375
7434.42578125
7403.12451171875
7373.45849609375
7343.755859375
7315.0732421875
7288.04931640625
7261.03369140625
7235.7265625
7210.47705078125
7186.34716796875
7165.01904296875
7142.23974609375
7120.74755859375
7099.25439453125
7079.24853515625
7058.736328125
7039.0126953125
7020.3359375
7001.6865234375
6984.0810546875
6966.328125
6949.10205078125
6933.85546875
6917.453125
6901.8017578125
6885.978515625
6870.82958984375
6855.392578125
6840.16162109375
6825.4345703125
6810.49365234375
6796.2138671875
6781.55712890625
