20000.0
20000.0
20000.0
20000.0
20000.0
20000.0
20000.0
20000.0
20000.0
20000.0
20000.0
20000.0
20000.0
20000.0
20000.0
20000.0
20000.0
20000.0
19999.791015625
20000.0
20000.0
20000.0
20000.0
20000.0
20000.0
20000.0
20000.0
20000.0
20000.0
19996.521484375
20000.0
19544.595703125
18507.06640625
17362.017578125
16370.046875
15414.4833984375
14583.322265625
13859.794921875
13274.4560546875
12798.4619140625
12382.5625
12042.0185546875
11702.5849609375
11416.5009765625
11158.2958984375
10906.609375
10657.9482421875
10422.474609375
10209.162109375
10003.73046875
9817.8603515625
9650.548828125
9489.2880859375
9347.158203125
9197.8515625
9061.6572265625
8929.060546875
8808.10546875
8690.0615234375
8578.7626953125
8476.90625
8377.3095703125
8286.2666015625
8197.1279296875
8112.712890625
8040.1474609375
7963.60888671875
7892.994140625
7823.67919921875
7759.67919921875
7696.51611328125
7636.36669921875
7581.33984375
7526.81884765625
7476.0126953125
7425.54541015625
7377.07763671875
7335.1982421875
7290.251953125
7248.498046875
7207.052734375
7168.68505859375
7130.60791015625
7093.95068359375
7059.75634765625
7025.01220703125
6992.55908203125
6960.6259765625
6929.8486328125
6902.9580078125
6874.22998046875
6847.48046875
6820.7685546875
6795.767578125
6770.873046875
6746.90478515625
6724.44091796875
6702.162109375
6681.17626953125
6660.0517578125
6639.62158203125
6621.51904296875
6602.10302734375
6583.75439453125
6565.2373046875
6547.91455078125
6530.23046875
6512.85986328125
6496.32958984375
6479.623046875
6464.529296875
6449.12548828125
6433.90234375
6420.10400390625
6404.955078125
6390.435546875
6375.32958984375
6360.65087890625
6345.6708984375
6330.50732421875
6315.61865234375
6300.07470703125
6285.06591796875
6269.3056640625
