20000.0
20000.0
20000.0
20000.0
20000.0
20000.0
20000.0
20000.0
20000.0
20000.0
20000.0
20000.0
20000.0
20000.0
20000.0
20000.0
20000.0
20000.0
20000.0
20000.0
20000.001953125
20000.0
20000.0
19999.888671875
20000.0
20000.0
20000.0
19999.9921875
20000.0
20000.0
20000.0
20000.0
20000.0
20000.0
20000.0
20000.0
20000.0
19546.107421875
18404.61328125
17428.896484375
16574.5
15726.6640625
15014.80078125
14318.53125
13747.6630859375
13272.0380859375
12890.5615234375
12533.8056640625
12208.7861328125
11924.0625
11664.744140625
11444.0556640625
11212.708984375
10986.7841796875
10789.3984375
10582.1083984375
10393.3095703125
10210.046875
10043.1767578125
9884.41015625
9741.3134765625
9604.6630859375
9468.109375
9341.7724609375
9217.767578125
9099.9775390625
8998.482421875
8891.6572265625
8793.23828125
8696.626953125
8607.380859375
8519.7255859375
8436.3115234375
8359.0576171875
8283.111328125
8212.7705078125
8143.2529296875
8076.5576171875
8018.76416015625
7957.41455078125
7900.4560546875
7843.80224609375
7790.95751953125
7738.49365234375
7688.94970703125
7642.7080078125
7596.443359375
7553.0673828125
7509.77880859375
7467.888671875
7431.4541015625
7392.20703125
7355.5185546875
7318.93310546875
7284.884765625
7250.8212890625
7217.99365234375
7186.4794921875
7154.962890625
7125.67578125
7096.40673828125
7068.00390625
7043.0478515625
7016.2646484375
6991.2314453125
6966.06640625
6942.421875
6918.77685546875
6895.89501953125
6874.40673828125
6852.79833984375
6832.60205078125
6812.07177734375
6792.1611328125
6774.52783203125
6755.4775390625
6737.40673828125
6719.18310546875
6701.94580078125
6684.43603515625
6667.41064453125
6651.31689453125
6634.662109375
6618.8251953125
6603.38671875
