20000.0
20000.0
20000.0
20000.0
20000.0
20000.0
20000.0
20000.0
20000.0
20000.0
20000.0
20000.0
20000.0
20000.0
20000.0
20000.0
20000.0
20000.0
20000.0
20000.0
19999.7265625
19999.908203125
20000.0
20000.0
20000.0
20000.0
20000.0
20000.0
20000.0
20000.0
20000.0
20000.0
20000.0
19999.990234375
20000.0
20000.0
20000.0
19963.6484375
18897.021484375
17875.22265625
17003.04296875
16224.0419921875
15397.6962890625
14692.83203125
14112.9853515625
13677.0302734375
13278.3349609375
12925.50390625
12624.310546875
12350.044921875
12117.0283203125
11885.146484375
11655.4951171875
11451.6005859375
11234.82421875
11036.806640625
10843.9296875
10667.962890625
10496.6640625
10337.615234375
10198.8642578125
10056.6240234375
9924.2177734375
9793.8017578125
9669.994140625
9563.15234375
9450.5380859375
9346.8486328125
9244.7548828125
9150.5654296875
9057.74609375
8969.18359375
8887.3603515625
8806.9033203125
8732.3349609375
8658.587890625
8588.1630859375
8526.919921875
8461.7109375
8401.021484375
8340.9052734375
8285.00390625
8229.44140625
8175.85400390625
8126.1328125
8076.90771484375
8030.89990234375
7984.908203125
7940.3583984375
7901.6474609375
7859.7314453125
7820.4326171875
7781.21044921875
7744.654296875
7708.4521484375
7673.2724609375
7640.24072265625
7607.2041015625
7576.03857421875
7544.2353515625
7513.34912109375
7486.2197265625
7457.0263671875
7429.68701171875
7402.11767578125
7376.0615234375
7349.794921875
7324.318359375
7300.1376953125
7275.6923828125
7252.599609375
7229.2353515625
7206.3203125
7186.07080078125
7164.25634765625
7143.56884765625
7122.60400390625
7102.3916015625
7081.67822265625
7061.17626953125
7041.51220703125
7021.39306640625
7002.1513671875
6982.14892578125
