20000.0
20000.0
20000.0
20000.0
20000.0
20000.0
20000.0
20000.0
20000.0
20000.0
20000.0
20000.0
20000.0
20000.0
20000.0
20000.0
20000.0
20000.0
20000.0
20000.0
20000.0
19999.986328125
20000.0
19999.82421875
20000.0
20000.0
20000.0
20000.0
20000.0
20000.0
20000.0
20000.0
20000.0
20000.0
20000.0
20000.0
20000.0
20000.0
19285.3359375
18531.64453125
17831.12109375
17376.125
16832.466796875
16037.3349609375
15372.2548828125
14844.2158203125
14319.9140625
13794.716796875
13356.96875
12940.462890625
12545.119140625
12168.9033203125
11845.9326171875
11593.359375
11354.0517578125
11134.2607421875
10911.5263671875
10699.17578125
10486.044921875
10284.806640625
10110.078125
9950.265625
9815.998046875
9677.0546875
9528.8056640625
9393.3837890625
9250.7890625
9119.9833984375
8992.2958984375
8875.470703125
8761.103515625
8652.2265625
8551.6826171875
8452.052734375
8359.8671875
8268.5654296875
8181.099609375
8107.0107421875
8032.5537109375
7962.00244140625
7890.3828125
7822.21044921875
7752.6923828125
7685.10546875
7621.921875
7558.98876953125
7500.3095703125
7441.931640625
7385.8515625
7337.00537109375
7284.71875
7236.083984375
7187.81591796875
7142.77490234375
7097.6884765625
7054.20849609375
7013.64599609375
6973.2255859375
6935.35791015625
6897.544921875
6860.927734375
6828.8955078125
6794.6591796875
6762.49755859375
6730.35791015625
6700.33447265625
6670.099609375
6640.8115234375
6613.28271484375
6585.63623046875
6559.67626953125
6533.611328125
6508.40234375
6486.22509765625
6462.34814453125
6439.828125
6417.17919921875
6395.82177734375
6374.3017578125
6353.2421875
6333.390625
6313.47021484375
6294.53857421875
6275.337890625
