20000.0
20000.0
19400.10546875
18175.294921875
17420.98828125
16839.392578125
16579.10546875
16509.052734375
16722.431640625
17047.56640625
17376.67578125
17627.978515625
17913.5390625
18224.8515625
18562.736328125
18886.3828125
19212.392578125
19524.52734375
19792.546875
20000.0
20000.0
19999.998046875
20000.0
20000.0
20000.0
20000.0
19999.998046875
20000.0
20000.0
20000.0
19999.90625
20000.0
20000.0
19999.001953125
18875.52734375
17726.08203125
16890.875
16291.0986328125
15730.02734375
15267.8681640625
14862.7861328125
14508.2900390625
14199.0185546875
13876.01953125
13593.9580078125
13336.546875
13115.7060546875
12911.1923828125
12726.14453125
12559.396484375
12398.01171875
12238.3828125
12078.490234375
11936.185546875
11819.2783203125
11699.87109375
11590.8349609375
11483.1953125
11383.90625
11287.056640625
11195.2138671875
11109.5751953125
11023.7177734375
10938.3720703125
10850.3701171875
10765.943359375
10693.060546875
10616.2861328125
10545.001953125
10473.8779296875
10407.359375
10340.5751953125
10275.611328125
10214.2607421875
10150.9033203125
10089.7138671875
10027.3515625
9966.6005859375
9913.3466796875
9856.3984375
9805.7529296875
9756.98828125
9710.05859375
9661.033203125
9611.7705078125
9564.275390625
9515.7470703125
9469.94921875
9423.6943359375
9378.306640625
9337.8134765625
9292.72265625
9249.857421875
9206.3984375
9165.09375
9123.802734375
9084.1904296875
9047.0068359375
9009.50390625
8973.7646484375
8937.3203125
8901.375
8869.35546875
8834.4033203125
8801.2294921875
8767.806640625
8736.4794921875
8704.98828125
8674.1591796875
8645.1201171875
8615.8564453125
8588.13671875
8560.0673828125
8532.634765625
8508.4248046875
8482.3251953125
8457.73046875
8433.0009765625
8410.748046875
8392.23828125
8374.5419921875
8357.6005859375
8340.1875
8323.369140625
8306.0693359375
