20000.0
20000.0
20000.0
20000.0
20000.0
20000.0
20000.0
20000.0
20000.0
20000.0
20000.0
20000.0
20000.0
20000.0
20000.0
20000.0
20000.0
20000.0
20000.0
20000.0
20000.0
20000.0
20000.0
20000.0
20000.0
20000.0
20000.0
20000.0
20000.0
20000.0
20000.0
20000.0
20000.0
20000.0
20000.0
20000.0
20000.0
20000.0
20000.0
20000.0
20000.0
20000.0
20000.0
20000.0
20000.0
20000.0
20000.0
20000.0
20000.0
19999.908203125
20000.0
20000.0
20000.0
19999.880859375
19999.98046875
20000.0
20000.0
20000.0
20000.0
20000.0
20000.0
20000.0
20000.0
19696.81640625
18920.220703125
18287.07421875
17637.15234375
17039.341796875
16460.80078125
15934.677734375
15433.916015625
14982.9814453125
14579.560546875
14190.7734375
13837.412109375
13493.54296875
13165.7939453125
12882.0341796875
12627.349609375
12405.0771484375
12177.9052734375
11943.82421875
11714.484375
11499.3095703125
11300.0322265625
11101.7158203125
10917.189453125
10734.30859375
10559.1259765625
10406.3740234375
10243.0732421875
10089.6123046875
9935.4365234375
9791.4892578125
9646.8779296875
9506.0087890625
9372.6142578125
9233.1220703125
9102.470703125
8951.837890625
8832.595703125
8731.9716796875
8586.283203125
8417.3828125
8259.4462890625
8128.70556640625
8012.361328125
7907.52001953125
7808.54833984375
7703.7158203125
7604.76171875
7507.72314453125
7408.80126953125
7314.9990234375
7211.9658203125
7114.59228515625
7015.4853515625
6922.416015625
6832.46142578125
6747.90771484375
6669.48486328125
6587.97314453125
6500.279296875
6409.91552734375
