20000.0
20000.0
20000.0
20000.0
20000.0
20000.0
20000.0
20000.0
20000.0
20000.0
20000.0
20000.0
20000.0
20000.0
20000.0
20000.0
20000.0
20000.0
20000.0
20000.0
20000.0
19998.71875
20000.001953125
19999.859375
20000.0
20000.0
20000.0
20000.0
20000.0
20000.0
20000.0
20000.0
20000.0
19323.529296875
18619.23828125
18005.8125
17434.515625
16944.552734375
16465.6015625
16008.626953125
15468.173828125
14965.8720703125
14553.35546875
14166.76171875
13818.0244140625
13472.0263671875
13139.3271484375
12854.0888671875
12615.5380859375
12394.6572265625
12182.6875
11849.798828125
11550.8291015625
11283.67578125
11084.0185546875
10882.3095703125
10697.7958984375
10488.81640625
10272.0380859375
10068.037109375
9869.859375
9698.134765625
9522.4990234375
9344.3994140625
9193.2666015625
9041.2314453125
8907.60546875
8779.4189453125
8660.708984375
8545.1044921875
8438.4189453125
8337.6162109375
8231.53515625
8127.11083984375
8016.80126953125
7904.98876953125
7803.82470703125
7691.04541015625
7582.4912109375
7476.80810546875
7385.3447265625
7305.28564453125
7231.43408203125
7162.56884765625
7093.47265625
7028.341796875
6963.1845703125
6898.3681640625
6835.37060546875
6764.5234375
6697.62890625
6631.41552734375
6570.40625
6510.33056640625
6453.0087890625
6400.07421875
6347.7529296875
6299.29833984375
6251.30322265625
6205.09521484375
6164.96142578125
6121.77734375
6080.83056640625
6040.55712890625
6002.87451171875
5965.24267578125
5928.8349609375
5894.724609375
5860.5654296875
5828.458984375
5796.35693359375
5765.2392578125
5737.76953125
5708.18896484375
5680.17578125
5651.90478515625
5625.19482421875
5598.2626953125
5571.93359375
5547.1591796875
5522.19189453125
5498.6083984375
5474.85498046875
