20000.0
20000.0
20000.0
20000.0
20000.0
20000.0
20000.0
20000.0
20000.0
20000.0
20000.0
20000.0
20000.0
20000.0
20000.0
20000.0
20000.0
20000.0
20000.0
20000.0
20000.0
20000.0
20000.0
20000.0
19999.728515625
19999.95703125
20000.0
20000.0
20000.0
20000.0
20000.0
20000.0
20000.0
20000.0
20000.0
20000.0
20000.0
20000.0
20000.0
19999.99609375
20000.0
20000.0
20000.0
20000.0
20000.0
20000.0
20000.0
20000.0
19999.998046875
19999.994140625
19999.98828125
18898.853515625
18008.955078125
17419.90234375
16908.400390625
16450.3359375
15963.4892578125
15499.80078125
15053.4609375
14633.5849609375
14244.1767578125
13853.521484375
13494.35546875
13140.3720703125
12802.52734375
12509.3212890625
12196.869140625
11900.3525390625
11586.7373046875
11290.5517578125
10993.376953125
10701.9462890625
10424.9375
10145.69140625
9914.021484375
9669.0341796875
9422.970703125
9207.162109375
8976.3076171875
8758.7666015625
8540.876953125
8336.4306640625
8134.4296875
7947.47607421875
7771.05419921875
7594.978515625
7430.759765625
7268.6484375
7113.5869140625
6979.3896484375
6838.24462890625
6708.87353515625
6580.38330078125
6459.1220703125
6336.07080078125
6219.42724609375
6112.7939453125
6008.22998046875
5911.45751953125
5815.3662109375
5722.92626953125
5642.8603515625
5557.97021484375
5478.1025390625
5400.98779296875
5329.75341796875
5257.287109375
5187.56396484375
5122.97705078125
5063.13037109375
5008.345703125
4952.71875
4897.5009765625
4843.75537109375
4779.4462890625
4717.59326171875
4655.96142578125
4598.71240234375
4541.96728515625
4487.48291015625
4436.76220703125
4386.25048828125
4339.05859375
4291.97998046875
