20000.0
20000.0
20000.0
20000.0
20000.0
20000.0
20000.0
20000.0
20000.0
20000.0
20000.0
20000.0
20000.0
20000.0
20000.0
20000.0
20000.0
20000.0
20000.0
20000.0
20000.0
20000.0
20000.0
20000.0
20000.0
20000.0
20000.0
20000.0
20000.0
20000.0
20000.0
20000.0
20000.0
20000.0
20000.0
20000.0
20000.0
20000.0
20000.0
20000.0
19999.814453125
20000.0
20000.0
20000.0
20000.0
20000.0
20000.0
20000.0
20000.0
20000.0
20000.0
20000.0
20000.0
20000.0
20000.0
19999.994140625
20000.0
20000.0
19971.484375
19038.568359375
18248.87890625
17514.4453125
16836.84375
16223.099609375
15638.0654296875
15117.28515625
14628.9453125
14180.1826171875
13801.380859375
13418.7421875
13131.064453125
12840.4501953125
12565.0068359375
12288.564453125
12008.0478515625
11742.0380859375
11487.6796875
11258.998046875
11037.17578125
10826.921875
10645.31640625
10452.7734375
10270.275390625
10035.2998046875
9847.158203125
9676.564453125
9522.0146484375
9356.2548828125
9129.4638671875
8933.0615234375
8760.1552734375
8611.2333984375
8482.9697265625
8336.861328125
8201.87109375
8065.21826171875
7932.01904296875
7795.99169921875
7662.890625
7537.9990234375
7415.9501953125
7304.3681640625
7193.79052734375
7084.3876953125
6988.11572265625
6878.69677734375
6771.79296875
6669.13720703125
6576.94384765625
6487.2080078125
6401.68701171875
6321.70556640625
6240.93505859375
6164.8486328125
6088.8095703125
6014.16015625
5947.21435546875
5873.5654296875
5801.6904296875
5726.8916015625
5654.85986328125
5581.2861328125
5508.97314453125
5440.4638671875
5376.33251953125
5319.3017578125
5260.458984375
