20000.0
20000.0
20000.0
20000.0
20000.0
20000.0
20000.0
20000.0
20000.0
20000.0
20000.0
20000.0
20000.0
20000.0
20000.0
20000.0
20000.0
20000.0
20000.0
20000.0
20000.0
20000.0
20000.0
19999.974609375
20000.0
20000.0
20000.0
19998.548828125
20000.0
20000.0
20000.0
20000.0
20000.0
20000.0078125
19999.99609375
19260.603515625
18604.8046875
17991.26953125
17452.326171875
16941.02734375
16482.19921875
16099.9560546875
15690.6455078125
15310.6865234375
14877.3583984375
14414.7109375
14033.7431640625
13688.4423828125
13371.5693359375
13061.046875
12776.8017578125
12497.3935546875
12272.0517578125
12094.53125
11912.95703125
11743.8525390625
11487.8935546875
11177.6748046875
10930.505859375
10751.7109375
10590.205078125
10422.9052734375
10262.9013671875
10084.291015625
9903.6015625
9743.2177734375
9569.4599609375
9415.2783203125
9265.265625
9121.3427734375
8978.3212890625
8848.8212890625
8736.00390625
8626.4638671875
8523.7978515625
8427.7197265625
8336.3720703125
8255.505859375
8164.70361328125
8075.55810546875
7982.6064453125
7891.4033203125
7796.97021484375
7702.4775390625
7609.861328125
7513.09326171875
7422.18603515625
7335.22412109375
7261.33349609375
7200.23193359375
7135.47705078125
7074.5576171875
7013.1865234375
6955.50439453125
6897.56787109375
6841.21630859375
6788.25048828125
6730.96875
6672.86328125
6612.90283203125
6554.95166015625
6504.40234375
6451.06494140625
6401.5791015625
6352.74462890625
6307.3681640625
6262.31396484375
6219.07373046875
6178.73046875
6138.6796875
6101.20849609375
6063.9462890625
6027.8955078125
5996.423828125
5962.72509765625
5931.20166015625
5899.5634765625
5869.14111328125
5839.09326171875
5809.98291015625
5782.580078125
5755.07470703125
5729.1630859375
5703.0654296875
