20000.0
20000.0
20000.0
19999.998046875
20000.0
20000.0
20000.0
20000.0
20000.0
20000.0
20000.0
20000.0
20000.0
20000.0
20000.0
20000.0
20000.0
20000.0
20000.0
20000.0
20000.0
19999.369140625
20000.001953125
20000.00390625
20000.0
20000.0
19999.88671875
19999.939453125
20000.0
19521.404296875
18639.330078125
17908.984375
17242.35546875
16661.869140625
16115.0419921875
15619.0830078125
15181.6005859375
14766.3154296875
14393.560546875
14042.4560546875
13720.201171875
13433.8984375
13127.7685546875
12845.359375
12568.857421875
12313.7119140625
12059.41796875
11829.0830078125
11591.8759765625
11331.3818359375
11120.6650390625
10920.7451171875
10729.4306640625
10563.4208984375
10387.31640625
10224.3974609375
10082.5263671875
9953.7587890625
9825.6337890625
9701.5810546875
9575.9169921875
9354.7138671875
9153.806640625
8999.88671875
8886.1650390625
8796.0576171875
8687.2509765625
8582.482421875
8476.2568359375
8361.880859375
8237.7001953125
8116.34619140625
8001.796875
7893.298828125
7801.58935546875
7714.982421875
7630.02294921875
7551.75390625
7465.82470703125
7387.6015625
7313.50927734375
7251.732421875
7191.3193359375
7131.24365234375
7072.8388671875
7011.73974609375
6951.7353515625
6889.4736328125
6827.10986328125
6770.376953125
6707.8271484375
6648.3193359375
6586.98193359375
6526.822265625
6463.21240234375
6398.96728515625
6337.806640625
6279.17236328125
6229.38232421875
6181.20166015625
6134.330078125
6092.767578125
6047.83349609375
6005.45849609375
5963.07568359375
5923.26171875
5883.1494140625
5844.1669921875
5807.396484375
5770.55126953125
5735.708984375
5700.85107421875
5666.93994140625
5637.0732421875
5602.99365234375
5567.97607421875
5531.2763671875
5496.4521484375
5461.634765625
5428.15283203125
5396.9091796875
5365.8984375
5336.9580078125
5308.13037109375
