20000.0
20000.0
20000.0
20000.0
20000.0
20000.0
20000.0
20000.0
20000.0
20000.0
20000.0
20000.0
20000.0
20000.0
20000.0
20000.0
20000.0
20000.0
20000.0
20000.0
20000.0
20000.0
20000.0
20000.0
20000.0
20000.0
20000.0
20000.0
20000.0
20000.0
20000.0
20000.0
20000.0
20000.0
20000.0
20000.0
20000.001953125
20000.0
20000.0
20000.0
20000.0
20000.0
20000.0
20000.0
20000.0
20000.0
20000.0
20000.0
20000.0
19999.982421875
20000.0
20000.0
20000.0
20000.0
20000.0
20000.0
20000.0
20000.0
19975.3671875
19166.42578125
18426.189453125
17759.896484375
17164.873046875
16615.263671875
16115.455078125
15622.2041015625
15158.673828125
14756.3955078125
14338.65625
13964.6552734375
13600.4931640625
13267.1611328125
12943.3837890625
12635.7939453125
12352.8369140625
12075.3955078125
11822.900390625
11605.7490234375
11397.5673828125
11218.41796875
11028.8828125
10851.7705078125
10674.76171875
10508.763671875
10347.1435546875
10199.9150390625
10058.5458984375
9913.6337890625
9773.62890625
9631.8212890625
9493.8203125
9372.5263671875
9238.4970703125
9105.3134765625
8975.2001953125
8855.9296875
8738.2138671875
8624.8388671875
8518.5439453125
8412.2783203125
8312.91015625
8212.4990234375
8113.9716796875
8025.6337890625
7929.37353515625
7843.7197265625
7760.97119140625
7683.51953125
7587.572265625
7488.0595703125
7361.7978515625
7237.50634765625
7131.640625
7036.0595703125
6950.51513671875
6878.33544921875
6803.34912109375
6731.00732421875
6652.92138671875
6577.73583984375
6504.3212890625
6434.244140625
6364.9375
6291.2490234375
6220.787109375
6151.060546875
