20000.0
20000.0
20000.0
19999.998046875
20000.0
20000.0
20000.0
20000.0
20000.0
20000.0
20000.0
20000.0
20000.0
20000.0
20000.0
20000.0
20000.0
20000.0
20000.0
20000.0
20000.0
20000.0
19999.990234375
20000.0
20000.0
20000.0
19999.88671875
20000.0
20000.0
19859.3828125
18941.201171875
18190.251953125
17506.560546875
16913.177734375
16350.51171875
15841.5380859375
15392.234375
14965.2744140625
14592.27734375
14238.837890625
13900.06640625
13603.7841796875
13288.9306640625
12998.826171875
12710.7265625
12444.0869140625
12153.4951171875
11854.1142578125
11614.99609375
11389.0087890625
11183.2939453125
10982.009765625
10788.8125
10619.3203125
10466.3916015625
10328.9306640625
10191.751953125
10061.8798828125
9906.3447265625
9656.6357421875
9440.6650390625
9278.2470703125
9161.751953125
9045.4462890625
8923.1083984375
8818.3759765625
8693.4794921875
8565.4111328125
8432.73828125
8303.126953125
8174.5625
8060.41796875
7960.96337890625
7861.1435546875
7762.8076171875
7665.22216796875
7575.0908203125
7499.208984375
7419.9462890625
7348.09033203125
7280.33837890625
7217.40478515625
7151.8681640625
7084.97509765625
7019.4306640625
6951.603515625
6885.5595703125
6816.349609375
6748.1240234375
6687.06640625
6618.7568359375
6551.11083984375
6480.3291015625
6412.841796875
6347.111328125
6290.4814453125
6240.259765625
6190.5625
6143.6806640625
6096.57666015625
6050.66259765625
6010.40380859375
5967.080078125
5926.23974609375
5885.109375
5846.44482421875
5807.5703125
5769.86572265625
5730.3837890625
5688.14599609375
5647.611328125
5607.09912109375
5567.9599609375
5533.92529296875
5497.71875
5464.02587890625
5430.5302734375
5399.24755859375
5368.1240234375
5338.1064453125
5310.04052734375
5282.01806640625
5255.72314453125
5229.5732421875
