20000.0
20000.0
20000.0
20000.0
19999.998046875
20000.0
20000.0
20000.0
20000.0
20000.0
20000.0
20000.0
20000.0
20000.0
20000.0
20000.0
20000.0
20000.0
20000.0
20000.0
20000.0
20000.0
20000.0
19999.533203125
20000.0
19999.45703125
19999.9921875
20000.0
20000.0
20000.0
20000.0
20000.0
20000.0
19491.095703125
18751.4765625
18082.41796875
17500.1875
16958.505859375
16479.66015625
16023.4130859375
15622.8583984375
15273.2724609375
14899.6318359375
14553.6640625
14209.130859375
13827.8203125
13427.59375
13099.7666015625
12808.8935546875
12520.5048828125
12260.1494140625
12019.8564453125
11796.33203125
11621.7333984375
11453.453125
11296.486328125
11139.1357421875
10958.4619140625
10675.662109375
10418.865234375
10235.1455078125
10092.3935546875
9948.767578125
9802.076171875
9652.3662109375
9508.0146484375
9348.734375
9196.7958984375
9042.1630859375
8904.6748046875
8773.2705078125
8644.482421875
8520.8994140625
8401.0458984375
8296.6826171875
8197.251953125
8101.6826171875
8017.73486328125
7935.193359375
7858.22412109375
7779.044921875
7701.1279296875
7619.3916015625
7537.138671875
7456.7509765625
7373.3828125
7292.736328125
7208.77001953125
7123.42822265625
7046.35400390625
6964.4228515625
6891.96875
6827.68505859375
6770.11669921875
6712.939453125
6657.32568359375
6604.72900390625
6552.02587890625
6502.39599609375
6452.5126953125
6403.9921875
6361.3076171875
6309.85107421875
6258.6640625
6206.54052734375
6157.654296875
6109.2314453125
6062.8408203125
6019.83154296875
5977.11669921875
5937.4296875
5897.91259765625
5859.9599609375
5826.822265625
5791.42041015625
5758.33984375
5725.35009765625
5694.4541015625
5663.58642578125
5633.73291015625
5605.767578125
5577.79052734375
5551.48876953125
5525.2138671875
