20000.0
20000.0
20000.0
20000.0
20000.0
20000.0
20000.0
20000.0
20000.0
20000.0
20000.0
20000.0
20000.0
20000.0
20000.0
20000.0
20000.0
20000.0
20000.0
20000.0
20000.0
20000.0
20000.0
20000.0
20000.0
20000.0234375
19999.99609375
19999.919921875
20000.0
20000.0
20000.0
20000.0
19999.99609375
20000.0
20000.0
19833.177734375
19088.001953125
18431.89453125
17828.8671875
17301.279296875
16803.8359375
16345.6982421875
15961.259765625
15565.583984375
15218.0830078125
14877.978515625
14559.193359375
14244.3349609375
13943.9560546875
13659.427734375
13373.578125
13019.595703125
12706.8203125
12434.396484375
12207.6064453125
11983.9765625
11781.642578125
11584.89453125
11401.220703125
11240.919921875
11092.8876953125
10954.853515625
10816.80078125
10676.6982421875
10428.8291015625
10194.7138671875
10035.947265625
9904.8994140625
9795.3623046875
9672.853515625
9554.8076171875
9432.73046875
9298.03515625
9162.2919921875
9024.2958984375
8893.1640625
8769.2861328125
8662.19921875
8572.5166015625
8474.392578125
8378.5947265625
8281.5625
8194.341796875
8114.09130859375
8042.37939453125
7975.212890625
7906.60888671875
7840.50537109375
7771.22265625
7701.12109375
7637.80126953125
7567.51953125
7499.48291015625
7430.3525390625
7364.13525390625
7295.0048828125
7224.4326171875
7155.4072265625
7085.74365234375
7022.08203125
6965.1796875
6912.24072265625
6865.90625
6815.55712890625
6767.79833984375
6719.5419921875
6674.15283203125
6628.462890625
6583.83251953125
6541.72998046875
6499.3271484375
6459.34375
6419.02880859375
6379.849609375
6342.71142578125
6299.47021484375
6257.31494140625
6214.7900390625
6175.00537109375
6135.369140625
6097.3662109375
6061.86962890625
6026.5546875
5993.59814453125
5960.708984375
