20000.0
20000.0
20000.0
20000.0
20000.0
20000.0
20000.0
20000.0
20000.0
20000.0
20000.0
20000.0
20000.0
20000.0
20000.0
20000.0
20000.0
20000.0
20000.0
20000.0
20000.0
20000.0
20000.0
19999.4140625
20000.0
19999.4765625
19999.99609375
20000.0
19999.994140625
20000.0
19999.998046875
19999.9921875
19455.58203125
18714.6796875
18028.677734375
17411.50390625
16874.16796875
16372.154296875
15926.2734375
15500.4150390625
15105.1591796875
14776.5400390625
14438.8330078125
14120.46875
13805.7626953125
13516.15625
13229.9765625
12951.7236328125
12663.9609375
12317.91796875
12055.5986328125
11824.26953125
11611.091796875
11427.408203125
11232.59765625
11051.8837890625
10873.7666015625
10732.9404296875
10591.658203125
10455.1748046875
10327.013671875
10146.7158203125
9916.6533203125
9715.3388671875
9565.859375
9462.56640625
9348.37890625
9232.0654296875
9118.220703125
9000.908203125
8866.2646484375
8731.177734375
8603.8095703125
8479.3291015625
8372.6025390625
8275.6904296875
8182.21435546875
8097.001953125
8001.861328125
7914.1474609375
7831.1259765625
7761.609375
7694.6142578125
7628.61572265625
7565.00390625
7498.8369140625
7433.796875
7366.16943359375
7298.4951171875
7237.0068359375
7169.46435546875
7105.20068359375
7038.7490234375
6973.46533203125
6904.47802734375
6835.4052734375
6770.916015625
6710.740234375
6658.5703125
6607.53125
6557.740234375
6513.6259765625
6466.00390625
6420.99658203125
6375.93115234375
6333.38037109375
6290.5546875
6248.85107421875
6209.548828125
6170.03515625
6132.76513671875
6095.37255859375
6057.74169921875
6021.43310546875
5980.2392578125
5940.9462890625
5901.59912109375
5864.85791015625
5828.4140625
5793.39404296875
5760.7158203125
5728.15185546875
5697.72265625
5667.54736328125
