20000.0
19710.703125
18946.859375
17844.123046875
16853.490234375
16337.005859375
16049.8603515625
16251.7822265625
16659.333984375
17089.1484375
17470.48046875
17926.83203125
18389.767578125
18806.78125
19197.189453125
19537.90625
19849.810546875
20000.0
20000.0
20000.0
20000.0
20000.0
20000.0
20000.0
20000.0
20000.0
20000.0
20000.0
20000.0
20000.0
20000.0
20000.0
20000.0
20000.0
20000.0
19670.373046875
18645.931640625
17740.9765625
16935.185546875
16337.626953125
15749.451171875
15156.7294921875
14630.2666015625
14070.31640625
13577.455078125
13051.3232421875
12586.8720703125
12157.1708984375
11764.673828125
11402.3369140625
11043.3818359375
10716.5673828125
10404.96484375
10118.080078125
9897.14453125
9657.212890625
9429.86328125
9202.001953125
8990.2939453125
8782.9296875
8586.8427734375
8407.2880859375
8249.8662109375
8125.87109375
7997.642578125
7868.3798828125
7754.42333984375
7634.08837890625
7521.38720703125
7408.216796875
7301.38037109375
7193.5458984375
7088.39453125
6988.984375
6888.53759765625
6793.49658203125
6697.86767578125
6604.4697265625
6521.9912109375
6432.90380859375
6351.173828125
6272.2392578125
6192.0078125
6111.1298828125
6032.71044921875
5958.8583984375
5884.3603515625
5814.4921875
5744.125
5675.0556640625
5613.75244140625
5547.220703125
5484.16064453125
5420.4150390625
5360.1904296875
5299.4482421875
5240.04736328125
5183.84423828125
5127.3408203125
5073.8828125
5019.80078125
4966.77099609375
4919.72998046875
4868.6240234375
4820.1689453125
4771.42529296875
4725.85986328125
4679.80810546875
4634.60546875
4591.74658203125
4548.46044921875
4507.4306640625
4465.91845703125
4424.86572265625
4387.7734375
4347.1240234375
4308.64208984375
4269.93310546875
4233.57958984375
4197.1396484375
4161.75048828125
4128.2685546875
4094.416259765625
4062.3583984375
4029.911865234375
