20000.0
20000.0
20000.0
20000.0
20000.0
20000.0
20000.0
20000.0
20000.0
20000.0
20000.0
20000.0
20000.0
20000.0
20000.0
20000.0
20000.0
20000.0
20000.0
20000.0
20000.0
20000.0
20000.0
20000.0
20000.0
20000.0
20000.0
20000.0
20000.0
20000.0
20000.0
20000.0
20000.0
20000.0
20000.0
20000.0
20000.0
19997.828125
20000.0
20000.0
20000.0
20000.0
20000.0
20000.0
20000.0
20000.0
20000.0
19999.998046875
20000.0
20000.0
20000.0
20000.0
20000.0
20000.0
20000.0
20000.0
20000.0
20000.0
20000.0
20000.0
20000.009765625
20000.0
20000.0
20000.0
19418.646484375
18586.1640625
17805.796875
17118.728515625
16556.68359375
16001.4267578125
15500.7255859375
14998.5302734375
14553.9384765625
14064.955078125
13598.0205078125
13216.6015625
12851.2138671875
12521.025390625
12225.5361328125
11906.0615234375
11541.5908203125
11199.8291015625
10925.4521484375
10658.583984375
10400.3359375
10130.64453125
9861.576171875
9611.1650390625
9371.0341796875
9151.2783203125
8941.3525390625
8749.1279296875
8587.302734375
8415.435546875
8234.970703125
8054.24462890625
7889.2802734375
7726.69091796875
7571.1650390625
7427.22900390625
7283.77197265625
7148.82568359375
7012.64892578125
6875.5224609375
6752.55859375
6618.5390625
6492.4482421875
6380.337890625
6276.92822265625
6170.15380859375
6064.1005859375
5963.3974609375
5863.62841796875
5773.22998046875
5686.20751953125
5604.29052734375
5533.52880859375
5458.72216796875
5389.908203125
5324.59765625
5267.05810546875
5211.67431640625
5157.75732421875
5106.55859375
5056.75244140625
5011.13818359375
4965.8076171875
