20000.0
20000.0
18422.62890625
17706.205078125
16872.828125
16687.74609375
17055.92578125
17605.55078125
18168.140625
18612.8359375
19123.15625
19630.244140625
20000.0
20000.0
20000.0
20000.0
20000.0
20000.0
20000.0
20000.0
20000.0
20000.0
20000.0
20000.0
20000.0
20000.0
20000.0
20000.0
20000.0
20000.0
20000.005859375
19999.99609375
19999.943359375
19565.259765625
18635.03125
17903.708984375
17274.37109375
16687.94140625
16113.5439453125
15474.9091796875
14856.3330078125
14326.998046875
13791.6279296875
13257.1806640625
12765.0224609375
12343.2919921875
11944.759765625
11563.71875
11205.4921875
10861.7705078125
10557.9248046875
10266.3076171875
10003.1962890625
9781.4833984375
9538.8623046875
9310.095703125
9083.3212890625
8874.34765625
8675.623046875
8526.73046875
8387.40625
8247.6240234375
8115.384765625
7981.59814453125
7847.6650390625
7728.67041015625
7602.48046875
7484.87255859375
7366.8662109375
7255.63818359375
7143.93798828125
7035.42529296875
6933.28857421875
6830.52734375
6733.537109375
6635.921875
6540.90283203125
6457.15087890625
6366.85498046875
6281.70068359375
6195.9130859375
6124.04541015625
6047.474609375
5967.57958984375
5892.02294921875
5816.55712890625
5745.65966796875
5674.40185546875
5604.94970703125
5543.7490234375
5477.58837890625
5414.89990234375
5351.759765625
5291.07080078125
5228.42529296875
5167.47998046875
5110.2158203125
5052.728515625
4998.5751953125
4944.12109375
4891.18505859375
4844.54638671875
4794.21533203125
4746.57861328125
4698.353515625
4652.546875
4606.486328125
4561.5068359375
4518.603515625
4474.93603515625
4433.40625
4391.4052734375
4350.3134765625
4313.91845703125
4274.515625
4237.1953125
4199.52783203125
4163.66748046875
4126.482421875
4089.620849609375
4054.4541015625
4018.96142578125
3985.499755859375
3951.85986328125
