20000.0
19999.970703125
18596.400390625
17763.642578125
16946.44921875
16716.779296875
17061.736328125
17534.3984375
18006.787109375
18553.494140625
19124.845703125
19650.720703125
20000.0
20000.0
20000.0
20000.0
20000.0
20000.0
20000.0
20000.0
20000.0
20000.0
20000.0
20000.0
20000.0
20000.0
20000.0
20000.0
20000.0
19999.927734375
19540.53125
18644.125
17961.62890625
17553.49609375
17154.486328125
16705.263671875
16232.8564453125
15758.9921875
15193.5703125
14625.9921875
14089.1416015625
13624.6171875
13094.9091796875
12636.4541015625
12214.5908203125
11839.5
11459.3076171875
11099.50390625
10779.7587890625
10507.4775390625
10239.2734375
9965.5576171875
9705.357421875
9480.763671875
9245.0634765625
9029.15234375
8818.912109375
8651.25
8500.6630859375
8351.6787109375
8209.2060546875
8069.220703125
7939.16064453125
7809.40234375
7683.5234375
7572.859375
7453.7451171875
7341.43603515625
7228.2802734375
7121.63037109375
7014.54833984375
6910.8916015625
6824.13232421875
6734.13671875
6636.7314453125
6539.22998046875
6446.2919921875
6366.12841796875
6279.81884765625
6198.30126953125
6116.12548828125
6038.60107421875
5960.53173828125
5884.70458984375
5813.21240234375
5741.02099609375
5672.91943359375
5603.80859375
5536.0869140625
5476.0908203125
5411.2666015625
5350.091796875
5289.45947265625
5232.35205078125
5174.703125
5118.40283203125
5065.23876953125
5011.63037109375
4960.8046875
4908.40234375
4856.498046875
4810.5166015625
4760.98681640625
4714.4638671875
4667.97900390625
4624.36376953125
4580.47265625
4537.68212890625
4497.2998046875
4456.62646484375
4418.26318359375
4379.6318359375
4342.04638671875
4308.85791015625
4272.939453125
4238.89453125
4204.443359375
4171.48876953125
4137.853515625
4103.1376953125
4067.105712890625
4031.7724609375
3999.459716796875
3967.640869140625
