20000.0
20000.0
20000.0
20000.0
19999.998046875
20000.0
20000.0
20000.0
20000.0
20000.0
20000.0
20000.0
20000.0
20000.0
20000.0
20000.0
20000.0
20000.0
20000.0
20000.0
20000.0
20000.0
20000.0
20000.0
19999.357421875
20000.0
19999.60546875
19999.998046875
20000.0
19999.994140625
20000.0
20000.0
20000.0
20000.013671875
20000.0
19380.08984375
18708.63671875
18080.904296875
17533.42578125
17019.34765625
16547.287109375
16163.9990234375
15768.6123046875
15401.3740234375
15036.3779296875
14694.1298828125
14267.62109375
13862.19140625
13534.794921875
13227.4541015625
12946.7548828125
12665.3798828125
12396.0224609375
12178.59375
11965.8603515625
11799.634765625
11632.7265625
11475.4267578125
11301.203125
11031.3173828125
10758.203125
10546.9296875
10397.1953125
10244.3427734375
10090.6640625
9953.9931640625
9789.861328125
9628.5537109375
9465.220703125
9310.1591796875
9161.1337890625
9022.7060546875
8891.5732421875
8756.3095703125
8632.6796875
8515.8095703125
8409.62890625
8319.5927734375
8222.40625
8130.6005859375
8045.44140625
7966.205078125
7884.3427734375
7800.8154296875
7718.892578125
7633.41162109375
7549.2197265625
7461.88330078125
7374.662109375
7295.1728515625
7206.10546875
7121.37109375
7039.2978515625
6968.93798828125
6905.2587890625
6845.56201171875
6789.67822265625
6733.44091796875
6680.353515625
6627.0205078125
6575.10693359375
6529.443359375
6480.216796875
6428.5029296875
6373.3486328125
6320.57080078125
6267.86181640625
6217.23974609375
6170.19677734375
6123.66259765625
6080.40576171875
6037.46435546875
5996.2568359375
5960.27685546875
5921.89599609375
5886.07861328125
5850.2841796875
5816.828125
5783.38330078125
5751.09375
5720.84716796875
5690.53515625
5662.13818359375
5633.6494140625
