20000.0
19999.98828125
20000.0
18759.064453125
18116.888671875
17679.49609375
17468.2421875
17516.447265625
17698.82421875
17998.158203125
18420.228515625
18903.91015625
19382.390625
19816.77734375
20000.0
20000.0
20000.0
20000.0
20000.0
20000.0
20000.0
20000.0
20000.0
20000.0
20000.0
20000.0
20000.0
20000.0
20000.0
20000.0
20000.0
20000.0
20000.0
20000.0
20000.0
20000.0
20000.0
20000.0
20000.0
19982.677734375
19211.134765625
18509.3984375
17970.53125
17416.58984375
16813.51953125
16218.1435546875
15662.1474609375
15113.8837890625
14555.494140625
14049.7890625
13581.748046875
13166.7255859375
12762.53515625
12373.3076171875
12041.0546875
11730.9326171875
11443.416015625
11144.2119140625
10877.091796875
10618.693359375
10372.6328125
10143.591796875
9917.763671875
9706.849609375
9497.1435546875
9296.9296875
9120.3203125
8945.642578125
8817.2880859375
8688.48828125
8566.6025390625
8443.5771484375
8323.23828125
8209.2177734375
8093.9912109375
7984.701171875
7873.978515625
7768.5185546875
7683.6416015625
7588.1474609375
7484.33935546875
7381.46337890625
7286.0400390625
7190.837890625
7098.578125
7011.625
6924.01953125
6841.2783203125
6757.91796875
6676.3330078125
6603.92724609375
6525.1435546875
6450.46533203125
6374.60595703125
6302.60400390625
6230.01220703125
6159.4296875
6093.0439453125
6027.392578125
5965.59814453125
5903.25244140625
5842.40380859375
5788.3798828125
5728.44677734375
5670.9404296875
5612.771484375
5558.0341796875
5503.119140625
5449.9951171875
5400.0380859375
5349.72900390625
5302.0732421875
5253.9560546875
5206.98388671875
5165.50634765625
5120.74560546875
5078.513671875
5035.98876953125
4995.65966796875
4954.56689453125
4914.31640625
4876.13671875
4837.5634765625
4800.94384765625
4763.86474609375
