20000.0
19999.767578125
19999.998046875
19142.587890625
18470.0625
17789.642578125
17460.97265625
17199.857421875
17124.111328125
17461.923828125
17948.857421875
18382.994140625
18836.84765625
19346.51171875
19839.373046875
20000.0
20000.0
20000.0
20000.0
20000.0
20000.0
20000.0
20000.0
20000.0
20000.0
20000.0
20000.0
20000.0
20000.0
20000.0
20000.0
20000.0
20000.0
20000.0
20000.0
20000.0
19999.99609375
20000.0
19747.171875
18656.37109375
17813.37890625
17062.345703125
16334.158203125
15635.4091796875
15046.9384765625
14423.0234375
13845.7939453125
13312.451171875
12844.4599609375
12392.6455078125
11962.58203125
11577.947265625
11212.318359375
10887.7587890625
10602.7900390625
10324.5126953125
10078.716796875
9814.86328125
9570.0400390625
9330.6748046875
9111.638671875
8897.892578125
8719.0166015625
8571.529296875
8419.869140625
8277.009765625
8136.1865234375
8000.59619140625
7881.8017578125
7753.869140625
7633.1904296875
7511.83251953125
7397.26123046875
7281.787109375
7169.3369140625
7063.4248046875
6956.93701171875
6856.5908203125
6755.65087890625
6665.25439453125
6585.560546875
6491.318359375
6402.4736328125
6313.86669921875
6230.72802734375
6147.20068359375
6066.16748046875
5989.57666015625
5912.29931640625
5839.3818359375
5765.765625
5693.931640625
5630.51416015625
5561.9697265625
5497.1376953125
5431.84033203125
5370.4267578125
5308.70751953125
5248.59521484375
5191.78125
5134.2783203125
5079.69189453125
5024.72802734375
4971.58251953125
4924.47314453125
4873.3408203125
4824.92333984375
4776.15625
4730.08642578125
4683.60546875
4638.21240234375
4595.09375
4550.6513671875
4507.9501953125
4464.63916015625
4422.45654296875
4385.41015625
4345.56689453125
4308.02978515625
4269.74462890625
4233.26953125
4196.32861328125
4160.14990234375
4125.857421875
4091.202392578125
4058.39111328125
4025.29248046875
