20000.0
19999.994140625
19999.998046875
20000.0
19422.921875
18700.876953125
18386.298828125
18655.275390625
19026.806640625
19500.099609375
20000.0
20000.0
20000.0
20000.0
20000.0
20000.0
20000.0
20000.0
20000.0
20000.0
20000.0
20000.0
20000.0
20000.0
20000.0
20000.0
20000.0
20000.0
20000.0
20000.0
20000.0
20000.0
20000.0
20000.00390625
20000.0
19772.76953125
18703.408203125
17787.755859375
16920.65625
16148.2265625
15355.6708984375
14654.033203125
14077.9375
13492.3486328125
12961.654296875
12463.1533203125
12030.6787109375
11652.421875
11284.654296875
10945.3525390625
10611.1279296875
10306.314453125
10012.0478515625
9736.5205078125
9498.990234375
9250.6953125
9069.29296875
8891.7822265625
8726.6162109375
8561.8115234375
8402.5859375
8253.2431640625
8103.2509765625
7961.96728515625
7820.021484375
7683.90185546875
7563.91943359375
7441.65478515625
7332.49462890625
7206.52490234375
7089.18994140625
6973.572265625
6862.36572265625
6758.41015625
6653.99462890625
6555.9365234375
6457.5048828125
6361.87060546875
6277.908203125
6187.6806640625
6102.8427734375
6017.63037109375
5937.4443359375
5856.95849609375
5778.66650390625
5704.90380859375
5631.65283203125
5562.9619140625
5493.94140625
5426.82177734375
5367.74609375
5304.18701171875
5244.4091796875
5183.53759765625
5124.37255859375
5063.83203125
5004.82080078125
4949.52685546875
4894.3642578125
4842.70703125
4790.828125
4740.28515625
4695.70947265625
4647.6298828125
4602.3134765625
4556.71923828125
4513.73388671875
4470.40625
4428.0947265625
4388.05517578125
4347.63232421875
4309.43212890625
4270.91943359375
4230.10693359375
4192.47900390625
4153.48974609375
4117.77197265625
4082.427490234375
4050.15185546875
4019.715576171875
3989.9951171875
3962.508056640625
3934.89306640625
3905.5419921875
3869.45458984375
