20000.0
20000.0
19999.998046875
19627.951171875
18799.59375
17993.73828125
17730.400390625
18026.953125
18459.40625
18895.244140625
19421.36328125
19977.958984375
20000.0
20000.0
20000.0
20000.0
20000.0
20000.0
20000.0
20000.0
20000.0
20000.0
20000.0
20000.0
20000.0
20000.0
20000.0
20000.0
20000.0
20000.0
19998.388671875
20000.0
20000.0
20000.0
20000.0
18895.46484375
17923.0546875
17088.650390625
16285.462890625
15561.546875
14836.0810546875
14170.181640625
13625.3466796875
13082.138671875
12581.37890625
12108.056640625
11687.912109375
11303.583984375
10963.5673828125
10647.794921875
10333.111328125
10042.2666015625
9759.23046875
9493.9375
9268.025390625
9030.1259765625
8850.087890625
8675.8515625
8515.9267578125
8357.6455078125
8204.7705078125
8061.39404296875
7917.70556640625
7782.625
7646.748046875
7514.55224609375
7398.40771484375
7273.6201171875
7156.7001953125
7044.24853515625
6946.193359375
6833.1083984375
6723.55810546875
6621.85009765625
6520.7421875
6425.9091796875
6330.64404296875
6238.29345703125
6156.8623046875
6069.10107421875
5986.4482421875
5903.35302734375
5825.20556640625
5746.62353515625
5670.25390625
5598.5537109375
5526.6201171875
5458.75830078125
5390.2353515625
5323.625
5265.6240234375
5202.91796875
5143.72509765625
5084.21728515625
5028.17236328125
4971.8720703125
4917.09814453125
4865.1298828125
4811.587890625
4760.3046875
4708.61083984375
4657.9453125
4613.357421875
4565.50244140625
4520.45654296875
4475.05078125
4432.16796875
4388.96533203125
4346.7822265625
4306.974609375
4266.876953125
4228.99462890625
4190.74267578125
4153.34228515625
4120.259765625
4084.458740234375
4050.59130859375
4014.721923828125
3979.54833984375
3946.43310546875
3915.822265625
3887.646484375
3859.48095703125
3832.921630859375
3806.1591796875
