20000.0
20000.0
20000.0
20000.0
19999.998046875
20000.0
20000.0
20000.0
20000.0
20000.0
20000.0
20000.0
20000.0
20000.0
20000.0
20000.0
20000.0
20000.0
20000.0
20000.0
20000.0
20000.0
20000.0
20000.0
20000.0
20000.0
20000.0
20000.0
20000.0
20000.0
19999.9921875
20000.0
20000.0
20000.0
20000.0
20000.0
20000.0
19659.53125
19012.69921875
18408.55859375
17872.453125
17425.564453125
16957.2890625
16530.53125
16098.8486328125
15537.7744140625
15096.880859375
14709.5419921875
14364.068359375
14027.39453125
13713.8232421875
13402.6015625
13132.169921875
12928.7744140625
12712.4541015625
12508.0595703125
12203.6396484375
11891.5322265625
11611.6708984375
11396.880859375
11212.103515625
11024.1337890625
10845.9443359375
10647.7138671875
10445.90625
10266.6796875
10076.36328125
9911.556640625
9746.462890625
9582.59375
9418.169921875
9268.0146484375
9135.20703125
9008.5751953125
8894.1435546875
8780.3759765625
8676.2373046875
8587.15234375
8490.1240234375
8394.7109375
8294.4912109375
8196.1650390625
8092.90869140625
7989.56201171875
7890.00048828125
7786.5322265625
7688.71826171875
7595.095703125
7511.654296875
7446.38037109375
7379.18505859375
7316.18603515625
7252.88330078125
7192.63623046875
7132.30615234375
7070.39453125
7006.57470703125
6939.9560546875
6876.76708984375
6814.0537109375
6754.01416015625
6702.01318359375
6646.92578125
6595.8095703125
6545.17236328125
6498.041015625
6451.2998046875
6406.271484375
6364.20849609375
6321.1083984375
6281.3720703125
6241.716796875
6203.4130859375
6169.70166015625
6133.50537109375
6099.53564453125
6065.4951171875
6033.39306640625
6001.25
5969.98486328125
5940.44580078125
5910.6748046875
5882.4384765625
5853.908203125
