20000.0
19999.90234375
19815.4921875
18835.421875
18090.54296875
17922.10546875
18352.8515625
18900.01171875
19406.80078125
19985.744140625
20000.0
20000.0
20000.0
20000.0
20000.0
20000.0
20000.0
20000.0
20000.0
20000.0
20000.0
19999.99609375
20000.0
20000.0
20000.0
20000.0
20000.0
19999.9921875
19999.91796875
20000.0
19999.876953125
20000.0
20000.0
19211.296875
18380.376953125
17562.69921875
16793.951171875
16011.1015625
15323.2060546875
14620.0732421875
13985.53515625
13475.3251953125
12962.9775390625
12488.2236328125
12033.0615234375
11630.5849609375
11257.0546875
10931.02734375
10618.189453125
10306.4794921875
10019.5205078125
9738.2236328125
9473.2978515625
9247.654296875
9041.578125
8870.029296875
8695.2919921875
8529.607421875
8367.3681640625
8212.154296875
8067.06591796875
7921.66455078125
7785.18359375
7648.6689453125
7516.08837890625
7399.5087890625
7274.25830078125
7156.66943359375
7040.236328125
6931.93505859375
6833.80859375
6730.45947265625
6625.64013671875
6521.982421875
6425.890625
6330.236328125
6237.84375
6156.650390625
6069.28662109375
5986.88037109375
5903.91943359375
5825.818359375
5747.27001953125
5670.845703125
5598.82958984375
5526.44287109375
5458.55908203125
5390.45263671875
5324.1484375
5265.615234375
5203.03125
5144.02294921875
5084.33544921875
5027.82275390625
4970.78173828125
4915.14892578125
4862.63525390625
4809.8515625
4759.9228515625
4709.20361328125
4657.8251953125
4611.7587890625
4561.9755859375
4515.19873046875
4468.41943359375
4424.51123046875
4380.30859375
4337.2431640625
4296.55517578125
4255.5244140625
4216.76611328125
4177.68896484375
4139.6015625
4105.9375
4069.499267578125
4034.994873046875
4001.16796875
3970.94580078125
3940.152099609375
3906.948486328125
3876.1435546875
3846.011962890625
3818.161865234375
3790.541748046875
