20000.0
19464.818359375
18794.267578125
17800.962890625
16862.013671875
16263.4150390625
16080.12890625
16399.822265625
16891.869140625
17366.30859375
17799.96484375
18291.4921875
18768.73046875
19193.3125
19581.849609375
19913.779296875
20000.0
20000.0
20000.0
20000.0
20000.0
20000.0
20000.0
20000.0
20000.0
20000.0
20000.0
20000.0
20000.0
20000.0
19998.546875
20000.0
20000.0
19288.869140625
18145.072265625
17130.666015625
16405.845703125
15721.412109375
15065.3935546875
14437.5810546875
13835.767578125
13258.3115234375
12755.84375
12261.8837890625
11827.55859375
11410.4052734375
11022.7421875
10651.81640625
10314.0556640625
10013.029296875
9735.14453125
9490.3984375
9238.9755859375
8996.7060546875
8787.3798828125
8568.9111328125
8369.322265625
8205.0546875
8068.3662109375
7929.45556640625
7790.33984375
7656.1318359375
7523.7236328125
7400.72021484375
7277.48681640625
7157.55419921875
7052.02783203125
6938.36572265625
6831.18505859375
6723.33203125
6621.74462890625
6519.8115234375
6420.52734375
6326.90087890625
6232.85205078125
6145.0390625
6060.85986328125
5975.23095703125
5899.779296875
5818.65966796875
5742.2490234375
5666.265625
5594.21875
5521.27685546875
5449.8681640625
5382.24462890625
5313.90185546875
5249.40283203125
5184.40234375
5120.85302734375
5064.8212890625
5004.46484375
4947.5732421875
4890.50341796875
4836.6416015625
4782.267578125
4729.1005859375
4678.64794921875
4627.51025390625
4578.958984375
4530.6484375
4483.43310546875
4441.54931640625
4396.15478515625
4353.107421875
4309.640625
4268.5576171875
4227.17529296875
4186.62744140625
4147.22412109375
4107.1083984375
4069.1591796875
4031.03271484375
3994.05517578125
3961.589599609375
3926.576416015625
3893.42724609375
3859.912353515625
3829.388916015625
3800.36083984375
3772.2861328125
3745.813720703125
3719.011962890625
3693.509521484375
3667.569580078125
