20000.0
20000.0
20000.0
20000.0
20000.0
20000.0
20000.0
20000.0
20000.0
20000.0
20000.0
20000.0
20000.0
20000.0
20000.0
20000.0
20000.0
20000.0
20000.0
20000.0
20000.0
20000.0
20000.0
20000.0
20000.0
20000.0
20000.0
20000.0
20000.0
20000.0
20000.0
20000.0
20000.0
20000.0
20000.0
20000.0
19999.92578125
19999.98828125
20000.0
20000.0
20000.0
20000.0
20000.0
20000.0
20000.0
19999.99609375
19999.998046875
20000.0
20000.0
20000.0
20000.0
20000.0
20000.0
20000.0
20000.0
20000.0
20000.0
20000.0
19678.791015625
18822.515625
18042.29296875
17328.66015625
16682.505859375
16067.3076171875
15513.8984375
14997.0791015625
14524.8759765625
14127.529296875
13721.2568359375
13408.8642578125
13104.388671875
12817.4892578125
12529.0458984375
12235.5439453125
11961.9111328125
11700.7333984375
11465.8935546875
11238.0849609375
11021.6533203125
10835.5244140625
10636.2138671875
10405.2109375
10184.306640625
10005.5263671875
9837.2421875
9680.8017578125
9449.107421875
9228.548828125
9045.90234375
8884.5419921875
8731.5703125
8594.6513671875
8447.6416015625
8308.80859375
8164.7578125
8027.0029296875
7886.23583984375
7751.02978515625
7627.126953125
7506.09814453125
7393.333984375
7279.03662109375
7167.98681640625
7063.26318359375
6948.66259765625
6846.09326171875
6747.67578125
6657.80419921875
6569.0087890625
6483.1171875
6402.47265625
6321.8359375
6245.70458984375
6167.599609375
6090.7880859375
6021.8369140625
5943.5263671875
5867.43798828125
5789.56298828125
5715.3408203125
5640.13720703125
5568.83740234375
5508.111328125
5446.93017578125
5387.10009765625
5324.8291015625
