20000.0
20000.0
20000.0
20000.0
19999.998046875
20000.0
20000.0
20000.0
20000.0
20000.0
20000.0
20000.0
20000.0
20000.0
20000.0
20000.0
20000.0
20000.0
20000.0
20000.0
20000.0
19999.9140625
20000.0
20000.0
20000.0
20000.0
20000.0
20000.0
19999.998046875
20000.0
20000.0
20000.0
19999.958984375
19273.087890625
18564.08203125
17945.890625
17398.25
16872.845703125
16397.119140625
15935.458984375
15500.87890625
15024.08984375
14550.6875
14159.1533203125
13789.302734375
13455.390625
13130.5283203125
12827.021484375
12599.6103515625
12372.8017578125
12167.0546875
11877.8486328125
11529.7705078125
11276.271484375
11072.14453125
10895.287109375
10710.8671875
10534.9326171875
10340.3359375
10141.5419921875
9948.5732421875
9758.44140625
9594.517578125
9434.3232421875
9274.1025390625
9136.3125
8996.3369140625
8870.7109375
8753.8720703125
8653.060546875
8553.669921875
8455.40625
8360.2646484375
8261.9091796875
8167.2216796875
8070.599609375
7976.00634765625
7890.57177734375
7795.24853515625
7704.85791015625
7617.83349609375
7542.005859375
7474.06689453125
7410.13525390625
7349.822265625
7288.94580078125
7230.93994140625
7172.81787109375
7108.86083984375
7049.375
6984.4326171875
6923.818359375
6863.7919921875
6808.27490234375
6753.50341796875
6701.12890625
6652.5908203125
6604.4755859375
6559.74853515625
6515.330078125
6472.64599609375
6435.396484375
6395.59375
6357.75927734375
6319.9423828125
6284.65478515625
6249.38916015625
6215.18994140625
6183.17138671875
6150.99560546875
6120.70556640625
6090.4345703125
6061.0146484375
6035.12255859375
6007.203125
5980.81201171875
5954.1689453125
5928.94921875
5903.52001953125
5878.6298828125
5855.2119140625
5831.51171875
5809.1640625
5786.68701171875
