20000.0
20000.0
20000.0
19999.990234375
20000.0
20000.0
20000.0
20000.0
20000.0
20000.0
20000.0
20000.0
20000.0
20000.0
20000.0
20000.0
20000.0
20000.0
20000.0
20000.0
20000.0
20000.0
20000.0
20000.0
20000.0
20000.0
20000.0
20000.0
20000.0
19999.998046875
20000.0
20000.0
20000.00390625
19999.99609375
20000.0
19755.5859375
19028.111328125
18382.833984375
17676.07421875
16935.39453125
16342.0576171875
15811.7255859375
15369.755859375
14915.939453125
14560.30078125
14236.50390625
13920.4677734375
13380.77734375
12901.3486328125
12583.30859375
12290.849609375
12028.4404296875
11742.763671875
11446.9716796875
11191.3828125
10933.296875
10694.97265625
10449.7568359375
10229.0009765625
10025.193359375
9841.05859375
9675.1650390625
9527.2060546875
9389.2919921875
9247.8154296875
9105.05078125
8975.5576171875
8833.3720703125
8697.4169921875
8559.798828125
8436.4189453125
8323.32421875
8227.052734375
8140.66796875
8054.20947265625
7970.392578125
7876.0107421875
7780.751953125
7697.14306640625
7608.92578125
7527.88720703125
7448.55126953125
7374.30078125
7301.52734375
7232.49365234375
7168.4873046875
7105.1162109375
7046.29248046875
6988.00732421875
6931.748046875
6882.5107421875
6829.6953125
6780.1513671875
6730.6904296875
6684.275390625
6637.86181640625
6592.900390625
6550.76171875
6508.505859375
6468.9287109375
6431.474609375
6396.19873046875
6364.5048828125
6329.7099609375
6296.74951171875
6263.36767578125
6231.85498046875
6200.09521484375
6169.13037109375
6139.95654296875
6110.66748046875
6083.01025390625
6054.91552734375
6027.19287109375
6002.77001953125
5976.4990234375
5951.7685546875
5927.0263671875
5903.81787109375
5880.59326171875
5858.02978515625
5836.8408203125
5815.54541015625
5795.6640625
5775.6708984375
