20000.0
20000.0
20000.0
19999.984375
20000.0
20000.0
20000.0
20000.0
20000.0
20000.0
20000.0
20000.0
20000.0
20000.0
20000.0
20000.0
20000.0
20000.0
20000.0
20000.0
19999.99609375
19999.873046875
19994.486328125
19999.439453125
20000.0
20000.0
20000.0
20000.0
20000.0
20000.0
20000.0
20000.0
19780.56640625
18991.232421875
18311.080078125
17665.236328125
17068.18359375
16464.17578125
15789.71875
15269.1494140625
14788.044921875
14346.8232421875
13973.6630859375
13631.650390625
13344.3056640625
13064.5693359375
12611.62109375
12175.099609375
11876.2490234375
11634.296875
11396.0986328125
11154.1875
10897.2431640625
10643.35546875
10422.2001953125
10195.6376953125
9984.0986328125
9772.677734375
9588.447265625
9418.3291015625
9262.556640625
9132.2392578125
9002.70703125
8878.8251953125
8750.296875
8621.8896484375
8507.45703125
8381.9990234375
8260.498046875
8138.64892578125
8031.79638671875
7935.2509765625
7850.0732421875
7771.57666015625
7692.54443359375
7617.7763671875
7534.060546875
7447.99169921875
7371.68701171875
7291.10595703125
7217.0458984375
7144.412109375
7077.78515625
7012.3427734375
6950.09375
6892.2197265625
6834.3037109375
6780.919921875
6728.03515625
6677.21826171875
6632.9833984375
6585.79345703125
6541.740234375
6497.6572265625
6456.3486328125
6414.8896484375
6374.63720703125
6336.82080078125
6298.92578125
6263.3212890625
6227.6455078125
6193.0302734375
6162.708984375
6130.02001953125
6099.2587890625
6068.50244140625
6039.52734375
6011.087890625
5985.525390625
5960.990234375
5935.56298828125
5911.24755859375
5886.68212890625
5862.74560546875
5841.5146484375
5818.607421875
5796.970703125
5775.23876953125
5754.63037109375
5733.96435546875
5713.85302734375
5694.884765625
5675.79248046875
5657.404296875
5638.6875
