20000.0
20000.0
20000.0
20000.0
20000.0
20000.0
20000.0
20000.0
20000.0
20000.0
20000.0
20000.0
20000.0
20000.0
20000.0
20000.0
20000.0
20000.0
20000.0
20000.0
20000.0
20000.0
20000.0
19998.724609375
20000.0
20000.0
19999.96875
20000.0
20000.0
20000.0
20000.0
20000.0
19783.318359375
18988.884765625
18291.76953125
17631.5
16898.615234375
16206.037109375
15635.943359375
15144.9892578125
14677.509765625
14238.09375
13942.1328125
13622.29296875
13230.345703125
12725.908203125
12360.83984375
12049.791015625
11765.35546875
11492.5625
11207.0283203125
10927.9384765625
10654.98046875
10409.6533203125
10186.453125
9944.0712890625
9730.7841796875
9534.232421875
9362.0166015625
9193.728515625
9047.07421875
8910.716796875
8769.107421875
8630.5576171875
8485.8525390625
8342.380859375
8214.763671875
8079.33251953125
7961.82421875
7855.62744140625
7766.9267578125
7680.52978515625
7596.833984375
7507.52734375
7413.18310546875
7324.33544921875
7236.5859375
7153.533203125
7082.22705078125
7006.3740234375
6936.4560546875
6868.0302734375
6804.83837890625
6742.4296875
6682.74853515625
6627.35498046875
6572.302734375
6520.81494140625
6469.51953125
6419.98388671875
6376.58544921875
6330.1796875
6286.873046875
6247.30908203125
6209.61328125
6170.67041015625
6132.2841796875
6095.9248046875
6059.345703125
6025.04541015625
5990.904296875
5957.873046875
5928.85400390625
5897.68701171875
5868.36474609375
5838.89697265625
5811.1923828125
5782.97509765625
5755.35693359375
5729.35546875
5703.31884765625
5678.849609375
5654.41015625
5630.7587890625
5609.97509765625
5587.7373046875
5566.892578125
5546.00390625
5526.36279296875
5506.669921875
5487.62451171875
5469.69970703125
5451.755859375
5434.93994140625
5418.025390625
