20000.0
20000.0
20000.0
19999.9921875
20000.0
20000.0
20000.0
20000.0
20000.0
20000.0
20000.0
20000.0
20000.0
20000.0
20000.0
20000.0
20000.0
20000.0
20000.0
20000.0
20000.0
20000.0
20000.0
20000.0
19982.951171875
19999.986328125
20000.0
20000.0
20000.0
19999.974609375
20000.0
20000.0
20000.0
20000.0
20000.0
20000.0
20000.0
20000.0
19383.60546875
18756.96484375
18152.564453125
17383.34765625
16808.2734375
16271.365234375
15802.1396484375
15353.287109375
14942.78125
14619.7900390625
14320.671875
13992.2119140625
13468.2021484375
13014.7509765625
12703.685546875
12434.1005859375
12205.66015625
11941.19921875
11678.5478515625
11412.1796875
11165.740234375
10930.9267578125
10701.9697265625
10487.2080078125
10285.9326171875
10111.46875
9947.314453125
9805.3828125
9682.4482421875
9549.3359375
9420.5263671875
9287.5244140625
9160.75390625
9031.6953125
8903.5546875
8782.2890625
8667.333984375
8567.2021484375
8478.26171875
8394.51953125
8320.576171875
8240.423828125
8157.154296875
8067.455078125
7981.3544921875
7895.99365234375
7814.41455078125
7739.34765625
7665.802734375
7597.5654296875
7529.19873046875
7464.36328125
7408.11669921875
7348.44970703125
7292.8212890625
7237.38623046875
7185.74951171875
7133.99755859375
7083.92041015625
7036.6318359375
6989.3173828125
6944.76904296875
6900.11572265625
6856.68017578125
6818.5185546875
6777.56494140625
6739.009765625
6700.26123046875
6663.8720703125
6627.2578125
6591.70068359375
6558.19921875
6524.56591796875
6495.0029296875
6466.189453125
6437.44873046875
6411.50537109375
6383.09619140625
6355.9912109375
6328.5810546875
6302.564453125
6276.32958984375
6250.7734375
6226.51171875
6201.7138671875
6177.9873046875
6154.11328125
