20000.0
20000.0
20000.0
20000.0
20000.0
20000.0
20000.0
20000.0
20000.0
20000.0
20000.0
20000.0
20000.0
20000.0
20000.0
20000.0
20000.0
20000.0
20000.0
20000.0
20000.0
20000.0
20000.0
20000.0
19999.67578125
20000.0
20000.0
20000.0
20000.0
20000.0
20000.0
20000.0
20000.00390625
20000.0
20000.0
19736.08984375
19008.994140625
18363.263671875
17638.1171875
16911.1640625
16322.2607421875
15794.814453125
15354.4951171875
14901.56640625
14554.5107421875
14232.8603515625
13887.7919921875
13355.1279296875
12891.7978515625
12577.3212890625
12282.44921875
12014.1494140625
11727.7265625
11432.5126953125
11177.4443359375
10920.380859375
10681.345703125
10434.8916015625
10213.6923828125
10009.6220703125
9825.1083984375
9659.1083984375
9510.466796875
9372.3134765625
9230.5107421875
9087.6484375
8958.0009765625
8815.845703125
8679.888671875
8542.7822265625
8420.171875
8307.98046875
8212.0791015625
8125.97412109375
8040.03466796875
7955.02783203125
7860.5810546875
7765.486328125
7682.50390625
7594.77099609375
7514.2373046875
7434.91845703125
7360.83642578125
7288.59033203125
7219.72705078125
7155.99267578125
7092.81103515625
7034.28515625
6976.02734375
6919.83740234375
6870.67578125
6817.927734375
6768.62353515625
6719.1982421875
6672.92919921875
6626.6630859375
6581.84326171875
6539.85791015625
6498.830078125
6462.83447265625
6425.96826171875
6389.21728515625
6356.46728515625
6321.1787109375
6287.98095703125
6254.39453125
6222.84521484375
6191.09521484375
6160.220703125
6131.1103515625
6101.72021484375
6073.62646484375
6045.21142578125
6017.5791015625
5993.3115234375
5967.23583984375
5942.802734375
5918.25439453125
5895.30322265625
5872.2734375
5849.9306640625
5828.9306640625
5807.83837890625
5788.08837890625
5768.30078125
