20000.0
20000.0
20000.0
19999.994140625
20000.0
20000.0
20000.0
20000.0
20000.0
20000.0
20000.0
20000.0
20000.0
20000.0
20000.0
20000.0
20000.0
20000.0
20000.0
20000.0
20000.0
20000.0
19999.453125
20000.0
19999.13671875
20000.0
20000.0
20000.0
20000.0
20000.0
20000.0
20000.0
20000.001953125
19999.994140625
19749.837890625
19002.197265625
18323.041015625
17713.03125
16946.216796875
16317.0537109375
15775.6259765625
15288.8994140625
14876.986328125
14447.330078125
14137.7158203125
13827.3046875
13455.25390625
12952.6796875
12558.0185546875
12260.4638671875
11977.0517578125
11714.904296875
11436.3798828125
11149.966796875
10901.728515625
10651.6748046875
10422.5634765625
10183.984375
9967.2822265625
9764.9541015625
9582.7666015625
9420.3671875
9265.1181640625
9128.9150390625
8992.5068359375
8854.3720703125
8728.2099609375
8587.416015625
8452.23046875
8314.77734375
8188.0078125
8070.96533203125
7968.16552734375
7881.69140625
7797.1474609375
7717.78564453125
7628.3857421875
7536.267578125
7454.4873046875
7367.259765625
7287.115234375
7208.5166015625
7135.62548828125
7063.5439453125
6995.0595703125
6931.876953125
6869.5419921875
6811.57177734375
6754.1298828125
6698.912109375
6650.53515625
6598.88623046875
6550.494140625
6502.095703125
6456.6796875
6411.38623046875
6367.50390625
6328.44091796875
6290.63916015625
6254.28173828125
6216.8984375
6180.17919921875
6147.67138671875
6112.82666015625
6080.11669921875
6047.32666015625
6016.49609375
5985.52392578125
5955.38134765625
5927.0009765625
5898.45849609375
5871.27490234375
5843.623046875
5816.7939453125
5793.09033203125
5767.67431640625
5743.84814453125
5719.93115234375
5697.51904296875
5675.0673828125
5653.283203125
5632.82373046875
5612.28271484375
5593.01318359375
5573.67138671875
