20000.0
20000.0
20000.0
20000.0
20000.0
19999.99609375
19999.9921875
20000.0
20000.0
20000.0
20000.0
20000.0
20000.0
20000.0
20000.0
20000.0
20000.0
20000.0
20000.0
20000.0
20000.0
20000.0
20000.0
20000.0
20000.0
19999.9921875
19998.97265625
20000.0
20000.0
20000.0
19999.984375
20000.0
20000.0078125
19869.806640625
19108.384765625
18415.875
17812.64453125
17269.056640625
16748.45703125
16278.0458984375
15818.3046875
15387.5849609375
14913.4423828125
14451.2724609375
14065.6728515625
13698.966796875
13367.7138671875
13045.85546875
12756.8681640625
12529.806640625
12304.802734375
12105.251953125
11795.146484375
11450.9111328125
11210.7255859375
11016.1455078125
10836.5703125
10650.927734375
10470.37890625
10274.0283203125
10075.9287109375
9884.64453125
9697.7802734375
9535.8876953125
9375.111328125
9213.302734375
9074.6728515625
8934.5966796875
8809.1953125
8689.765625
8588.9091796875
8489.4658203125
8391.462890625
8296.4130859375
8198.01953125
8103.27099609375
8006.4658203125
7911.40234375
7825.9423828125
7730.64013671875
7640.27685546875
7553.04052734375
7476.52001953125
7408.755859375
7345.3818359375
7285.76806640625
7225.37060546875
7168.0859375
7109.00732421875
7044.53076171875
6985.45068359375
6920.9970703125
6860.9365234375
6801.51123046875
6746.50341796875
6692.19091796875
6640.23779296875
6592.12939453125
6544.37744140625
6500.02099609375
6455.9150390625
6413.568359375
6376.58642578125
6336.4951171875
6298.77294921875
6261.390625
6226.36962890625
6191.2841796875
6157.35888671875
6125.4755859375
6093.56201171875
6063.509765625
6033.3681640625
6004.10693359375
5978.28515625
5950.3759765625
5924.107421875
5897.5517578125
5872.43603515625
5847.14404296875
5822.42578125
5799.10595703125
5775.6240234375
5753.45068359375
5731.1162109375
