20000.0
20000.0
20000.0
19999.998046875
20000.0
20000.0
20000.0
20000.0
20000.0
20000.0
20000.0
20000.0
20000.0
20000.0
20000.0
20000.0
20000.0
20000.0
20000.0
20000.0
19999.99609375
20000.0
20000.0
19999.236328125
20000.0
20000.0
20000.0
20000.0
20000.0
20000.0
20000.0
20000.0
20000.0
19337.52734375
18619.80078125
17944.70703125
17287.373046875
16517.95703125
15918.359375
15406.833984375
14918.7470703125
14464.8447265625
14126.0888671875
13806.2998046875
13508.732421875
12970.4609375
12527.1923828125
12207.2626953125
11921.744140625
11662.7392578125
11380.1103515625
11096.4482421875
10819.9453125
10569.0302734375
10350.0224609375
10107.3681640625
9890.5146484375
9691.9638671875
9517.5849609375
9351.7294921875
9205.896484375
9069.615234375
8928.4345703125
8790.8134765625
8647.9833984375
8505.9755859375
8378.94140625
8243.3623046875
8124.96044921875
8018.2861328125
7928.5087890625
7840.6103515625
7755.4423828125
7668.3271484375
7574.05517578125
7483.61279296875
7394.21142578125
7309.279296875
7236.70361328125
7160.380859375
7089.5439453125
7019.49853515625
6955.2451171875
6891.84033203125
6831.20556640625
6774.91650390625
6719.189453125
6667.1015625
6615.20654296875
6565.02978515625
6521.0478515625
6473.98828125
6429.77392578125
6385.67236328125
6344.3046875
6302.93701171875
6262.923828125
6225.55517578125
6191.47119140625
6158.9189453125
6125.1826171875
6092.0205078125
6062.6826171875
6031.13330078125
6001.3466796875
5971.42041015625
5943.2060546875
5914.84619140625
5887.40966796875
5861.54736328125
5835.5048828125
5810.74609375
5785.572265625
5761.02783203125
5739.40625
5716.23974609375
5694.57080078125
5672.83935546875
5652.44580078125
5632.017578125
5612.3310546875
5593.77197265625
5575.1337890625
5557.70654296875
5540.1865234375
