20000.0
20000.0
20000.0
20000.0
20000.0
20000.0
20000.0
20000.0
20000.0
20000.0
20000.0
20000.0
20000.0
20000.0
20000.0
20000.0
20000.0
20000.0
20000.0
20000.0
20000.0
19999.99609375
19999.95703125
20000.0
19999.47265625
20000.0
20000.0
20000.0
20000.0
20000.0
20000.0
20000.0
20000.001953125
20000.0
20000.0
19544.591796875
18827.4296875
18186.244140625
17383.384765625
16719.728515625
16151.8935546875
15641.400390625
15209.9013671875
14768.96875
14450.244140625
14133.1826171875
13687.5390625
13176.5576171875
12781.0126953125
12469.5986328125
12179.4013671875
11898.84375
11604.02734375
11310.0830078125
11058.0205078125
10806.900390625
10561.9013671875
10314.51171875
10096.1083984375
9894.900390625
9713.2275390625
9548.1318359375
9398.705078125
9259.55859375
9115.68359375
8970.4462890625
8838.228515625
8693.162109375
8555.1083984375
8418.30859375
8298.1611328125
8188.0947265625
8094.52587890625
8009.513671875
7924.1279296875
7833.880859375
7737.67138671875
7643.51953125
7561.67333984375
7475.49462890625
7395.7236328125
7316.7373046875
7244.53125
7173.423828125
7105.52783203125
7042.5966796875
6980.37158203125
6922.388671875
6864.60791015625
6808.84521484375
6760.06494140625
6707.83935546875
6658.9365234375
6610.1484375
6564.3251953125
6522.2822265625
6481.3486328125
6441.7734375
6401.3369140625
6363.01513671875
6324.50927734375
6287.25048828125
6254.6015625
6219.447265625
6186.46826171875
6153.24658203125
6121.97119140625
6090.1376953125
6058.9228515625
6029.45263671875
5999.8955078125
5972.19287109375
5944.369140625
5917.51953125
5893.884765625
5868.59130859375
5844.83984375
5821.0888671875
5798.64404296875
5776.24755859375
5754.49853515625
5734.0166015625
5713.50439453125
5694.22314453125
5674.93310546875
