20000.0
20000.0
20000.0
20000.0
19999.998046875
20000.0
20000.0
20000.0
20000.0
20000.0
20000.0
20000.0
20000.0
20000.0
20000.0
20000.0
20000.0
20000.0
20000.0
20000.0
20000.0
20000.0
20000.0
20000.0
19999.99609375
20000.0
20000.0
20000.0
19999.947265625
20000.0
19654.01171875
18792.041015625
18049.97265625
17416.517578125
16830.203125
16292.7314453125
15817.06640625
15369.4365234375
14970.923828125
14589.5419921875
14242.638671875
13954.76171875
13644.7607421875
13353.4404296875
13064.923828125
12798.8916015625
12537.7353515625
12287.3115234375
12053.44921875
11835.7744140625
11618.6416015625
11362.826171875
11152.259765625
10978.2490234375
10794.5673828125
10623.1572265625
10453.2666015625
10294.875
10151.45703125
10021.92578125
9900.994140625
9780.1181640625
9666.6689453125
9508.7353515625
9296.849609375
9126.94140625
8986.66015625
8883.41015625
8788.916015625
8689.06640625
8585.203125
8485.845703125
8379.50390625
8260.3310546875
8147.41357421875
8032.06201171875
7923.6591796875
7836.06005859375
7750.99169921875
7672.9931640625
7592.1982421875
7511.94384765625
7430.58154296875
7354.6728515625
7287.224609375
7227.6416015625
7172.7578125
7116.09228515625
7059.0625
7007.40087890625
6949.333984375
6892.76416015625
6834.26416015625
6777.42919921875
6718.30810546875
6660.25
6605.025390625
6547.72998046875
6491.302734375
6431.8134765625
6371.884765625
6318.73291015625
6263.82470703125
6217.3056640625
6172.54541015625
6130.5009765625
6087.89794921875
6046.10009765625
6006.64111328125
5966.99853515625
5929.66748046875
5891.9775390625
5855.34228515625
5822.951171875
5787.98291015625
5755.017578125
5721.78515625
5690.48388671875
5659.05517578125
5625.2890625
5591.13330078125
5555.92822265625
5522.55029296875
5489.140625
