20000.0
20000.0
20000.0
20000.0
20000.0
20000.0
20000.0
20000.0
20000.0
20000.0
20000.0
20000.0
20000.0
20000.0
20000.0
20000.0
20000.0
20000.0
20000.0
20000.0
20000.0
20000.0
19999.279296875
20000.0
20000.0
19999.119140625
20000.0
20000.0
20000.0
19999.984375
20000.0
20000.0
20000.001953125
20000.0
19408.716796875
18691.701171875
18038.822265625
17454.755859375
16828.001953125
16153.828125
15614.3779296875
15137.1669921875
14734.34375
14315.0693359375
13962.3828125
13667.1572265625
13392.33984375
12977.8759765625
12534.0263671875
12194.5810546875
11920.8857421875
11675.91796875
11429.5087890625
11172.7158203125
10933.7333984375
10677.0185546875
10450.2021484375
10227.91015625
10012.8134765625
9803.6064453125
9614.2216796875
9449.244140625
9290.82421875
9150.6025390625
9018.6689453125
8890.8037109375
8775.0576171875
8646.146484375
8521.056640625
8393.111328125
8270.4814453125
8146.14013671875
8030.552734375
7931.18798828125
7842.45556640625
7763.9111328125
7686.1640625
7610.27734375
7535.15625
7449.49267578125
7367.63818359375
7286.65380859375
7211.96875
7138.5078125
7069.0400390625
7004.50390625
6939.88916015625
6880.6162109375
6822.03466796875
6765.96435546875
6717.1318359375
6665.1328125
6616.734375
6568.4287109375
6523.1435546875
6477.79150390625
6433.8671875
6392.62548828125
6351.34716796875
6312.58740234375
6273.80517578125
6237.55810546875
6207.28369140625
6174.166015625
6142.1162109375
6109.380859375
6078.3798828125
6047.05322265625
6016.5146484375
5987.8720703125
5959.2587890625
5932.4287109375
5905.322265625
5879.0654296875
5855.93359375
5831.02099609375
5807.4384765625
5783.5859375
5760.7021484375
5737.65087890625
5715.21142578125
5694.078125
5672.9130859375
5652.97021484375
5633.0
