20000.0
20000.0
20000.0
20000.0
19999.998046875
20000.0
20000.0
20000.0
20000.0
20000.0
20000.0
20000.0
20000.0
20000.0
20000.0
20000.0
20000.0
20000.0
20000.0
20000.0
20000.0
20000.0
20000.001953125
19999.91015625
20000.0
20000.0
20000.0
20000.0
20000.0
20000.0
20000.0
20000.0
20000.0
20000.0
19845.625
19086.353515625
18390.423828125
17614.19140625
16871.43359375
16284.0849609375
15744.53125
15249.888671875
14851.7587890625
14507.919921875
14191.421875
13649.8291015625
13118.9775390625
12752.5224609375
12444.904296875
12170.2451171875
11871.2919921875
11571.0712890625
11279.75390625
11008.1142578125
10774.51953125
10522.1884765625
10301.029296875
10097.900390625
9920.142578125
9761.806640625
9610.0771484375
9464.712890625
9315.009765625
9171.58203125
9025.6962890625
8881.2490234375
8754.57421875
8627.5693359375
8519.5087890625
8422.068359375
8332.31640625
8242.1455078125
8146.166015625
8049.16796875
7950.34619140625
7858.72802734375
7769.00146484375
7684.20263671875
7611.0595703125
7533.19091796875
7461.86279296875
7391.74462890625
7326.79248046875
7262.6513671875
7201.0966796875
7143.6865234375
7086.40283203125
7032.7568359375
6979.16845703125
6927.21826171875
6881.802734375
6833.1025390625
6787.525390625
6741.85302734375
6699.142578125
6656.45751953125
6615.06298828125
6576.17919921875
6538.7470703125
6505.40771484375
6471.37109375
6437.60400390625
6407.47216796875
6374.8525390625
6343.9130859375
6312.80517578125
6283.49365234375
6253.97265625
6225.02490234375
6197.3427734375
6169.4580078125
6143.15478515625
6116.84326171875
6091.40771484375
6069.1630859375
6045.2626953125
6022.845703125
6000.39208984375
5979.3369140625
5958.17041015625
5937.48046875
5918.11181640625
5898.64404296875
5880.27587890625
5861.8759765625
