20000.0
20000.0
20000.0
19999.9921875
20000.0
20000.0
20000.0
20000.0
20000.0
20000.0
20000.0
20000.0
20000.0
20000.0
20000.0
20000.0
20000.0
20000.0
20000.0
20000.0
20000.0
20000.0
20000.0
20000.0
20000.0
20000.0
20000.0
20000.0
19999.998046875
20000.0
20000.0
20000.0
20000.0
19499.642578125
18788.01953125
18117.404296875
17503.953125
16950.14453125
16335.8310546875
15707.1259765625
15196.6142578125
14742.9208984375
14363.6640625
13964.166015625
13622.0888671875
13336.9765625
13072.181640625
12701.48046875
12286.841796875
11959.619140625
11693.08203125
11451.205078125
11217.3818359375
10968.16796875
10735.1025390625
10485.7509765625
10262.00390625
10051.7099609375
9847.13671875
9638.58203125
9447.13671875
9280.1435546875
9122.3671875
8978.8046875
8844.6259765625
8720.06640625
8610.1435546875
8486.58984375
8366.5732421875
8241.896484375
8122.15673828125
7999.529296875
7880.10107421875
7773.23388671875
7675.1259765625
7593.85107421875
7516.6240234375
7442.3642578125
7376.8271484375
7297.47900390625
7218.35302734375
7137.70166015625
7062.65234375
6988.845703125
6918.6611328125
6854.076171875
6790.49462890625
6730.75048828125
6671.80908203125
6615.5615234375
6566.78662109375
6514.92333984375
6466.62109375
6418.62255859375
6373.841796875
6329.10888671875
6285.78955078125
6245.11962890625
6204.38330078125
6166.14453125
6127.83984375
6092.64599609375
6062.74267578125
6029.86083984375
5998.13330078125
5965.78515625
5935.1484375
5904.2138671875
5874.12255859375
5845.7568359375
5817.23486328125
5790.5576171875
5763.84716796875
5738.01806640625
5715.232421875
5690.71142578125
5667.6044921875
5644.35595703125
5622.435546875
5600.18408203125
5578.20556640625
5557.39208984375
5536.4736328125
5516.7783203125
5496.99755859375
