20000.0
20000.0
20000.0
20000.0
20000.0
20000.0
20000.0
20000.0
20000.0
20000.0
20000.0
20000.0
20000.0
20000.0
20000.0
20000.0
20000.0
20000.0
20000.0
20000.0
20000.0
20000.0
20000.0
20000.0
19999.615234375
20000.0
19999.919921875
20000.0
19999.998046875
20000.0
20000.0
20000.0
20000.0
20000.0
19244.44921875
18538.34765625
17918.8125
17361.232421875
16824.23046875
16330.8212890625
15677.2490234375
15156.3603515625
14743.99609375
14327.07421875
13949.6162109375
13580.294921875
13294.990234375
13030.7666015625
12777.951171875
12386.17578125
11990.55859375
11710.5341796875
11490.19140625
11273.6337890625
11085.1640625
10858.3779296875
10631.5693359375
10399.1630859375
10190.021484375
9995.7626953125
9806.986328125
9630.0078125
9463.8623046875
9318.2939453125
9184.3291015625
9063.60546875
8958.556640625
8842.673828125
8730.876953125
8615.4033203125
8504.4033203125
8391.3291015625
8277.6650390625
8167.92431640625
8059.5078125
7964.3330078125
7880.8876953125
7803.52294921875
7735.64501953125
7662.24072265625
7592.818359375
7523.2138671875
7450.02099609375
7372.28515625
7296.24462890625
7225.7998046875
7156.52099609375
7092.83251953125
7030.21044921875
6970.5654296875
6919.00244140625
6864.2900390625
6813.71630859375
6763.58740234375
6716.8935546875
6669.40234375
6624.21923828125
6582.0263671875
6539.9384765625
6500.435546875
6460.966796875
6422.80126953125
6389.341796875
6353.466796875
6319.6689453125
6285.6162109375
6253.53173828125
6221.1826171875
6189.61669921875
6159.8984375
6130.03759765625
6101.767578125
6073.41455078125
6045.77392578125
6021.47021484375
5995.271484375
5970.5576171875
5945.6962890625
5922.2431640625
5898.66015625
5875.67578125
5853.994140625
5832.09814453125
5811.53076171875
5790.75390625
