20000.0
20000.0
20000.0
20000.0
20000.0
20000.0
20000.0
20000.0
20000.0
20000.0
20000.0
20000.0
20000.0
20000.0
20000.0
20000.0
20000.0
20000.0
20000.0
20000.0
20000.0
20000.0
20000.0
20000.0
19999.673828125
20000.0
19999.931640625
20000.0
20000.0
19999.998046875
20000.0
20000.009765625
20000.005859375
20000.0
20000.0
19468.30078125
18820.67578125
18201.90625
17644.3359375
17054.916015625
16361.1474609375
15875.416015625
15394.9951171875
14965.9736328125
14553.2236328125
14178.8125
13887.673828125
13604.5517578125
13319.8876953125
12847.11328125
12437.73046875
12148.0185546875
11901.92578125
11690.021484375
11445.65625
11202.5234375
10951.892578125
10718.8076171875
10497.0673828125
10280.7421875
10075.1416015625
9878.8408203125
9709.7578125
9551.564453125
9404.939453125
9287.921875
9162.7724609375
9042.1103515625
8916.162109375
8793.291015625
8666.0869140625
8539.458984375
8416.9755859375
8293.0400390625
8182.66845703125
8082.10546875
7995.5166015625
7921.56689453125
7842.0810546875
7766.90869140625
7689.94287109375
7608.611328125
7523.59228515625
7441.1826171875
7364.8740234375
7289.98095703125
7221.07861328125
7153.42626953125
7088.9609375
7033.2060546875
6972.9443359375
6917.2734375
6862.2900390625
6811.09326171875
6760.0751953125
6710.9306640625
6665.017578125
6619.16845703125
6576.12841796875
6532.96728515625
6490.88623046875
6453.86376953125
6413.94091796875
6376.4228515625
6338.75732421875
6303.25634765625
6267.6650390625
6233.04931640625
6200.59326171875
6167.90625
6137.17626953125
6106.28662109375
6076.28173828125
6049.8603515625
6021.48828125
5996.39111328125
5972.23291015625
5948.947265625
5924.69775390625
5900.5810546875
5877.580078125
5854.224609375
5832.119140625
5809.80908203125
