20000.0
20000.0
20000.0
19999.998046875
20000.0
20000.0
20000.0
20000.0
20000.0
20000.0
20000.0
20000.0
20000.0
20000.0
20000.0
20000.0
20000.0
20000.0
20000.0
20000.0
20000.0
20000.0
20000.0
20000.0
19999.94140625
20000.0
19999.849609375
20000.0
19999.998046875
20000.0
20000.0
20000.0
20000.0078125
20000.001953125
20000.0
20000.0
19461.177734375
18805.837890625
18217.9453125
17650.345703125
16977.05078125
16400.7734375
15881.5654296875
15431.212890625
15001.0185546875
14609.283203125
14265.7294921875
13976.2177734375
13712.8515625
13293.390625
12813.6806640625
12471.0791015625
12216.2998046875
11998.4970703125
11766.3740234375
11527.1015625
11270.1591796875
11028.2138671875
10792.669921875
10577.1416015625
10373.23046875
10171.72265625
9995.0634765625
9831.19140625
9683.0810546875
9564.0087890625
9436.728515625
9315.6240234375
9190.0859375
9068.705078125
8944.7197265625
8822.31640625
8703.8935546875
8582.912109375
8473.6611328125
8372.4052734375
8285.779296875
8212.3056640625
8133.06298828125
8058.1904296875
7982.47998046875
7902.39306640625
7817.50732421875
7734.29541015625
7656.98779296875
7580.94189453125
7511.05712890625
7442.28955078125
7376.814453125
7320.1484375
7259.5595703125
7202.86865234375
7147.0546875
7094.97900390625
7043.16552734375
6993.15283203125
6946.4375
6899.8818359375
6856.01513671875
6812.0537109375
6769.23876953125
6731.50927734375
6690.947265625
6652.4814453125
6614.08251953125
6577.9052734375
6541.54833984375
6506.16552734375
6472.81787109375
6439.3408203125
6407.78076171875
6376.0625
6345.15283203125
6318.01220703125
6288.62841796875
6261.0498046875
6233.3076171875
6207.31201171875
6183.1337890625
6160.11572265625
6137.75830078125
6114.5390625
6092.15966796875
6069.37890625
