20000.0
20000.0
20000.0
20000.0
20000.0
20000.0
20000.0
20000.0
20000.0
20000.0
20000.0
20000.0
20000.0
20000.0
20000.0
20000.0
20000.0
20000.0
20000.0
20000.0
20000.0
19999.998046875
20000.0
20000.0
19998.015625
20000.0
20000.0
19999.99609375
20000.0
20000.0
20000.0
20000.0
20000.0
20000.0
19772.892578125
19028.16796875
18347.216796875
17705.48046875
16887.775390625
16289.283203125
15748.798828125
15253.8271484375
14835.33203125
14456.59765625
14139.5244140625
13801.8544921875
13241.068359375
12772.3349609375
12467.9384765625
12196.8916015625
11925.345703125
11655.166015625
11367.943359375
11090.31640625
10859.68359375
10617.041015625
10390.71875
10180.2607421875
9999.2119140625
9838.212890625
9689.470703125
9550.2236328125
9407.1416015625
9269.2470703125
9129.33203125
8991.236328125
8866.8291015625
8733.1689453125
8616.7353515625
8512.486328125
8421.2470703125
8330.611328125
8242.3388671875
8157.72705078125
8062.14111328125
7968.64599609375
7875.7509765625
7787.5146484375
7711.99853515625
7632.55419921875
7559.90185546875
7488.6103515625
7421.814453125
7356.01953125
7293.2802734375
7234.9892578125
7177.1611328125
7123.26904296875
7069.802734375
7017.958984375
6972.486328125
6923.53564453125
6877.611328125
6831.548828125
6788.3642578125
6745.083984375
6703.15625
6663.72509765625
6624.2412109375
6587.2060546875
6549.93603515625
6513.93115234375
6482.1796875
6448.130859375
6416.15478515625
6384.16552734375
6354.13623046875
6324.2685546875
6296.4326171875
6271.603515625
6245.9521484375
6220.939453125
6195.29296875
6170.19140625
6147.89892578125
6123.89453125
6101.1279296875
6077.8515625
6055.44921875
6032.8974609375
6010.88916015625
5990.18505859375
5969.41845703125
5949.841796875
5930.2236328125
