20000.0
20000.0
20000.0
20000.0
20000.0
20000.0
20000.0
20000.0
20000.0
20000.0
20000.0
20000.0
20000.0
20000.0
20000.0
20000.0
20000.0
20000.0
20000.0
20000.0
20000.0
20000.0
20000.0
20000.005859375
20000.0
19999.939453125
20000.0
20000.0
20000.0
20000.0
20000.0
20000.0
20000.0
20000.0
20000.0
20000.0
20000.0
19317.599609375
18669.431640625
18086.892578125
17525.1796875
16855.900390625
16296.865234375
15786.4658203125
15342.48828125
14919.0703125
14533.5322265625
14201.1591796875
13915.6396484375
13653.89453125
13227.8330078125
12757.0615234375
12423.9052734375
12171.302734375
11955.837890625
11726.935546875
11489.9375
11235.12890625
10996.1357421875
10762.3642578125
10548.4638671875
10346.76953125
10143.359375
9963.7333984375
9796.8876953125
9643.2998046875
9523.890625
9397.5029296875
9278.1328125
9154.35546875
9034.9990234375
8912.48828125
8792.24609375
8677.029296875
8558.578125
8449.1103515625
8347.6259765625
8257.232421875
8184.07421875
8106.52685546875
8033.353515625
7959.06494140625
7882.064453125
7798.80859375
7716.74267578125
7640.2607421875
7564.78515625
7495.18310546875
7426.70166015625
7361.49462890625
7305.095703125
7244.32177734375
7187.94970703125
7132.322265625
7080.490234375
7028.86181640625
6979.07275390625
6932.61083984375
6886.1796875
6842.544921875
6798.75048828125
6756.11083984375
6718.6171875
6678.248046875
6640.18115234375
6601.9814453125
6566.09228515625
6530.0
6494.9814453125
6461.8935546875
6428.68115234375
6397.37744140625
6365.95458984375
6335.2939453125
6308.35107421875
6281.58251953125
6256.57958984375
6230.73291015625
6205.888671875
6180.5595703125
6155.7548828125
6132.11474609375
6108.25927734375
6085.68359375
6062.87939453125
