20000.0
20000.0
20000.0
19999.984375
20000.0
20000.0
20000.0
20000.0
20000.0
20000.0
20000.0
20000.0
20000.0
20000.0
20000.0
20000.0
20000.0
20000.0
20000.0
20000.0
19999.7734375
20000.0
19998.197265625
19999.064453125
20000.0
20000.0
20000.0
20000.0
20000.0
20000.0
19999.9765625
19375.646484375
18608.341796875
17930.404296875
17324.08203125
16748.423828125
16215.025390625
15729.6953125
15208.6513671875
14662.3564453125
14206.087890625
13795.490234375
13451.2294921875
13093.94921875
12792.642578125
12533.6953125
12294.955078125
12022.50390625
11631.5205078125
11321.5908203125
11095.740234375
10896.5732421875
10694.6064453125
10485.6142578125
10291.0615234375
10070.5380859375
9860.8388671875
9663.4423828125
9489.66015625
9313.1552734375
9145.9716796875
8998.177734375
8856.181640625
8737.33984375
8623.849609375
8514.564453125
8416.2099609375
8307.2802734375
8202.7880859375
8096.54541015625
7995.94677734375
7891.97265625
7787.93603515625
7691.8203125
7601.57763671875
7526.80029296875
7455.76806640625
7387.4287109375
7327.00048828125
7261.705078125
7197.72705078125
7126.0537109375
7056.27099609375
6986.3681640625
6919.6376953125
6857.9931640625
6797.32177734375
6741.4814453125
6686.48779296875
6633.8681640625
6588.34375
6540.09228515625
6495.208984375
6450.6875
6408.39404296875
6366.42578125
6326.1064453125
6288.42578125
6250.82373046875
6215.5498046875
6180.423828125
6146.37890625
6116.58642578125
6084.5478515625
6054.38818359375
6024.0439453125
5995.43701171875
5966.6279296875
5938.54638671875
5912.11328125
5885.52685546875
5860.47802734375
5835.4423828125
5811.01708984375
5789.5849609375
5767.04736328125
5747.1875
5726.90576171875
5707.169921875
5686.84375
5666.83984375
5647.9169921875
5628.748046875
5610.6162109375
5592.3935546875
