20000.0
20000.0
20000.0
20000.0
20000.0
20000.0
20000.0
20000.0
20000.0
20000.0
20000.0
20000.0
20000.0
20000.0
20000.0
20000.0
20000.0
20000.0
20000.0
19999.99609375
20000.0
20000.0
20000.0
20000.0
20000.0
20000.0
20000.0
20000.0
20000.0
20000.0
20000.0
20000.0
20000.0
20000.0
19999.99609375
20000.0
20000.0
20000.0
20000.0
19999.998046875
20000.0
20000.0
20000.0
20000.0
20000.0
20000.0
20000.0
20000.0
20000.0
20000.0
20000.0
19999.55078125
20000.0
20000.0
20000.0
20000.0
19654.9609375
18810.310546875
18004.58984375
17272.291015625
16598.26953125
15980.6728515625
15432.93359375
14907.1123046875
14433.931640625
13977.0400390625
13545.7919921875
13217.8271484375
12894.8076171875
12600.5517578125
12311.2236328125
12046.765625
11797.5
11554.0625
11326.708984375
11101.046875
10891.19921875
10682.4453125
10452.3984375
10220.443359375
10005.298828125
9810.0029296875
9636.298828125
9482.4033203125
9334.28515625
9125.5419921875
8918.443359375
8734.1357421875
8580.279296875
8436.005859375
8293.1728515625
8164.9599609375
8026.955078125
7890.88671875
7748.107421875
7613.43896484375
7479.0048828125
7349.88916015625
7229.77880859375
7108.35400390625
6992.43896484375
6877.6962890625
6769.80517578125
6677.77294921875
6581.1669921875
6490.4296875
6398.51953125
6311.35791015625
6216.34375
6115.5595703125
6022.0283203125
5931.0732421875
5847.29443359375
5763.42041015625
5681.4775390625
5609.5595703125
5533.1328125
5461.3115234375
5390.064453125
5322.51171875
5251.76416015625
5180.88134765625
5113.0615234375
5044.4013671875
4979.6025390625
4915.18798828125
