20000.0
20000.0
20000.0
20000.0
20000.0
20000.0
20000.0
20000.0
20000.0
20000.0
20000.0
20000.0
20000.0
20000.0
20000.0
20000.0
20000.0
20000.0
20000.0
20000.0
20000.0
20000.0
20000.0
19999.998046875
20000.0
19999.974609375
20000.0
20000.0
20000.0
20000.0
20000.0
20000.0
20000.0
20000.009765625
20000.0
20000.0
20000.0
20000.0
19422.482421875
18789.888671875
18138.904296875
17350.951171875
16801.2421875
16267.95703125
15798.2041015625
15348.58984375
14964.3115234375
14648.796875
14347.15625
13887.5986328125
13374.5595703125
12986.9716796875
12687.1025390625
12415.1552734375
12172.326171875
11895.453125
11621.810546875
11350.5029296875
11107.1201171875
10866.041015625
10629.580078125
10418.306640625
10223.634765625
10052.4931640625
9894.130859375
9750.6650390625
9625.8359375
9488.599609375
9355.625
9218.8017578125
9088.2392578125
8955.056640625
8824.2138671875
8705.52734375
8596.2333984375
8503.220703125
8416.1552734375
8332.0361328125
8257.921875
8168.1953125
8078.66015625
7987.20263671875
7902.13232421875
7818.35302734375
7738.76123046875
7664.65234375
7591.2802734375
7523.83349609375
7457.22509765625
7393.37646484375
7337.82421875
7278.7880859375
7223.67236328125
7168.56103515625
7116.87109375
7065.130859375
7014.95263671875
6967.837890625
6920.6376953125
6876.29345703125
6831.8056640625
6788.72314453125
6750.85205078125
6710.18798828125
6671.9736328125
6635.8271484375
6602.8037109375
6568.7275390625
6534.92138671875
6502.841796875
6470.3466796875
6439.56201171875
6408.52587890625
6378.29443359375
6351.57421875
6322.75
6295.1181640625
6267.05078125
6240.46826171875
6213.7275390625
6187.7763671875
6163.34716796875
6138.83203125
6115.77197265625
6092.63134765625
