20000.0
20000.0
20000.0
20000.0
20000.0
20000.0
20000.0
20000.0
20000.0
20000.0
20000.0
20000.0
20000.0
20000.0
20000.0
20000.0
20000.0
20000.0
20000.0
20000.0
20000.0
20000.0
19999.5078125
20000.0
20000.0
19999.998046875
20000.0
19999.99609375
20000.0
20000.0
20000.015625
20000.0
20000.0
19973.669921875
19204.96875
18516.537109375
17881.61328125
17314.376953125
16764.783203125
16131.015625
15552.126953125
15065.3642578125
14661.603515625
14246.2568359375
13869.7734375
13554.185546875
13283.67578125
13016.0576171875
12588.341796875
12187.021484375
11879.697265625
11644.22265625
11412.54296875
11180.677734375
10961.4287109375
10712.4287109375
10481.0087890625
10257.615234375
10054.265625
9847.310546875
9653.2265625
9484.6494140625
9326.85546875
9183.3447265625
9054.3505859375
8930.7626953125
8820.9140625
8698.314453125
8579.40625
8456.806640625
8339.3271484375
8218.09765625
8098.19189453125
7989.64013671875
7888.81494140625
7806.49169921875
7727.828125
7651.3427734375
7584.00048828125
7510.0517578125
7432.1162109375
7350.03076171875
7272.60498046875
7196.1953125
7123.62158203125
7056.8203125
6991.1640625
6930.6552734375
6871.03173828125
6813.70458984375
6763.1962890625
6710.04736328125
6660.63134765625
6611.5087890625
6565.7041015625
6519.9833984375
6475.99658203125
6434.74072265625
6393.49072265625
6354.58349609375
6315.58642578125
6277.640625
6244.29638671875
6208.38916015625
6174.681640625
6140.8251953125
6108.98876953125
6077.09521484375
6046.0751953125
6016.84423828125
5987.5224609375
5961.1767578125
5935.98193359375
5910.84912109375
5888.10546875
5863.21728515625
5839.68359375
5816.02685546875
5793.56005859375
5770.92724609375
5748.830078125
5727.9677734375
5706.90673828125
5687.06640625
5667.08447265625
