20000.0
20000.0
20000.0
19999.998046875
20000.0
20000.0
20000.0
20000.0
20000.0
20000.0
20000.0
20000.0
20000.0
20000.0
20000.0
20000.0
20000.0
20000.0
20000.0
20000.0
20000.0
20000.0
19999.994140625
20000.0
19999.763671875
20000.0
20000.0
20000.0
20000.0
20000.0
20000.0
20000.0
20000.0
20000.0
20000.0
19769.103515625
19051.0546875
18414.89453125
17813.634765625
17265.642578125
16555.515625
15977.302734375
15530.8916015625
15082.447265625
14676.9873046875
14279.85546875
13965.330078125
13679.44921875
13408.54296875
12978.6025390625
12548.20703125
12238.4736328125
11973.3291015625
11725.3740234375
11509.2880859375
11256.3291015625
11003.365234375
10751.2626953125
10526.75
10313.1171875
10097.400390625
9894.86328125
9701.94140625
9533.1513671875
9373.3662109375
9222.966796875
9099.275390625
8972.4951171875
8852.8037109375
8727.6904296875
8605.7939453125
8478.779296875
8352.6806640625
8232.1083984375
8110.43896484375
8001.17138671875
7901.18310546875
7814.1865234375
7742.66162109375
7666.75927734375
7595.1640625
7514.86767578125
7434.34375
7351.89306640625
7272.4130859375
7198.8056640625
7126.43408203125
7059.81494140625
6993.50146484375
6929.70947265625
6874.751953125
6816.40673828125
6762.28857421875
6708.51416015625
6658.4345703125
6608.5859375
6560.451171875
6515.2958984375
6470.12841796875
6427.69921875
6385.11083984375
6343.8525390625
6307.6220703125
6268.75
6235.44189453125
6201.67138671875
6168.8271484375
6135.2314453125
6102.15283203125
6070.83349609375
6039.2822265625
6009.478515625
5979.79541015625
5951.01806640625
5925.67236328125
5898.345703125
5872.61376953125
5846.62890625
5822.15673828125
5797.43017578125
5773.11865234375
5749.9228515625
5726.60302734375
5704.54736328125
5682.38232421875
