20000.0
20000.0
20000.0
20000.0
20000.0
20000.0
20000.0
20000.0
20000.0
20000.0
20000.0
20000.0
20000.0
20000.0
20000.0
20000.0
20000.0
20000.0
20000.0
20000.0
20000.0
19999.984375
20000.0
19999.984375
20000.0
20000.0
20000.0
20000.0
20000.0
20000.0
20000.0
19924.44140625
19102.41796875
18357.66015625
17738.6640625
17149.943359375
16604.7890625
16114.009765625
15633.6376953125
15197.265625
14630.2841796875
14182.9150390625
13823.8056640625
13451.60546875
13110.78515625
12780.255859375
12517.0400390625
12278.326171875
12060.1513671875
11816.859375
11472.1220703125
11165.767578125
10938.4853515625
10742.265625
10566.248046875
10372.921875
10174.1982421875
9964.4130859375
9766.947265625
9574.2216796875
9398.7880859375
9233.8466796875
9063.8740234375
8909.3251953125
8765.4384765625
8632.951171875
8520.0927734375
8412.5947265625
8312.7783203125
8210.7060546875
8110.8134765625
8007.71142578125
7904.1357421875
7805.5810546875
7704.888671875
7606.99609375
7506.70654296875
7412.142578125
7334.62451171875
7260.95166015625
7195.8486328125
7131.1689453125
7070.11279296875
7008.23046875
6945.4384765625
6880.033203125
6811.81982421875
6747.474609375
6683.8330078125
6623.01953125
6570.44482421875
6514.9501953125
6463.568359375
6412.88671875
6365.90478515625
6319.27099609375
6274.564453125
6232.984375
6190.87890625
6151.60888671875
6112.58935546875
6074.96435546875
6042.03955078125
6006.81298828125
5973.6845703125
5940.7001953125
5909.7255859375
5878.6748046875
5848.501953125
5820.08984375
5791.5048828125
5764.49560546875
5737.333984375
5710.99755859375
5687.70068359375
5662.6357421875
5639.98046875
5618.27734375
5597.39697265625
5575.80078125
5554.3486328125
5533.8935546875
5513.208984375
5493.64208984375
5473.888671875
