20000.0
20000.0
20000.0
19999.998046875
19999.998046875
20000.0
20000.0
20000.0
20000.0
20000.0
20000.0
20000.0
20000.0
20000.0
20000.0
20000.0
20000.0
20000.0
20000.0
20000.0
20000.0
20000.0
20000.0
19999.998046875
20000.0
19999.998046875
20000.0
20000.0
19999.998046875
20000.0
20000.0
20000.0
20000.0
19370.990234375
18672.478515625
18012.087890625
17406.53125
16861.75
16302.822265625
15653.431640625
15142.5166015625
14691.11328125
14313.697265625
13917.2880859375
13557.875
13277.5478515625
13015.6025390625
12727.8896484375
12296.318359375
11939.6025390625
11660.9951171875
11429.2939453125
11201.0791015625
10966.2333984375
10748.4296875
10504.2568359375
10275.8671875
10060.9677734375
9861.7978515625
9655.939453125
9462.26953125
9293.3408203125
9135.3798828125
8992.3671875
8855.455078125
8732.0009765625
8624.4990234375
8505.130859375
8388.7197265625
8267.4404296875
8151.0419921875
8031.91064453125
7913.8046875
7804.1220703125
7701.22216796875
7612.9931640625
7534.5068359375
7460.41064453125
7395.25341796875
7324.33837890625
7248.9736328125
7169.1416015625
7093.52783203125
7018.71435546875
6947.4228515625
6881.73681640625
6817.1923828125
6757.6435546875
6698.67724609375
6641.3671875
6591.9375
6539.6416015625
6490.94189453125
6442.5107421875
6397.41845703125
6352.53564453125
6309.1572265625
6268.53271484375
6227.8046875
6189.48779296875
6151.18359375
6113.92333984375
6081.2451171875
6046.4404296875
6016.34375
5985.7236328125
5956.00927734375
5925.58984375
5895.68603515625
5867.49609375
5838.97119140625
5812.08447265625
5785.02197265625
5758.68408203125
5735.63330078125
5710.99267578125
5687.861328125
5664.470703125
5642.55029296875
5620.47705078125
5598.96826171875
5578.64599609375
5558.125
5538.46435546875
5518.48681640625
