20000.0
20000.0
20000.0
20000.0
20000.0
20000.0
20000.0
20000.0
20000.0
20000.0
20000.0
20000.0
20000.0
20000.0
20000.0
20000.0
20000.0
20000.0
20000.0
20000.0
19999.4140625
19999.095703125
19996.146484375
19999.12890625
20000.0
19999.974609375
20000.0
20000.0
20000.0
20000.01953125
20000.0
20000.0
19322.25390625
18572.3515625
17918.009765625
17296.748046875
16718.5078125
16098.5654296875
15469.2607421875
14974.1494140625
14509.6494140625
14079.349609375
13715.4853515625
13388.27734375
13108.8408203125
12833.1943359375
12396.365234375
11984.7568359375
11693.0478515625
11454.423828125
11220.5966796875
10981.525390625
10726.7451171875
10476.4697265625
10261.7529296875
10041.3828125
9832.6298828125
9623.853515625
9441.0771484375
9272.5390625
9116.7353515625
8984.5625
8856.27734375
8734.734375
8608.2138671875
8480.9658203125
8366.365234375
8240.5478515625
8118.70751953125
7994.65771484375
7884.03515625
7783.630859375
7697.2841796875
7618.67041015625
7539.939453125
7465.42626953125
7386.015625
7301.65771484375
7225.96826171875
7145.3388671875
7070.96728515625
6998.4736328125
6931.55126953125
6866.0400390625
6803.83154296875
6746.298828125
6688.85205078125
6635.380859375
6582.6982421875
6532.1630859375
6488.18359375
6441.16015625
6397.41552734375
6353.828125
6312.9501953125
6272.02685546875
6232.28076171875
6194.89306640625
6157.3828125
6122.189453125
6086.95361328125
6052.67822265625
6022.69921875
5990.45166015625
5960.1640625
5929.755859375
5901.18798828125
5872.99072265625
5847.7802734375
5823.63916015625
5798.6005859375
5774.6171875
5750.4443359375
5726.8193359375
5705.93310546875
5683.41015625
5662.119140625
5640.66162109375
5620.4365234375
5600.09619140625
5580.28369140625
5561.5830078125
5542.83154296875
5525.09716796875
5507.15087890625
