20000.0
20000.0
20000.0
20000.0
20000.0
20000.0
20000.0
20000.0
20000.0
20000.0
20000.0
20000.0
20000.0
20000.0
20000.0
20000.0
20000.0
20000.0
20000.0
20000.0
20000.0
20000.0
19999.509765625
20000.0
19999.408203125
20000.0
20000.0
20000.0
20000.0
20000.0
20000.0
20000.0
20000.0
19592.80078125
18850.775390625
18186.6328125
17584.3515625
17041.876953125
16520.576171875
16043.361328125
15415.609375
14914.224609375
14513.416015625
14107.6396484375
13741.0146484375
13383.09375
13104.5966796875
12844.6396484375
12598.9111328125
12253.7587890625
11862.15625
11575.6611328125
11358.3349609375
11145.8505859375
10962.61328125
10742.8935546875
10523.91796875
10299.7216796875
10091.125
9896.80078125
9712.2236328125
9535.6005859375
9366.6396484375
9219.560546875
9079.8154296875
8958.1181640625
8854.7802734375
8742.775390625
8634.4814453125
8522.1875
8413.8583984375
8303.564453125
8194.5859375
8088.4130859375
7979.39404296875
7880.29443359375
7788.75732421875
7710.23583984375
7643.505859375
7571.7666015625
7503.91845703125
7435.49267578125
7369.47900390625
7295.388671875
7220.30908203125
7150.07666015625
7080.5791015625
7016.50146484375
6953.53662109375
6893.65185546875
6841.80810546875
6787.0048828125
6736.1923828125
6685.9912109375
6639.28125
6592.70361328125
6547.04833984375
6504.94970703125
6462.97509765625
6423.623046875
6384.3828125
6346.3818359375
6313.10107421875
6277.36181640625
6243.9150390625
6210.2451171875
6178.53125
6146.59619140625
6115.42822265625
6086.02001953125
6056.46044921875
6028.517578125
6000.49072265625
5973.208984375
5949.13720703125
5923.189453125
5898.80712890625
5874.22998046875
5851.083984375
5827.787109375
5805.0966796875
5783.6552734375
5762.16650390625
5742.802734375
5724.3193359375
