20000.0
20000.0
20000.0
20000.0
20000.0
20000.0
20000.0
20000.0
20000.0
20000.0
20000.0
20000.0
20000.0
20000.0
20000.0
20000.0
20000.0
20000.0
20000.0
20000.0
19999.998046875
20000.015625
19996.587890625
19999.482421875
20000.0
20000.0
20000.0
20000.0
20000.0
20000.0
20000.0
20000.0
20000.0
19924.689453125
19158.671875
18442.08984375
17678.375
16908.208984375
16288.10546875
15756.7587890625
15250.1044921875
14785.0966796875
14472.6484375
14139.0732421875
13663.73046875
13138.3486328125
12744.5908203125
12414.724609375
12120.9326171875
11823.9482421875
11508.1064453125
11216.9775390625
10939.455078125
10678.3203125
10443.2646484375
10198.265625
9985.0302734375
9787.2734375
9610.3115234375
9449.7998046875
9297.7021484375
9152.3427734375
9001.34375
8855.0361328125
8705.5185546875
8558.9658203125
8432.9091796875
8307.8466796875
8201.2763671875
8105.7939453125
8018.4443359375
7927.1337890625
7828.17138671875
7732.0361328125
7636.1650390625
7547.7900390625
7461.0283203125
7377.46044921875
7306.23291015625
7231.28759765625
7162.15185546875
7093.92578125
7030.8330078125
6968.2333984375
6908.07177734375
6851.8818359375
6795.80908203125
6743.4697265625
6691.2666015625
6640.86376953125
6599.8779296875
6556.25732421875
6514.2021484375
6471.287109375
6430.59130859375
6389.646484375
6350.033203125
6313.04931640625
6276.08203125
6241.39208984375
6206.5810546875
6172.7041015625
6142.345703125
6109.5478515625
6078.79736328125
6048.02978515625
6019.16455078125
5990.29052734375
5962.40478515625
5936.23828125
5910.04833984375
5885.5673828125
5861.01025390625
5837.255859375
5816.3271484375
5793.9033203125
5772.85498046875
5751.748046875
5731.974609375
5712.2158203125
5692.91064453125
5674.83349609375
5656.6767578125
5639.556640625
5622.361328125
