20000.0
20000.0
20000.0
20000.0
20000.0
20000.0
20000.0
20000.0
20000.0
20000.0
20000.0
20000.0
20000.0
20000.0
20000.0
20000.0
20000.0
20000.0
20000.0
20000.0
20000.0
20000.0
19999.51953125
20000.0
20000.0
20000.0
20000.0
20000.0
19999.9921875
20000.0
20000.02734375
20000.009765625
20000.0
20000.0
19891.048828125
19161.45703125
18528.734375
17925.19921875
17379.646484375
16770.34375
16119.306640625
15652.2314453125
15189.0986328125
14772.6796875
14368.740234375
14007.8466796875
13724.6689453125
13450.826171875
13147.6748046875
12687.6279296875
12312.037109375
12029.1787109375
11784.7392578125
11574.85546875
11332.9853515625
11092.6875
10845.2119140625
10614.658203125
10397.0205078125
10184.65234375
9980.595703125
9784.6357421875
9614.5908203125
9455.7041015625
9308.119140625
9188.5380859375
9064.16796875
8945.9736328125
8822.4736328125
8701.826171875
8576.11328125
8451.0087890625
8330.40625
8207.1083984375
8094.46337890625
7990.673828125
7902.14599609375
7828.64306640625
7750.544921875
7676.86474609375
7602.34521484375
7523.47607421875
7439.7744140625
7357.99609375
7281.93505859375
7207.3154296875
7138.72998046875
7071.24755859375
7007.03515625
6951.44189453125
6891.45166015625
6836.09423828125
6781.3134765625
6730.36083984375
6679.67822265625
6630.78173828125
6585.171875
6539.671875
6497.00390625
6454.162109375
6412.541015625
6375.9482421875
6336.5146484375
6299.38427734375
6262.0986328125
6227.0634765625
6191.87060546875
6157.69091796875
6125.52978515625
6093.24853515625
6062.84423828125
6032.375
6003.66748046875
5980.064453125
5954.24072265625
5929.2529296875
5903.65283203125
5879.15283203125
5854.3037109375
5830.09423828125
5807.11279296875
5783.94189453125
5762.05712890625
5740.0126953125
