20000.0
20000.0
20000.0
20000.0
20000.0
20000.0
20000.0
20000.0
20000.0
20000.0
20000.0
20000.0
20000.0
20000.0
20000.0
20000.0
20000.0
20000.0
20000.0
20000.0
20000.0
20000.0
20000.0
19999.525390625
20000.0
20000.0
20000.0
20000.0
19999.998046875
20000.0
20000.0
20000.0
19999.98046875
20000.0
19274.08203125
18549.677734375
17787.615234375
16998.65625
16367.435546875
15824.630859375
15309.4609375
14833.3916015625
14514.4033203125
14177.0771484375
13711.087890625
13176.2294921875
12770.0244140625
12436.970703125
12141.7509765625
11839.265625
11517.6845703125
11224.7783203125
10949.869140625
10685.4716796875
10448.6162109375
10205.681640625
9996.37109375
9801.1513671875
9627.3681640625
9469.4697265625
9316.90625
9168.220703125
9013.0859375
8862.9619140625
8709.296875
8559.09375
8432.8779296875
8310.1396484375
8208.8583984375
8112.5703125
8022.56591796875
7925.94677734375
7823.73193359375
7725.46484375
7628.314453125
7538.93212890625
7451.9228515625
7368.06591796875
7296.248046875
7221.14453125
7151.603515625
7083.08203125
7019.5849609375
6956.6435546875
6896.14208984375
6839.59814453125
6783.1474609375
6730.40185546875
6677.72998046875
6626.91552734375
6582.44873046875
6534.84814453125
6490.3046875
6446.830078125
6408.84912109375
6369.89208984375
6331.3896484375
6294.896484375
6257.984375
6223.21337890625
6188.23193359375
6154.17822265625
6124.27197265625
6092.08544921875
6061.71484375
6030.80224609375
6001.4814453125
5972.18994140625
5943.734375
5917.12646484375
5890.53466796875
5865.6689453125
5840.76123046875
5816.59521484375
5795.47412109375
5772.80224609375
5751.53857421875
5730.3154296875
5710.392578125
5690.43212890625
5670.96728515625
5652.7529296875
5634.41162109375
5617.115234375
5599.72802734375
