20000.0
20000.0
19999.994140625
20000.0
20000.0
20000.0
20000.0
20000.0
20000.0
20000.0
20000.0
20000.0
20000.0
20000.0
20000.0
20000.0
20000.0
20000.0
20000.0
20000.0
20000.0
20000.0
20000.0
20000.0
20000.0
20000.0
20000.0
20000.0
20000.0
20000.0
20000.0
20000.0
20000.0
20000.0
20000.0
20000.0
20000.0
20000.0
20000.0
20000.0
20000.0
19999.9609375
20000.0
19999.8359375
19999.970703125
19999.998046875
20000.0
20000.0
20000.0
20000.0
19999.998046875
20000.0
20000.0
20000.0
20000.0
19917.859375
18932.109375
18064.333984375
17263.4453125
16579.09375
15942.091796875
15357.41796875
14848.869140625
14376.5810546875
13962.5263671875
13559.748046875
13179.9677734375
12857.7900390625
12525.4326171875
12224.8115234375
11933.4951171875
11666.3515625
11405.2333984375
11098.498046875
10830.3779296875
10591.0078125
10383.0869140625
10175.8125
9873.734375
9635.53125
9417.490234375
9228.74609375
9037.080078125
8859.6875
8674.00390625
8488.6669921875
8310.7548828125
8137.71826171875
7981.265625
7828.45703125
7677.8642578125
7546.8896484375
7400.01171875
7261.27392578125
7128.81005859375
7009.09033203125
6892.962890625
6781.07421875
6675.1240234375
6568.96240234375
6469.51171875
6368.97412109375
6266.66357421875
6173.8115234375
6072.74560546875
5976.66162109375
5879.43310546875
5787.3564453125
5700.4814453125
5620.017578125
5542.30859375
5461.8330078125
5384.73828125
5306.5673828125
5229.17041015625
5163.109375
5095.4169921875
5033.505859375
4972.5185546875
4915.9052734375
4863.2021484375
4812.15478515625
4765.65625
4723.03369140625
4683.9697265625
4644.48974609375
