20000.0
20000.0
20000.0
20000.0
20000.0
20000.0
20000.0
20000.0
20000.0
20000.0
20000.0
20000.0
20000.0
20000.0
20000.0
20000.0
20000.0
20000.0
20000.0
20000.0
20000.0
20000.0
20000.0
19999.994140625
20000.0
20000.0
20000.0
20000.0
20000.0
20000.0
20000.0
20000.0
20000.0
20000.0
20000.0
20000.0
20000.0
20000.0
19999.619140625
20000.0
20000.0
20000.0
20000.0
20000.0
20000.0
20000.0
20000.0
20000.0
20000.0
19999.998046875
19999.990234375
20000.0
20000.0
20000.0
19751.064453125
19081.318359375
18381.609375
17694.5859375
17053.80859375
16503.25390625
15984.103515625
15492.98046875
15024.14453125
14598.736328125
14223.3876953125
13847.6142578125
13484.419921875
13166.880859375
12840.5771484375
12541.1845703125
12245.5576171875
11972.6005859375
11705.107421875
11451.5966796875
11218.6572265625
10989.7060546875
10795.5068359375
10622.3515625
10450.865234375
10299.1708984375
10138.1513671875
9987.9345703125
9837.7197265625
9696.251953125
9554.095703125
9416.2978515625
9286.4384765625
9156.0361328125
9036.048828125
8923.8564453125
8812.3798828125
8711.2529296875
8599.912109375
8493.5
8385.4912109375
8277.453125
8165.27978515625
8058.84521484375
7960.70556640625
7862.6416015625
7770.615234375
7678.4521484375
7588.974609375
7510.15673828125
7425.06787109375
7344.71484375
7263.640625
7187.29296875
7110.5439453125
7035.09326171875
6962.9833984375
6889.45751953125
6819.41455078125
6747.880859375
6677.55908203125
6615.23046875
6547.810546875
6484.0439453125
6419.69873046875
6359.166015625
6298.40087890625
6238.755859375
6169.505859375
6091.2080078125
6018.72021484375
5949.611328125
