20000.0
20000.0
20000.0
19999.998046875
20000.0
20000.0
20000.0
20000.0
20000.0
20000.0
20000.0
20000.0
20000.0
20000.0
20000.0
20000.0
20000.0
20000.0
20000.0
20000.0
19999.97265625
20000.0
20000.0
20000.0
20000.0
20000.0
19999.935546875
19829.41796875
18799.193359375
17977.5
17221.9609375
16590.44140625
16011.6787109375
15503.0224609375
15020.4228515625
14585.7353515625
14200.2451171875
13831.953125
13502.310546875
13182.2734375
12878.1953125
12615.876953125
12347.9892578125
12108.6611328125
11868.07421875
11643.794921875
11423.185546875
11234.4326171875
11061.0263671875
10890.130859375
10730.91015625
10571.4814453125
10415.1689453125
10277.6611328125
10130.1904296875
9991.8251953125
9804.474609375
9629.408203125
9475.7890625
9335.1279296875
9206.4013671875
9079.1640625
8959.7099609375
8855.0537109375
8766.876953125
8688.4228515625
8601.41796875
8517.650390625
8431.0654296875
8332.28515625
8172.8271484375
8026.12939453125
7918.66259765625
7836.44140625
7773.4052734375
7710.70703125
7639.13037109375
7572.837890625
7504.17333984375
7435.31640625
7356.39453125
7278.76708984375
7203.40869140625
7131.7392578125
7065.12451171875
7000.39111328125
6944.15673828125
6894.1796875
6846.08056640625
6800.95703125
6748.08203125
6695.7470703125
6642.6064453125
6594.13427734375
6546.94921875
6501.8212890625
6458.994140625
6415.00634765625
6372.296875
6328.58251953125
6286.16845703125
6248.85888671875
6208.13671875
6168.5419921875
6127.11669921875
6086.4609375
6044.509765625
6002.69921875
5963.3994140625
5926.7890625
5894.0703125
5861.130859375
5828.08740234375
5798.09912109375
5764.642578125
5732.15283203125
5698.7607421875
5667.28173828125
5635.57470703125
5604.80908203125
5575.65380859375
5546.15185546875
5518.275390625
5490.1455078125
