20000.0
20000.0
20000.0
20000.0
20000.0
20000.0
20000.0
20000.0
20000.0
20000.0
20000.0
20000.0
20000.0
20000.0
20000.0
20000.0
20000.0
20000.0
20000.0
19998.97265625
20000.0
19999.7421875
19999.982421875
20000.0
20000.0
20000.0
19849.158203125
18805.3046875
17874.951171875
17105.619140625
16411.470703125
15603.0
14996.0537109375
14435.0654296875
13956.8818359375
13515.625
13111.27734375
12761.802734375
12431.5732421875
12032.419921875
11636.8583984375
11341.9677734375
11089.0947265625
10863.7373046875
10662.3837890625
10440.298828125
10237.68359375
10047.6796875
9879.2421875
9709.33984375
9543.2392578125
9393.1962890625
9249.7060546875
9117.3017578125
8986.4013671875
8858.0283203125
8742.2509765625
8609.505859375
8470.876953125
8324.0283203125
8184.55859375
8043.69873046875
7896.8232421875
7751.90673828125
7608.5439453125
7473.15576171875
7335.9189453125
7201.45849609375
7084.0009765625
6955.89599609375
6830.01025390625
6700.708984375
6584.15234375
6463.466796875
6343.666015625
6231.2197265625
6121.75927734375
6024.4384765625
5933.47412109375
5852.29833984375
5781.1455078125
5696.1533203125
5612.201171875
5525.376953125
5443.82373046875
5363.056640625
5286.177734375
5215.869140625
5145.9833984375
5081.349609375
5017.8994140625
4956.3486328125
4902.05615234375
4843.32861328125
4788.42041015625
4733.6435546875
4682.31298828125
4631.0537109375
4581.37451171875
4537.45068359375
4493.26025390625
4451.12353515625
4409.9091796875
4370.37841796875
4335.54638671875
4297.6044921875
4261.36669921875
4224.4130859375
4188.97412109375
4152.80908203125
4117.2734375
4083.568115234375
4049.48193359375
4016.918701171875
3983.928466796875
3950.698974609375
3921.5126953125
3889.95703125
3860.12109375
3829.981201171875
3801.30224609375
3771.947998046875
3742.59033203125
3714.338134765625
3685.341552734375
3656.2607421875
3624.779296875
