20000.0
20000.0
20000.0
20000.0
20000.0
20000.0
20000.0
20000.0
20000.0
20000.0
20000.0
20000.0
20000.0
20000.0
20000.0
20000.0
20000.0
20000.0
20000.0
20000.0
20000.0
20000.0
20000.0
20000.0
20000.0
20000.0
20000.0
20000.0
20000.0
20000.0
20000.0
20000.0
20000.0
20000.0
20000.0
20000.0
20000.0
19999.97265625
19999.998046875
20000.00390625
20000.0
20000.0
19999.99609375
19999.98046875
19999.984375
20000.0
20000.013671875
20000.0
20000.0
20000.001953125
20000.0
20000.0
20000.0
20000.0
20000.0
20000.0
20000.0
20000.0
20000.0
20000.0
19999.998046875
20000.0
20000.0
20000.0
20000.0
20000.0
20000.0
20000.0
20000.0
19999.57421875
20000.0
20000.0
19999.998046875
19798.32421875
19436.845703125
19071.501953125
18701.1875
18259.4453125
17778.6015625
17381.197265625
17009.693359375
16673.171875
16355.0693359375
16047.0810546875
15756.0322265625
15456.1123046875
15181.6513671875
14924.458984375
14683.5888671875
14476.91796875
14262.2705078125
14073.9140625
13896.6787109375
13737.1533203125
13580.419921875
13431.1767578125
13299.4677734375
13171.033203125
13049.091796875
12929.4736328125
12814.9541015625
12714.07421875
12604.83203125
12499.3916015625
12390.12890625
12284.9033203125
12176.44921875
12072.666015625
11975.51171875
11875.4521484375
11779.0185546875
11680.138671875
11582.544921875
11496.322265625
11403.5771484375
11314.64453125
11225.8525390625
11142.421875
11058.5517578125
10977.03515625
10900.2255859375
10823.0908203125
10750.75390625
10678.1943359375
