20000.0
20000.0
20000.0
20000.0
20000.0
20000.0
20000.0
20000.0
20000.0
20000.0
20000.0
20000.0
20000.0
20000.0
20000.0
20000.0
20000.0
20000.0
20000.0
20000.0
20000.0
20000.0
20000.0
20000.0
20000.0
19999.548828125
20000.0
20000.0
20000.0
20000.0
20000.0
20000.0
20000.0
20000.0
20000.0
20000.0
20000.0
20000.0
20000.0
20000.0
20000.0
20000.0
20000.0
20000.0
20000.0
20000.0
20000.0
20000.0
20000.0
20000.0
20000.0
19999.681640625
20000.0
19999.99609375
20000.0
20000.0
19371.400390625
18696.08984375
18095.2578125
17598.25390625
17183.439453125
16800.515625
16465.72265625
16136.0830078125
15825.998046875
15560.267578125
15272.75
15006.994140625
14757.0595703125
14539.6953125
14323.9443359375
14118.310546875
13933.294921875
13751.9765625
13583.611328125
13415.9951171875
13255.087890625
13112.4697265625
12958.154296875
12813.08203125
12666.783203125
12528.591796875
12388.638671875
12250.306640625
12117.4189453125
11980.322265625
11846.7529296875
11709.4365234375
11576.85546875
11458.5908203125
11328.326171875
11197.8193359375
11063.013671875
10934.3359375
10801.9599609375
10669.267578125
10539.8525390625
10405.9736328125
10273.6953125
10138.23828125
10003.3427734375
9882.046875
9740.4384765625
9596.7607421875
9451.0
9312.845703125
9172.9482421875
9034.9169921875
8900.5693359375
8776.3134765625
8662.640625
8548.0068359375
8435.5322265625
8337.1455078125
8231.857421875
8133.28369140625
8039.5390625
7954.02587890625
7867.24755859375
7776.33203125
7689.21484375
7604.56201171875
7527.19775390625
7451.59521484375
