20000.0
20000.0
20000.0
20000.0
20000.0
20000.0
20000.0
20000.0
20000.0
20000.0
20000.0
20000.0
20000.0
20000.0
20000.0
20000.0
20000.0
20000.0
20000.0
20000.0
20000.0
20000.0
20000.0
20000.0
20000.0
20000.0
20000.0
20000.0
20000.0
20000.0
20000.0
20000.0
20000.0
19999.99609375
20000.0
19999.998046875
20000.0
20000.0
19999.998046875
20000.0
19998.1875
20000.0
20000.0
20000.0
19999.998046875
19999.998046875
20000.0
19999.998046875
20000.0
19999.99609375
20000.0
20000.0
20000.0
20000.0
20000.0
20000.0
20000.0
20000.0
19903.759765625
19472.265625
19054.17578125
18626.591796875
18228.41796875
17829.693359375
17443.943359375
17107.64453125
16748.62109375
16414.533203125
16070.455078125
15742.2548828125
15424.275390625
15129.1552734375
14860.3037109375
14587.744140625
14323.123046875
14056.2255859375
13802.7548828125
13599.626953125
13375.0078125
13153.9775390625
12929.05859375
12715.291015625
12479.1298828125
12215.3212890625
11995.41015625
11785.7255859375
11607.5576171875
11437.310546875
11277.763671875
11137.998046875
10985.9150390625
10836.048828125
10682.609375
10538.23828125
10393.7744140625
10254.6533203125
10121.123046875
9986.84765625
9867.4560546875
9752.3896484375
9642.6279296875
9547.0146484375
9443.55078125
9338.962890625
9200.130859375
9058.6787109375
8927.439453125
8812.6181640625
8711.0224609375
8611.0654296875
8515.353515625
8417.32421875
8325.279296875
8245.6064453125
8154.05029296875
8061.83349609375
7966.7568359375
7876.4384765625
7785.1533203125
7696.6669921875
7613.8544921875
7531.02587890625
7451.6982421875
7364.27978515625
