20000.0
20000.0
20000.0
20000.0
20000.0
20000.0
20000.0
20000.0
20000.0
20000.0
20000.0
20000.0
20000.0
20000.0
20000.0
20000.0
20000.0
20000.0
20000.0
20000.0
20000.0
20000.0
20000.0
20000.0
19999.9921875
19999.98828125
20000.0
19999.890625
20000.0
20000.0
20000.0
20000.0
20000.0
20000.0
20000.0
20000.0
20000.0
19458.751953125
18886.673828125
18312.61328125
17728.96484375
17218.8671875
16681.8125
16192.4326171875
15711.61328125
15263.25390625
14810.8525390625
14378.32421875
13993.439453125
13616.458984375
13262.046875
12910.6328125
12579.466796875
12312.9892578125
12014.4619140625
11728.421875
11442.77734375
11207.1796875
10991.2197265625
10781.9091796875
10573.3056640625
10323.9384765625
10116.0517578125
9913.5234375
9717.890625
9546.5751953125
9364.4052734375
9195.9775390625
9029.4951171875
8874.001953125
8712.4189453125
8566.9638671875
8436.1533203125
8307.5810546875
8186.5576171875
8041.07763671875
7878.32421875
7743.02294921875
7610.0595703125
7494.19482421875
7378.47998046875
7270.38232421875
7157.1806640625
7042.7490234375
6924.4482421875
6804.70166015625
6695.748046875
6589.71435546875
6488.775390625
6398.6005859375
6298.57177734375
6207.216796875
6117.09521484375
6032.55908203125
5947.46435546875
5864.4873046875
5786.45458984375
5707.56787109375
5632.3603515625
5556.3388671875
5482.24951171875
5419.00830078125
5349.45068359375
5281.32861328125
5210.37744140625
5146.09912109375
5079.64013671875
5011.998046875
4945.61474609375
4877.11328125
4812.4736328125
4749.193359375
4689.591796875
4639.67333984375
4582.2958984375
4526.48193359375
4468.98681640625
4415.111328125
4361.1904296875
4308.98779296875
4260.2060546875
4211.224609375
4164.7373046875
4117.30078125
