20000.0
20000.0
20000.0
20000.0
20000.0
20000.0
20000.0
20000.0
20000.0
20000.0
20000.0
20000.0
20000.0
20000.0
20000.0
20000.0
20000.0
20000.0
20000.0
20000.0
20000.0
20000.0
20000.0
20000.0
20000.0
20000.0
20000.0
20000.0
20000.0
20000.0
20000.0
20000.0
20000.0
20000.0
20000.0
20000.0
20000.0
20000.0
19999.990234375
20000.001953125
20000.0
20000.0
20000.0
20000.0
19999.998046875
20000.0
19999.990234375
20000.0
20000.009765625
20000.001953125
20000.0
20000.0
20000.0
20000.0
20000.0
20000.0
20000.0
20000.0
20000.0
20000.0
20000.0
19999.998046875
20000.0
20000.0
20000.0
20000.0
20000.0
20000.0
20000.0
20000.0
19996.15625
20000.0
19999.998046875
19905.599609375
19504.5625
19092.173828125
18709.271484375
18342.46484375
17992.61328125
17482.654296875
17035.0625
16674.70703125
16362.4921875
16049.2978515625
15744.4658203125
15452.1357421875
15158.51953125
14887.07421875
14626.4267578125
14385.400390625
14174.1005859375
13948.5888671875
13745.1240234375
13556.2685546875
13391.4951171875
13240.7138671875
13097.2919921875
12965.1396484375
12838.810546875
12723.9609375
12609.9501953125
12498.8212890625
12400.296875
12292.28515625
12187.7607421875
12080.279296875
11976.8369140625
11868.7666015625
11759.255859375
11653.8984375
11547.0625
11444.9541015625
11341.001953125
11238.6845703125
11147.6767578125
11047.8759765625
10951.052734375
10851.390625
10755.857421875
10663.34765625
10572.404296875
10484.548828125
10395.1025390625
10309.400390625
10222.8359375
