20000.0
20000.0
20000.0
20000.0
20000.0
20000.0
20000.0
20000.0
20000.0
20000.0
20000.0
20000.0
20000.0
20000.0
20000.0
20000.0
20000.0
20000.0
20000.0
20000.0
20000.0
20000.0
20000.0
20000.0
20000.0
20000.0
20000.0
20000.0
20000.0
20000.0
20000.0
20000.0
19999.927734375
20000.0
20000.0
19999.99609375
20000.0
20000.0
20000.0
20000.013671875
20000.0
20000.0
20000.001953125
20000.0
19999.99609375
20000.0
20000.0
20000.0
20000.0
20000.0
20000.0
19999.998046875
20000.0
20000.0
20000.0
20000.0
19999.994140625
20000.0
20000.0
20000.0
19471.037109375
18939.953125
18485.654296875
18085.57421875
17703.712890625
17348.90625
17049.923828125
16741.099609375
16467.53515625
16227.2802734375
16014.810546875
15789.708984375
15459.1845703125
15168.2666015625
14918.9873046875
14708.15234375
14504.416015625
14297.0546875
14115.791015625
13921.595703125
13720.5380859375
13506.5244140625
13307.3671875
13116.7265625
12938.9853515625
12775.931640625
12598.1875
12415.20703125
12220.7958984375
12029.619140625
11864.9658203125
11704.2236328125
11558.7109375
11413.8193359375
11276.7890625
11141.09375
11003.3623046875
10868.2900390625
10729.181640625
10595.8203125
10460.9091796875
10330.0458984375
10216.3466796875
10095.6318359375
9984.2158203125
9866.900390625
9743.5673828125
9612.236328125
9481.19921875
9357.30078125
9231.4423828125
9112.1103515625
8991.70703125
8873.7646484375
8769.08203125
8654.3330078125
8542.0595703125
8425.6318359375
8312.9287109375
8196.763671875
8083.208984375
7976.2197265625
7867.49853515625
7763.98095703125
7658.54931640625
