20000.0
20000.0
20000.0
20000.0
20000.0
20000.0
20000.0
20000.0
20000.0
20000.0
20000.0
20000.0
20000.0
20000.0
20000.0
20000.0
20000.0
20000.0
20000.0
20000.0
20000.0
20000.0
20000.0
20000.0
20000.0
20000.0
20000.0
20000.0
20000.0
20000.0
20000.0
20000.0
20000.0
20000.0
20000.0
20000.0
20000.001953125
19999.97265625
20000.0
20000.0
20000.0
20000.0
20000.0
20000.0
20000.0
20000.0
20000.0
20000.0
20000.0
20000.0
20000.0
20000.0
20000.0
19999.998046875
20000.0
20000.0
20000.0
20000.0
20000.0
20000.0
19802.009765625
19357.892578125
18949.037109375
18550.791015625
18056.876953125
17625.919921875
17236.916015625
16894.16796875
16560.48046875
16254.7431640625
15956.2255859375
15673.6962890625
15437.00390625
15231.3779296875
15051.9462890625
14869.0478515625
14597.0830078125
14316.3056640625
14011.92578125
13768.15625
13580.203125
13414.6708984375
13245.7314453125
13068.2900390625
12893.1123046875
12715.3583984375
12547.9873046875
12379.255859375
12220.845703125
12087.66796875
11958.7451171875
11841.5185546875
11730.7841796875
11634.5126953125
11542.162109375
11455.623046875
11376.4755859375
11300.705078125
11232.373046875
11164.27734375
11097.86328125
11039.2763671875
10976.1279296875
10916.3740234375
10855.9638671875
10798.697265625
10741.1572265625
10685.080078125
10632.4130859375
10579.3115234375
10529.0751953125
10478.2373046875
10428.2099609375
10382.443359375
10331.95703125
10283.8505859375
10235.193359375
10188.9990234375
10142.4091796875
10096.7666015625
10053.7255859375
10010.376953125
9968.4345703125
9923.775390625
