20000.0
20000.0
20000.0
20000.0
20000.0
20000.0
20000.0
20000.0
20000.0
20000.0
20000.0
20000.0
20000.0
20000.0
20000.0
20000.0
20000.0
20000.0
20000.0
20000.0
20000.0
20000.0
20000.0
20000.0
20000.0
20000.0
20000.0
20000.0
20000.0
20000.0
20000.0
20000.0
19995.6328125
20000.0
19999.90234375
20000.0
20000.0
19999.998046875
19999.99609375
20000.013671875
20000.005859375
20000.0
20000.001953125
20000.0
20000.0
20000.0
20000.0
19999.998046875
20000.0
20000.0
20000.0
20000.0
20000.0
20000.0
20000.0
20000.0
20000.0
20000.0
20000.0
20000.0
20000.0
19999.99609375
20000.0
20000.0
20000.0
20000.0
20000.0
20000.0
20000.0
20000.0
20000.0
20000.0
20000.001953125
20000.0
19840.177734375
19390.146484375
18934.16796875
18532.7265625
18128.0859375
17775.00390625
17429.021484375
17120.55859375
16829.099609375
16559.75390625
16317.376953125
16078.181640625
15852.927734375
15625.1357421875
15400.017578125
15197.8740234375
14975.5908203125
14765.9560546875
14550.3935546875
14337.9853515625
14115.3974609375
13891.2177734375
13672.392578125
13443.6484375
13229.6708984375
13017.103515625
12810.81640625
12625.6748046875
12423.732421875
12227.2763671875
12007.890625
11788.65234375
11565.783203125
11350.6337890625
11157.7587890625
10971.609375
10797.470703125
10626.9970703125
10474.3916015625
10338.943359375
10191.7119140625
10052.107421875
9856.8974609375
9660.7880859375
9472.1083984375
9297.4677734375
9138.6806640625
8983.63671875
8841.1025390625
8700.7109375
