20000.0
20000.0
20000.0
20000.0
20000.0
20000.0
20000.0
20000.0
20000.0
20000.0
20000.0
20000.0
20000.0
20000.0
20000.0
20000.0
20000.0
20000.0
20000.0
20000.0
20000.0
20000.0
20000.0
20000.0
20000.0
20000.0
20000.0
20000.0
20000.0
19999.998046875
19999.990234375
19999.970703125
20000.0
20000.0
20000.0
20000.0
20000.0
20000.0
20000.0
20000.0
20000.0
20000.0
20000.0
20000.0
20000.0
19999.998046875
20000.0
20000.0
20000.0
20000.0
20000.0
20000.0
19522.525390625
18724.525390625
17985.259765625
17228.662109375
16485.3671875
15886.134765625
15355.5498046875
14871.2412109375
14389.6533203125
13917.427734375
13489.8037109375
13114.5390625
12786.1162109375
12388.8330078125
12030.43359375
11749.2294921875
11455.7939453125
11174.1943359375
10873.2236328125
10593.4716796875
10320.4951171875
10069.2041015625
9842.8623046875
9622.294921875
9416.7939453125
9214.9794921875
9019.9658203125
8848.87109375
8661.07421875
8481.2138671875
8299.4189453125
8128.87841796875
7957.03759765625
7782.744140625
7614.38330078125
7443.60888671875
7282.94677734375
7122.3662109375
6966.587890625
6825.8623046875
6689.51318359375
6557.466796875
6420.97021484375
6288.94482421875
6153.21923828125
6016.802734375
5886.74365234375
5755.8876953125
5631.9033203125
5506.7255859375
5385.18896484375
5279.8662109375
5167.86865234375
5070.02392578125
4973.396484375
4883.25
4793.09912109375
4706.130859375
4624.9775390625
4541.62744140625
4464.14501953125
4387.7548828125
4315.0205078125
4252.3564453125
4186.25341796875
4124.80859375
4063.7060546875
4006.489013671875
3950.202392578125
3896.709228515625
3846.555908203125
3796.54443359375
3750.308837890625
3706.624755859375
