20000.0
20000.0
20000.0
20000.0
20000.0
20000.0
19999.998046875
20000.0
20000.0
20000.0
20000.0
20000.0
20000.0
20000.0
20000.0
20000.0
20000.0
20000.0
20000.0
20000.0
20000.0
20000.0
20000.0
20000.0
20000.0
20000.0
19999.994140625
20000.0
20000.0
20000.0
20000.0
20000.0
20000.0
20000.0
20000.0
20000.0
20000.0
20000.0
20000.0
20000.0
20000.0
20000.0
20000.0
20000.0
20000.0
20000.0
20000.0
20000.0
20000.0
20000.0
20000.0
20000.0
20000.0
20000.0
20000.0
20000.0
20000.0
20000.0
20000.0
20000.0
20000.0
20000.0
20000.0
20000.0
20000.0
20000.0
20000.0
20000.0
19999.998046875
19999.935546875
20000.0
20000.0
20000.0
20000.0
20000.0
20000.0
20000.0
20000.01953125
20000.0
19999.994140625
20000.015625
20000.0
20000.0
20000.009765625
20000.0
20000.00390625
20000.0
19623.373046875
19004.28515625
18474.94921875
17927.97265625
17444.376953125
16983.63671875
16570.73046875
16167.3564453125
15785.328125
15434.3486328125
15088.85546875
14768.8359375
14454.0224609375
14201.93359375
13987.0400390625
13752.94921875
13529.46484375
13293.3271484375
13063.580078125
12838.51953125
12625.6806640625
12429.77734375
12236.412109375
12056.888671875
11878.158203125
11705.4921875
11541.5634765625
11319.732421875
11143.0419921875
10973.9794921875
10817.265625
10662.486328125
10523.2861328125
10396.6826171875
10271.8681640625
10139.6396484375
9936.4150390625
