20000.0
20000.0
20000.0
20000.0
20000.0
20000.0
20000.0
20000.0
20000.0
20000.0
20000.0
20000.0
20000.0
20000.0
20000.0
20000.0
20000.0
20000.0
20000.0
20000.0
20000.0
20000.001953125
20000.0
20000.0
20000.0
19999.98046875
20000.0
20000.0
19999.9765625
20000.0
20000.0
20000.0
20000.0
19708.484375
18975.5859375
18299.47265625
17694.30078125
17102.482421875
16558.943359375
16048.7685546875
15578.396484375
15180.1396484375
14772.2109375
14347.7353515625
13875.5595703125
13499.87109375
13147.60546875
12822.80078125
12540.736328125
12327.4873046875
12134.0576171875
11935.322265625
11672.9921875
11411.591796875
11183.21484375
11015.0556640625
10859.4326171875
10705.498046875
10534.228515625
10363.544921875
10210.7431640625
10067.787109375
9940.4189453125
9816.916015625
9699.81640625
9599.76171875
9497.3203125
9406.78515625
9313.9658203125
9223.015625
9128.2138671875
9037.0986328125
8951.2978515625
8865.439453125
8784.7216796875
8704.0693359375
8626.5810546875
8559.18359375
8487.64453125
8421.1748046875
8355.3984375
8294.5595703125
8234.130859375
8176.21923828125
8122.478515625
8069.06591796875
8019.2109375
7969.43994140625
7920.14111328125
7865.82958984375
7803.841796875
7741.9189453125
7674.22509765625
7605.52783203125
7531.736328125
7452.57080078125
7369.3251953125
7278.37353515625
7187.34619140625
7089.0654296875
6985.98388671875
6889.42578125
6779.68310546875
6672.5576171875
6554.00537109375
6438.9912109375
6323.57373046875
6211.87890625
6106.83544921875
5999.89501953125
5897.55810546875
5793.7958984375
5692.9873046875
5604.92431640625
5510.4404296875
5421.2666015625
5331.2548828125
5246.07373046875
5160.1162109375
5085.1962890625
5019.4638671875
4949.16162109375
4879.71630859375
4807.0517578125
