20000.0
20000.0
20000.0
20000.0
20000.0
20000.0
20000.0
20000.0
20000.0
20000.0
20000.0
20000.0
20000.0
20000.0
20000.0
20000.0
20000.0
20000.0
19999.998046875
20000.0
20000.0
20000.0
19999.8671875
20000.015625
20000.0
20000.0
20000.0
19999.896484375
20000.0
20000.0
20000.01953125
20000.005859375
20000.0
20000.0
20000.0
19999.998046875
20000.0
20000.0
20000.0
20000.0
20000.0
20000.0
19578.279296875
18780.98828125
18036.236328125
17575.091796875
16851.306640625
16122.2568359375
15535.1357421875
14906.4697265625
14377.6865234375
13907.8818359375
13522.0
13226.1259765625
12924.3134765625
12650.8212890625
12402.1591796875
12182.7822265625
11966.8974609375
11761.390625
11572.43359375
11386.947265625
11216.3359375
11049.2255859375
10870.3525390625
10713.1337890625
10551.9169921875
10407.748046875
10268.236328125
10136.9306640625
10003.5576171875
9870.8779296875
9739.962890625
9602.1259765625
9467.564453125
9325.9716796875
9182.822265625
9053.3720703125
8908.626953125
8767.6982421875
8618.455078125
8470.40625
8305.6396484375
8140.56591796875
7984.13232421875
7826.55322265625
7676.01904296875
7521.35986328125
7369.32861328125
7235.005859375
7090.611328125
6960.8720703125
6846.642578125
6732.48193359375
6611.68505859375
6492.63525390625
6378.998046875
6264.95654296875
6157.52392578125
6049.53662109375
5944.93603515625
5852.82470703125
5754.44287109375
5662.56201171875
5570.37353515625
5487.31396484375
5402.26220703125
5318.7822265625
5239.77734375
5159.728515625
5084.0185546875
5010.45068359375
4941.90478515625
4880.6806640625
4815.7939453125
4755.60205078125
4695.33056640625
4638.677734375
4581.15185546875
4524.06982421875
4470.61181640625
4417.40576171875
4367.58154296875
4317.66455078125
