20000.0
20000.0
20000.0
20000.0
20000.0
20000.0
20000.0
20000.0
20000.0
20000.0
20000.0
20000.0
20000.0
20000.0
20000.0
20000.0
20000.0
20000.0
20000.0
20000.0
20000.0
20000.0
20000.001953125
20000.0
20000.0
20000.0
20000.0
20000.0
20000.0
20000.0
20000.005859375
20000.001953125
20000.0
20000.0
19999.990234375
20000.0
20000.0
20000.0
20000.0
19999.998046875
19999.998046875
19999.994140625
20000.0
19999.6484375
20000.0
19011.19921875
17890.0625
16926.578125
16157.1279296875
15536.08203125
15069.6513671875
14676.6337890625
14318.53515625
14011.064453125
13683.12890625
13349.111328125
13028.66796875
12743.13671875
12466.3544921875
12199.1513671875
11944.828125
11688.037109375
11447.9248046875
11207.61328125
10974.7451171875
10769.9443359375
10548.814453125
10338.541015625
10125.1005859375
9904.36328125
9678.0283203125
9456.296875
9245.158203125
9029.0185546875
8823.1328125
8616.666015625
8444.658203125
8283.54296875
8103.77197265625
7932.21630859375
7761.0009765625
7599.2509765625
7438.07958984375
7281.955078125
7134.65966796875
6988.03369140625
6853.25439453125
6720.865234375
6591.67529296875
6477.27490234375
6355.11376953125
6240.61279296875
6125.8115234375
6019.66259765625
5914.90380859375
5814.7197265625
5721.68212890625
5630.61865234375
5539.626953125
5450.29345703125
5365.99951171875
5293.4326171875
5216.623046875
5149.9609375
5081.939453125
5018.2197265625
4955.0146484375
4894.27392578125
4837.55712890625
4780.30419921875
4725.943359375
4670.90478515625
4616.9697265625
4569.1875
4517.591796875
4468.931640625
4421.1318359375
4378.98388671875
4336.55908203125
4294.68994140625
4252.65673828125
4204.13818359375
4157.0625
4109.96630859375
