20000.0
20000.0
20000.0
20000.0
20000.0
20000.0
19843.76171875
19819.177734375
20000.0
20000.0
20000.0
20000.0
20000.0
20000.0
20000.0
20000.0
20000.0
20000.0
19999.998046875
20000.0
20000.0
19999.998046875
20000.0
20000.0
20000.0
20000.0
20000.0
20000.0
20000.0
20000.0
19999.986328125
20000.0
20000.0
20000.0
20000.0
20000.0
20000.0
20000.0
20000.0
20000.0
19999.98828125
20000.0
20000.0
20000.0
19773.16796875
19142.5546875
18468.1640625
17717.853515625
17042.603515625
16387.708984375
15747.51171875
15152.7919921875
14614.0029296875
14146.470703125
13696.78515625
13257.8642578125
12881.66796875
12499.458984375
12159.9580078125
11853.646484375
11577.7001953125
11290.3017578125
11011.1591796875
10751.033203125
10493.5908203125
10256.6376953125
10024.1689453125
9836.24609375
9681.6181640625
9515.943359375
9359.86328125
9202.86328125
9054.888671875
8906.2822265625
8761.779296875
8622.5576171875
8484.271484375
8356.1103515625
8228.857421875
8104.7763671875
7995.0224609375
7876.34619140625
7764.5400390625
7652.16650390625
7546.20654296875
7439.87939453125
7336.22802734375
7238.4404296875
7140.03955078125
7052.86474609375
6968.8212890625
6884.537109375
6808.16357421875
6724.13330078125
6642.6220703125
6553.64013671875
6471.12060546875
6390.1416015625
6312.59716796875
6240.1845703125
6167.71728515625
6099.72119140625
6031.31005859375
5964.56982421875
5905.4501953125
5841.4423828125
5780.45263671875
5718.07568359375
5658.7177734375
5598.58935546875
5539.85400390625
5484.01806640625
5428.14306640625
5375.330078125
5321.62939453125
5268.77880859375
5221.69482421875
5170.203125
5121.005859375
5070.8759765625
5023.1064453125
4974.58837890625
4926.955078125
4881.712890625
4835.88671875
4792.4833984375
4748.6591796875
