20000.0
20000.0
20000.0
20000.0
20000.0
20000.0
20000.0
20000.0
20000.0
20000.0
20000.0
20000.0
20000.0
20000.0
20000.0
20000.0
20000.0
20000.0
20000.0
20000.0
19999.951171875
20000.0
20000.0
19999.17578125
20000.0
20000.0
20000.0
20000.0
20000.0
20000.0
20000.0
20000.0
19999.9921875
20000.0
20000.0
20000.0
20000.0
20000.0
20000.0
20000.0
20000.0
19056.05859375
17976.328125
16997.3125
16077.916015625
15344.0712890625
14755.72265625
14315.642578125
13946.43359375
13609.525390625
13301.0439453125
12995.1650390625
12684.6865234375
12389.3173828125
12120.0654296875
11891.5107421875
11649.0302734375
11417.4892578125
11181.150390625
10958.8798828125
10735.3291015625
10517.6884765625
10311.3779296875
10101.6220703125
9901.947265625
9691.9921875
9470.0390625
9270.556640625
9054.6640625
8848.1103515625
8636.9462890625
8438.6220703125
8256.7998046875
8082.712890625
7912.439453125
7737.751953125
7573.87060546875
7409.2333984375
7250.36181640625
7111.63232421875
6963.4208984375
6825.669921875
6691.88671875
6566.3310546875
6436.49072265625
6310.349609375
6192.33203125
6075.34423828125
5967.0341796875
5859.30224609375
5755.85595703125
5664.31640625
5564.9375
5470.86669921875
5378.953125
5294.57177734375
5211.0751953125
5130.763671875
5059.8779296875
4988.78857421875
4921.73876953125
4856.30126953125
4793.0498046875
4737.1533203125
4676.6044921875
4619.650390625
4561.9951171875
4507.3955078125
4451.73291015625
4401.97705078125
4355.69287109375
4308.8984375
4255.8955078125
4200.98193359375
4148.20849609375
4102.470703125
4054.079345703125
4009.065673828125
3964.3447265625
3922.5927734375
3880.8759765625
3840.88134765625
3803.94921875
3767.505859375
3733.66748046875
3700.0791015625
