20000.0
20000.0
20000.0
20000.0
20000.0
20000.0
20000.0
20000.0
20000.0
20000.0
20000.0
20000.0
20000.0
20000.0
20000.0
20000.0
20000.0
20000.0
20000.0
20000.0
20000.0
19999.68359375
20000.0
20000.0
20000.0
19999.814453125
20000.0
20000.0
20000.0
20000.0
20000.0
20000.0
20000.0
20000.0
19999.998046875
20000.0
20000.0
20000.0
20000.0
20000.0
19999.994140625
19997.69921875
20000.0
20000.0
20000.0
20000.0
19118.845703125
18170.40625
17514.16796875
16961.794921875
16413.1640625
15867.83203125
15365.3466796875
14934.990234375
14478.2880859375
14062.7841796875
13658.2587890625
13288.736328125
12927.349609375
12584.4921875
12255.7607421875
11923.240234375
11611.98046875
11300.4033203125
10996.0537109375
10734.6982421875
10476.0380859375
10220.0546875
9956.1220703125
9708.373046875
9460.845703125
9222.0185546875
9000.0849609375
8777.9619140625
8575.7470703125
8374.826171875
8181.52001953125
8011.2724609375
7831.19287109375
7664.71630859375
7501.103515625
7351.15478515625
7203.587890625
7061.0888671875
6922.12548828125
6786.37744140625
6662.38671875
6540.68408203125
6424.2109375
6323.20849609375
6215.73681640625
6116.09033203125
6016.0263671875
5922.13623046875
5827.888671875
5737.14208984375
5655.4140625
5578.27587890625
5505.490234375
5431.41455078125
5346.666015625
5274.2314453125
5196.33447265625
5124.34814453125
5054.537109375
4990.03857421875
4925.76953125
4863.7099609375
4806.2080078125
4749.8681640625
4697.9677734375
4646.9619140625
4602.05810546875
4563.66650390625
4522.27880859375
4483.115234375
4443.5869140625
4406.2119140625
4368.58349609375
4332.0107421875
4297.576171875
4262.796875
4229.75732421875
4196.29443359375
