20000.0
20000.0
20000.0
20000.0
20000.0
20000.0
20000.0
20000.0
20000.0
20000.0
20000.0
20000.0
20000.0
20000.0
20000.0
20000.0
20000.0
20000.0
20000.0
20000.0
20000.0
19999.099609375
20000.0
20000.0
20000.0
20000.0
20000.025390625
20000.0
20000.001953125
20000.0
19999.9921875
19999.99609375
20000.0
20000.0
20000.0
20000.0
19999.998046875
20000.0
20000.0
20000.0
19552.81640625
18302.560546875
17170.744140625
16413.568359375
15817.72265625
15332.65625
14850.2763671875
14353.7490234375
13908.1083984375
13483.5673828125
13091.8984375
12710.6943359375
12351.8076171875
12044.9638671875
11723.9228515625
11431.23828125
11142.52734375
10872.24609375
10595.271484375
10328.3076171875
10078.6943359375
9827.8974609375
9592.107421875
9379.125
9159.8642578125
8961.0751953125
8745.26953125
8545.1103515625
8346.6474609375
8158.89501953125
7973.2900390625
7795.86083984375
7630.66162109375
7471.0517578125
7323.14306640625
7176.64599609375
7034.3935546875
6911.431640625
6781.54931640625
6660.8994140625
6541.193359375
6430.9296875
6322.78662109375
6219.59326171875
6120.7919921875
6019.9296875
5927.310546875
5836.498046875
5749.7529296875
5674.0185546875
5593.0966796875
5517.35791015625
5441.490234375
5370.86767578125
5300.18994140625
5231.20166015625
5166.09765625
5104.67431640625
5045.62451171875
4990.63623046875
4939.45068359375
4894.84814453125
4845.72216796875
4797.11083984375
4739.27978515625
4683.0791015625
4626.88623046875
4572.70703125
4521.95751953125
4471.3076171875
4423.89453125
4376.5458984375
4330.53076171875
4290.43359375
4248.1083984375
4209.09130859375
4170.5478515625
4136.97412109375
4105.39794921875
4074.81005859375
4045.6162109375
4015.948486328125
3987.730224609375
3959.167724609375
