20000.0
20000.0
20000.0
20000.0
20000.0
20000.0
20000.0
20000.0
20000.0
20000.0
20000.0
20000.0
20000.0
20000.0
20000.0
20000.0
20000.0
20000.0
20000.0
20000.0
20000.0
20000.0
20000.0
20000.0
20000.0
20000.0
20000.0
20000.0
20000.0
20000.0
20000.0
19998.66015625
20000.0
20000.0
20000.0
20000.0
19999.998046875
20000.0
20000.0
20000.0
20000.0
20000.0
19861.828125
19540.068359375
19219.373046875
18936.78515625
18645.462890625
18363.28125
18105.240234375
17871.69921875
17697.501953125
17384.189453125
16958.568359375
16546.431640625
16063.5712890625
15608.0078125
15140.4072265625
14711.447265625
14287.8037109375
13897.724609375
13499.88671875
13130.93359375
12812.7490234375
12505.0185546875
12216.2138671875
11930.28515625
11653.8564453125
11410.9521484375
11155.732421875
10943.3076171875
10727.8310546875
10521.90625
10315.2724609375
10116.236328125
9958.5234375
9807.66796875
9664.365234375
9518.794921875
9376.779296875
9248.8828125
9112.2451171875
8984.24609375
8855.841796875
8735.0615234375
8613.44140625
8494.716796875
8382.0498046875
8267.6484375
8159.00439453125
8048.72998046875
7940.55908203125
7845.35205078125
7742.55712890625
7645.384765625
7547.357421875
7454.62158203125
7360.9453125
7268.52197265625
7181.49462890625
7094.2802734375
7012.1142578125
6928.87060546875
6847.52734375
6775.5732421875
6698.1455078125
6625.046875
6551.22998046875
6481.35791015625
6414.1708984375
6351.9921875
6291.4521484375
6227.927734375
6166.34423828125
6103.09619140625
6040.43994140625
5984.591796875
5923.732421875
5865.7705078125
5806.83154296875
5750.72314453125
5693.87353515625
5632.6728515625
5575.10107421875
5518.30224609375
5465.498046875
5412.703125
