20000.0
20000.0
20000.0
20000.0
20000.0
20000.0
20000.0
20000.0
20000.0
20000.0
20000.0
20000.0
20000.0
20000.0
20000.0
20000.0
20000.0
20000.0
20000.0
20000.0
20000.0
20000.0
20000.0
20000.0
20000.0
20000.0
20000.0
20000.0
20000.0
20000.0
20000.0
20000.0
20000.0
20000.0
20000.0
20000.0
19999.98828125
20000.0
20000.0
20000.0
19999.98828125
20000.0
20000.0
20000.0
20000.0
20000.0
19999.998046875
20000.0
19999.99609375
20000.0
20000.0
20000.0
20000.0
20000.0
20000.0
19325.30859375
18580.65625
17883.0390625
17269.986328125
16698.08984375
16139.1181640625
15616.0244140625
15131.5625
14703.998046875
14291.439453125
13897.3564453125
13554.205078125
13195.0224609375
12863.1669921875
12546.0419921875
12263.7744140625
11989.841796875
11730.439453125
11490.3046875
11278.9287109375
11099.828125
10929.8046875
10760.3427734375
10607.49609375
10440.751953125
10266.369140625
10095.439453125
9939.9443359375
9787.1982421875
9641.0361328125
9504.66796875
9368.10546875
9237.736328125
9106.2451171875
8978.6357421875
8867.9189453125
8749.078125
8637.326171875
8525.2333984375
8419.4306640625
8312.51171875
8208.5869140625
8110.580078125
8010.03369140625
7914.4111328125
7818.40625
7725.60302734375
7644.48486328125
7557.78857421875
7477.41162109375
7396.55029296875
7319.82568359375
7237.73291015625
7137.89013671875
7044.77587890625
6957.3330078125
6880.46142578125
6807.2529296875
6738.70556640625
6679.22412109375
6616.95703125
6558.99560546875
6487.88330078125
6417.03125
6349.24658203125
6277.7939453125
6214.28466796875
6152.0
6090.3818359375
6026.72509765625
