20000.0
20000.0
20000.0
20000.0
20000.0
20000.0
20000.0
20000.0
20000.0
20000.0
20000.0
20000.0
20000.0
20000.0
20000.0
20000.0
20000.0
20000.0
20000.0
20000.0
20000.0
20000.0
20000.0
20000.0
20000.0
20000.0
20000.0
20000.0
20000.0
19999.88671875
20000.0
20000.0
20000.0
20000.0
20000.0
20000.0
19999.986328125
20000.0
20000.0
20000.0
20000.0
20000.001953125
20000.0
20000.0
20000.0
19999.990234375
20000.0
20000.0
20000.0
19999.990234375
20000.0
19999.99609375
20000.0
20000.0
20000.0
20000.0
20000.0
19623.861328125
18805.251953125
18078.51171875
17434.833984375
16834.6796875
16300.0498046875
15769.4013671875
15277.21875
14863.705078125
14432.587890625
14035.9072265625
13643.63671875
13290.2080078125
12947.3349609375
12623.298828125
12359.5244140625
12110.1708984375
11879.443359375
11651.240234375
11432.115234375
11241.19140625
11035.3251953125
10843.34375
10650.177734375
10470.3603515625
10292.7392578125
10122.5888671875
9964.3095703125
9783.3955078125
9615.259765625
9458.4560546875
9307.0634765625
9173.9482421875
9028.0966796875
8897.3544921875
8771.0166015625
8656.171875
8543.6318359375
8404.2216796875
8251.0390625
8095.62890625
7956.1083984375
7832.17724609375
7723.013671875
7629.4599609375
7523.73974609375
7422.2353515625
7322.94189453125
7223.90771484375
7117.0810546875
7011.30224609375
6913.14013671875
6813.953125
6720.03369140625
6626.76416015625
6538.79541015625
6460.5537109375
6373.62744140625
6290.02197265625
6206.23486328125
6128.3134765625
6051.3193359375
5975.12109375
5901.486328125
5826.1181640625
5754.5
5682.5849609375
