20000.0
20000.0
20000.0
20000.0
20000.0
20000.0
20000.0
20000.0
20000.0
20000.0
20000.0
20000.0
20000.0
20000.0
20000.0
20000.0
20000.0
20000.0
20000.0
20000.0
20000.0
20000.0
20000.0
20000.0
20000.0
20000.0
20000.0
20000.0
20000.0
20000.0
20000.0
20000.0
20000.0
20000.0
20000.0
19999.998046875
20000.0
19999.966796875
20000.0
20000.0
20000.0
20000.0
20000.0
20000.0
20000.0
20000.0
20000.0
20000.0
20000.0
20000.0
20000.0
20000.0
19999.998046875
19999.97265625
20000.0
20000.0
20000.0
19511.615234375
18710.861328125
18024.61328125
17393.939453125
16855.41796875
16335.08984375
15820.4521484375
15351.6904296875
14888.166015625
14456.744140625
14097.8603515625
13730.37890625
13392.8994140625
13061.7275390625
12755.9638671875
12452.8623046875
12161.7978515625
11893.341796875
11642.666015625
11446.15625
11252.95703125
11070.8154296875
10920.78125
10755.5751953125
10596.7490234375
10435.029296875
10281.15234375
10121.599609375
9960.28125
9802.3271484375
9649.7333984375
9511.5205078125
9376.2568359375
9246.658203125
9134.4072265625
9013.599609375
8899.3056640625
8783.662109375
8674.4853515625
8564.3583984375
8457.0712890625
8355.8828125
8254.15234375
8159.16064453125
8042.5556640625
7918.6689453125
7812.57958984375
7704.6611328125
7607.9951171875
7514.2666015625
7424.2626953125
7319.2041015625
7232.87548828125
7156.00927734375
7080.244140625
7010.6142578125
6936.73779296875
6860.61181640625
6792.982421875
6722.18798828125
6655.84326171875
6585.44384765625
6515.68505859375
6444.5380859375
6375.9267578125
6309.96728515625
6233.39501953125
6161.9208984375
6094.2529296875
