20000.0
20000.0
20000.0
20000.0
20000.0
20000.0
20000.0
20000.0
20000.0
20000.0
20000.0
20000.0
20000.0
20000.0
20000.0
19999.99609375
20000.0
20000.0
20000.0
20000.0
20000.0
20000.0
20000.0
20000.0
20000.0
20000.0
20000.0
20000.0
20000.0
20000.0
19999.990234375
20000.0
20000.0
19999.892578125
19999.99609375
20000.0
20000.0
19999.994140625
20000.0
20000.0
20000.0
20000.0
20000.0
20000.0
20000.0
20000.0
20000.0
20000.0
20000.0
20000.0
19211.1875
18392.123046875
17672.7578125
16975.423828125
16358.6865234375
15755.6796875
15232.43359375
14730.451171875
14267.029296875
13818.302734375
13393.9892578125
13022.7607421875
12669.2060546875
12349.58984375
12038.583984375
11751.2587890625
11538.7822265625
11324.6787109375
11119.6318359375
10903.2001953125
10692.326171875
10488.990234375
10297.80078125
10121.6083984375
9946.7060546875
9780.6806640625
9614.40625
9455.2587890625
9316.9140625
9169.5322265625
9032.04296875
8894.9541015625
8765.8408203125
8635.4404296875
8506.78125
8385.7509765625
8265.5380859375
8153.98388671875
8043.40478515625
7938.00537109375
7845.54736328125
7742.21630859375
7618.74951171875
7498.37890625
7393.32666015625
7295.5537109375
7205.95751953125
7124.3662109375
7038.47802734375
6944.74658203125
6860.681640625
6777.78955078125
6700.91064453125
6616.71533203125
6538.2353515625
6456.580078125
6378.970703125
6302.4580078125
6228.11669921875
6157.666015625
6087.40283203125
6022.65478515625
5959.70068359375
5898.2900390625
5844.49658203125
5785.3935546875
5729.466796875
5673.81005859375
5621.697265625
5568.255859375
5515.2626953125
5465.3916015625
5415.8515625
5368.71142578125
5320.75146484375
