20000.0
20000.0
20000.0
19073.978515625
18022.677734375
17735.310546875
17875.42578125
18053.2578125
18433.962890625
18841.7421875
19588.30859375
20000.0
20000.0
20000.0
20000.0
20000.0
20000.0
20000.0
20000.0
20000.0
20000.0
20000.0
20000.0
19999.92578125
20000.0
19999.791015625
20000.0
20000.0
20000.0
19361.37890625
18631.07421875
18087.0078125
17659.740234375
17260.84375
16943.703125
16640.552734375
16370.1162109375
16137.12890625
15814.4892578125
15365.6513671875
14898.22265625
14337.6171875
13804.4833984375
13286.4287109375
12838.0205078125
12364.591796875
11936.4248046875
11546.416015625
11198.248046875
10859.1533203125
10531.3369140625
10234.873046875
9951.7158203125
9697.19140625
9472.6376953125
9248.0234375
9081.9267578125
8909.7099609375
8744.517578125
8582.1708984375
8431.7373046875
8281.0087890625
8132.12109375
7991.40576171875
7849.4033203125
7715.05615234375
7579.87841796875
7449.22509765625
7334.59619140625
7211.2958984375
7095.3369140625
6978.93505859375
6868.42626953125
6757.78466796875
6652.06494140625
6552.36181640625
6451.701171875
6356.87890625
6261.59228515625
6169.08642578125
6087.623046875
5999.8681640625
5917.328125
5834.15625
5755.92041015625
5684.01220703125
5615.27099609375
5548.11376953125
5478.5576171875
5411.7470703125
5343.73095703125
5273.3037109375
5209.3681640625
5142.08447265625
5080.033203125
5018.48193359375
4960.9345703125
4903.27294921875
4847.33154296875
4794.34130859375
4740.93798828125
4690.33349609375
4639.10595703125
4588.91259765625
4544.39501953125
4496.28271484375
4451.4189453125
4406.06640625
4362.88427734375
4318.904296875
4275.5419921875
4233.8017578125
4190.91015625
4149.87939453125
4108.11083984375
4067.045166015625
4030.569091796875
3990.94677734375
3955.86865234375
3921.654052734375
3889.670166015625
3857.288330078125
3825.21533203125
3794.185791015625
3762.357177734375
3731.981689453125
3701.23193359375
