20000.0
20000.0
20000.0
20000.0
20000.0
20000.0
19534.1171875
19354.767578125
19837.330078125
20000.0
20000.0
20000.0
20000.0
20000.0
20000.0
20000.0
20000.0
20000.0
20000.0
20000.0
20000.0
20000.0
20000.0
20000.0
20000.0
20000.0
20000.0
20000.0
19999.998046875
19999.998046875
20000.0
20000.0
20000.0
20000.0
20000.0
19991.3671875
19438.39453125
18870.8203125
18166.240234375
17469.923828125
16753.82421875
16026.6875
15444.1728515625
14877.1943359375
14370.517578125
13855.26953125
13366.1796875
12920.560546875
12510.4560546875
12132.17578125
11764.4697265625
11423.0517578125
11104.0029296875
10811.638671875
10564.26171875
10309.4677734375
10096.4638671875
9890.3896484375
9711.0703125
9521.4638671875
9342.740234375
9178.7666015625
9016.3125
8865.2236328125
8715.0439453125
8570.3818359375
8445.51171875
8310.6748046875
8179.9736328125
8047.73583984375
7925.00537109375
7804.4296875
7689.38232421875
7582.4794921875
7476.2216796875
7376.03564453125
7275.68310546875
7179.150390625
7095.06298828125
7004.923828125
6920.0595703125
6834.62548828125
6754.59326171875
6674.90234375
6598.17236328125
6517.27001953125
6439.810546875
6369.56494140625
6300.685546875
6234.30712890625
6175.8681640625
6112.55615234375
6052.765625
5993.638671875
5939.0126953125
5884.1806640625
5830.5302734375
5779.80224609375
5728.0556640625
5677.17333984375
5625.06494140625
5574.28271484375
5529.84521484375
5481.33154296875
5433.83984375
5385.76025390625
5340.37060546875
5295.94873046875
5254.001953125
5215.3740234375
5177.44482421875
5142.14697265625
5098.33154296875
5059.42822265625
5026.60546875
4992.1572265625
4956.38916015625
4917.94091796875
4880.71484375
4842.97119140625
4805.92138671875
4768.27685546875
4730.07177734375
4694.38720703125
4660.29931640625
