20000.0
20000.0
20000.0
20000.0
19074.37109375
18602.15625
18386.98828125
18394.708984375
18618.19140625
18919.9609375
19555.10546875
20000.0
20000.0
20000.0
20000.0
20000.0
20000.0
20000.0
20000.0
20000.0
20000.0
20000.0
20000.0
20000.0
20000.0
20000.0
20000.0
20000.0
20000.0
20000.0
20000.0
20000.001953125
20000.0
20000.0
20000.0
20000.0
20000.0
19935.505859375
19486.755859375
19077.171875
18705.607421875
18345.580078125
17847.45703125
17328.001953125
16874.44140625
16243.7880859375
15675.9755859375
15115.2138671875
14591.158203125
14045.310546875
13551.4755859375
13130.0439453125
12725.71875
12350.9482421875
11975.80859375
11626.1875
11333.865234375
11040.716796875
10794.3798828125
10539.1640625
10288.478515625
10043.3857421875
9811.6630859375
9598.564453125
9404.953125
9248.0185546875
9090.7470703125
8938.03515625
8803.2841796875
8658.3125
8521.5419921875
8384.1787109375
8254.7744140625
8121.88232421875
7993.59521484375
7874.04931640625
7754.74560546875
7642.68017578125
7529.87451171875
7420.056640625
7324.68798828125
7221.32568359375
7123.376953125
7024.46728515625
6930.88427734375
6836.61572265625
6744.88330078125
6661.75341796875
6584.17822265625
6508.8837890625
6430.57958984375
6352.53173828125
6278.1923828125
6195.5263671875
6119.1630859375
6043.82080078125
5973.5517578125
5903.28173828125
5834.98193359375
5770.57763671875
5705.56884765625
5644.0595703125
5581.90380859375
5521.158203125
5467.4384765625
5409.2783203125
5354.3642578125
5299.03076171875
5246.6396484375
5193.62353515625
5142.27294921875
5093.87158203125
5044.60009765625
4997.46337890625
4949.322265625
4901.2265625
4858.26708984375
4811.4736328125
4766.97900390625
4721.88916015625
4679.0849609375
4635.7509765625
4593.34912109375
4553.26806640625
4512.45751953125
4472.86474609375
4431.9599609375
