20000.0
20000.0
18956.216796875
18181.365234375
17565.296875
17790.7421875
18458.3203125
19154.958984375
19818.90625
20000.0
20000.0
20000.0
20000.0
20000.0
20000.0
20000.0
20000.0
20000.0
20000.0
20000.0
20000.0
19999.994140625
20000.0
20000.0
20000.001953125
20000.0
20000.0
20000.0
19273.44921875
18640.783203125
18125.810546875
17712.435546875
17335.736328125
17031.734375
16744.609375
16485.7734375
16272.0
15900.662109375
15451.58984375
14995.439453125
14423.720703125
13941.0400390625
13446.421875
12979.16015625
12523.73046875
12091.3447265625
11702.9853515625
11350.3193359375
11029.1982421875
10710.7734375
10414.79296875
10130.57421875
9867.1240234375
9643.34765625
9409.802734375
9216.353515625
9046.9775390625
8893.095703125
8734.5224609375
8580.1103515625
8437.0205078125
8294.9326171875
8161.9521484375
8028.4697265625
7898.25048828125
7780.21337890625
7651.4501953125
7529.5205078125
7407.236328125
7292.28076171875
7176.81689453125
7064.48291015625
6958.52197265625
6851.75146484375
6750.75732421875
6648.3623046875
6549.68115234375
6463.099609375
6370.36328125
6283.232421875
6195.11328125
6111.69189453125
6027.59912109375
5945.5166015625
5868.09521484375
5789.97998046875
5716.24951171875
5642.11962890625
5569.91845703125
5506.27490234375
5440.89453125
5383.54296875
5323.759765625
5265.30859375
5204.86767578125
5144.97412109375
5086.76904296875
5023.52294921875
4964.76513671875
4906.9912109375
4851.7080078125
4803.416015625
4751.53466796875
4702.673828125
4653.43701171875
4606.86181640625
4559.76708984375
4513.60205078125
4469.751953125
4425.24560546875
4382.947265625
4340.00146484375
4298.0859375
4260.87939453125
4220.51611328125
4182.7958984375
4144.50634765625
4107.95654296875
4070.656982421875
4033.806396484375
3998.5771484375
3962.338134765625
3930.411376953125
3898.310791015625
