20000.0
20000.0
20000.0
20000.0
20000.0
20000.0
19764.892578125
19369.302734375
19008.5625
19220.361328125
19767.693359375
20000.0
20000.0
20000.0
20000.0
20000.0
20000.0
20000.0
20000.0
20000.0
20000.0
20000.0
20000.0
20000.0
20000.0
20000.0
20000.0
20000.0
20000.0
20000.0
19999.951171875
20000.0
19994.939453125
20000.0
20000.0
20000.0
20000.0
19999.998046875
19999.953125
19906.443359375
19227.205078125
18484.580078125
17730.71484375
17068.107421875
16309.279296875
15662.0283203125
15067.1025390625
14542.61328125
14054.486328125
13575.01953125
13136.4833984375
12732.8837890625
12371.37109375
12011.2578125
11669.517578125
11371.1728515625
11065.5615234375
10794.7080078125
10535.2734375
10298.1787109375
10063.7236328125
9852.3779296875
9684.625
9527.5986328125
9358.5322265625
9193.8046875
9037.89453125
8902.4677734375
8757.5400390625
8621.439453125
8485.486328125
8357.8935546875
8230.40234375
8107.34228515625
7991.8427734375
7873.2021484375
7759.80859375
7646.53662109375
7538.26904296875
7444.53076171875
7344.9384765625
7251.82275390625
7158.48974609375
7070.97509765625
6982.38330078125
6896.5361328125
6816.36767578125
6736.24072265625
6660.65869140625
6584.28759765625
6510.001953125
6444.615234375
6374.6396484375
6309.14013671875
6239.8359375
6171.662109375
6105.85546875
6044.14013671875
5986.9130859375
5929.69970703125
5875.7734375
5821.390625
5768.21533203125
5721.12646484375
5670.14501953125
5622.70068359375
5575.5166015625
5531.05859375
5486.01953125
5441.71875
5397.978515625
5352.92529296875
5310.22119140625
5267.4111328125
5225.94775390625
5188.2294921875
5146.046875
5105.869140625
5065.001953125
5027.16357421875
4990.23095703125
4955.20556640625
4922.728515625
4890.3388671875
4852.55859375
4813.2646484375
