20000.0
20000.0
20000.0
20000.0
20000.0
20000.0
20000.0
20000.0
20000.0
20000.0
20000.0
20000.0
20000.0
20000.0
20000.0
20000.0
20000.0
20000.0
20000.0
20000.0
20000.0
20000.00390625
20000.0
19999.150390625
20000.0
20000.0
20000.0
20000.0
20000.0
20000.0
20000.0
20000.0
19999.998046875
20000.0
20000.0
20000.0
20000.0
20000.0
20000.0
19999.998046875
19999.994140625
20000.0
19999.95703125
20000.0
19999.994140625
19491.96484375
18326.2265625
17505.81640625
16940.9921875
16427.033203125
15898.5029296875
15385.287109375
14915.6025390625
14510.96484375
14082.1357421875
13691.01171875
13309.2607421875
12960.5595703125
12619.6650390625
12296.443359375
11990.8525390625
11680.501953125
11388.5419921875
11097.439453125
10813.111328125
10562.412109375
10317.2099609375
10080.646484375
9834.5244140625
9599.619140625
9364.9365234375
9138.8076171875
8928.759765625
8718.5087890625
8521.482421875
8329.9970703125
8146.34228515625
7986.58935546875
7813.84326171875
7653.92919921875
7496.06884765625
7349.79638671875
7206.08544921875
7069.7841796875
6943.0673828125
6813.86474609375
6691.025390625
6570.6142578125
6456.72119140625
6358.0234375
6253.083984375
6155.4541015625
6058.0498046875
5967.70849609375
5877.01953125
5788.93505859375
5705.8564453125
5622.72314453125
5546.5361328125
5476.0361328125
5407.6572265625
5346.40087890625
5275.52001953125
5205.0595703125
5131.75537109375
5064.029296875
4998.3515625
4935.7998046875
4877.3154296875
4818.86474609375
4763.94580078125
4709.68896484375
4658.13623046875
4613.62255859375
4566.5341796875
4526.18896484375
4487.1611328125
4450.29638671875
4412.97998046875
4376.4443359375
4341.85400390625
4306.92724609375
4273.94384765625
4240.7802734375
