20000.0
20000.0
20000.0
19624.734375
18532.74609375
18274.732421875
18332.1484375
18606.509765625
19404.87890625
20000.0
20000.0
20000.0
20000.0
20000.0
20000.0
20000.0
20000.0
20000.0
20000.0
20000.0
20000.0
20000.0
20000.0
20000.0
20000.0
20000.0
20000.0
19671.822265625
18876.53125
18269.431640625
17768.904296875
17354.439453125
16983.58984375
16677.310546875
16395.01953125
16121.5517578125
15862.4755859375
15633.888671875
15473.857421875
15098.603515625
14690.4365234375
14231.44140625
13715.9599609375
13274.4833984375
12805.0390625
12378.7236328125
11945.8466796875
11571.3427734375
11221.0166015625
10894.4072265625
10594.0673828125
10296.5068359375
10025.6318359375
9777.09375
9548.396484375
9344.548828125
9158.642578125
8992.62890625
8822.62109375
8659.9658203125
8498.0380859375
8343.048828125
8198.7724609375
8054.61962890625
7918.5810546875
7781.26904296875
7647.0419921875
7528.46240234375
7400.96630859375
7281.734375
7163.3671875
7051.326171875
6938.23974609375
6827.16015625
6722.6015625
6618.39697265625
6520.16015625
6421.66796875
6326.10791015625
6242.1630859375
6151.77099609375
6066.62109375
5981.01513671875
5900.57568359375
5828.45654296875
5757.048828125
5687.302734375
5615.384765625
5546.5751953125
5476.67529296875
5408.26611328125
5344.884765625
5273.94775390625
5208.76220703125
5144.79736328125
5085.3701171875
5026.0234375
4968.38232421875
4913.9541015625
4858.99609375
4806.90673828125
4754.18310546875
4702.5087890625
4657.13330078125
4607.54443359375
4560.42578125
4512.47802734375
4466.71142578125
4420.14208984375
4374.24853515625
4330.4697265625
4285.9443359375
4243.5732421875
4200.59130859375
4158.4736328125
4121.15869140625
4080.726318359375
4042.46484375
4005.854736328125
3972.62353515625
3938.94140625
3905.621337890625
3873.833740234375
3841.663330078125
3811.282470703125
3780.642578125
