20000.0
20000.0
20000.0
20000.0
20000.0
19544.001953125
18975.916015625
18670.595703125
18347.4921875
18260.572265625
18758.3203125
19419.609375
20000.0
20000.0
20000.0
20000.0
20000.0
20000.0
20000.0
20000.0
20000.0
20000.0
20000.0
20000.0
20000.0
20000.0
20000.0
20000.0
20000.0
20000.0
20000.0
20000.0
20000.0
20000.0
19999.986328125
20000.0
19905.14453125
19274.38671875
18636.697265625
17926.947265625
17187.7578125
16490.326171875
15742.45703125
15072.2978515625
14531.732421875
13985.7177734375
13515.8857421875
13040.306640625
12603.359375
12203.5263671875
11831.255859375
11484.3203125
11146.6943359375
10831.779296875
10536.794921875
10266.341796875
10037.0732421875
9795.6494140625
9571.7705078125
9409.28125
9258.7646484375
9088.11328125
8918.994140625
8764.1162109375
8610.955078125
8467.978515625
8325.267578125
8187.1142578125
8066.38916015625
7937.3388671875
7816.23974609375
7695.375
7579.171875
7461.54833984375
7348.63037109375
7244.1533203125
7141.09228515625
7045.1259765625
6949.0673828125
6856.2197265625
6774.955078125
6688.052734375
6606.61376953125
6524.3720703125
6447.0712890625
6369.69189453125
6294.64013671875
6224.31689453125
6153.681640625
6087.4111328125
6013.701171875
5944.08349609375
5885.37841796875
5823.884765625
5766.6220703125
5709.35888671875
5655.4091796875
5600.98095703125
5547.8076171875
5497.48681640625
5447.19091796875
5400.47802734375
5353.65625
5308.14892578125
5267.1337890625
5221.22412109375
5177.3037109375
5133.0947265625
5091.5810546875
5049.9736328125
5009.55810546875
4971.3935546875
4932.95654296875
4896.6552734375
4858.0576171875
4819.44482421875
4785.14501953125
4747.28955078125
4712.31201171875
4678.4638671875
4649.1298828125
4622.18994140625
4595.884765625
4570.9462890625
4542.240234375
4510.8779296875
4480.21484375
