20000.0
20000.0
19997.712890625
19243.91015625
17878.72265625
17408.0546875
17047.3984375
16909.513671875
17053.51171875
17394.033203125
17954.083984375
18557.11328125
19161.16015625
19712.8359375
20000.0
20000.0
20000.0
20000.0
20000.0
20000.0
20000.0
20000.0
20000.0
20000.0
20000.0
20000.0
20000.0
20000.0
20000.0
20000.0
20000.0
19258.5703125
18380.978515625
17875.87890625
17489.95703125
17163.677734375
16876.3125
16638.9375
16436.1328125
16236.361328125
16026.392578125
15727.248046875
15433.4150390625
15128.4775390625
14686.2431640625
14262.361328125
13827.666015625
13411.2841796875
12969.51953125
12572.0390625
12220.1826171875
11868.2333984375
11578.0498046875
11277.490234375
10984.23828125
10719.6943359375
10445.2333984375
10197.7783203125
9956.3369140625
9734.505859375
9515.1552734375
9304.1572265625
9108.900390625
8924.0830078125
8787.0
8651.314453125
8519.8857421875
8404.19921875
8279.298828125
8161.18310546875
8043.31298828125
7942.998046875
7838.72802734375
7733.5185546875
7620.53466796875
7508.205078125
7405.3603515625
7303.9423828125
7206.98828125
7121.1884765625
7027.98583984375
6939.5908203125
6850.24267578125
6765.8115234375
6681.01708984375
6598.60595703125
6521.15283203125
6443.505859375
6370.5576171875
6296.1787109375
6222.1298828125
6156.44677734375
6085.85302734375
6019.76416015625
5953.93408203125
5892.322265625
5830.4345703125
5770.2109375
5713.28076171875
5656.14306640625
5602.322265625
5548.15869140625
5495.40478515625
5448.7841796875
5398.3447265625
5350.6259765625
5302.392578125
5256.93359375
5211.29443359375
5166.93896484375
5123.97216796875
5075.97119140625
5032.1953125
4989.32568359375
4948.50830078125
4912.8935546875
4874.68994140625
4838.64697265625
4802.2333984375
4767.71533203125
4732.69775390625
4698.30322265625
4665.54150390625
4632.63525390625
4601.85498046875
4570.943359375
