20000.0
20000.0
19815.900390625
18638.005859375
18127.275390625
17980.25
18108.958984375
18743.197265625
19395.818359375
19958.669921875
20000.0
20000.0
20000.0
20000.0
20000.0
20000.0
20000.0
20000.0
19999.998046875
20000.0
20000.0
20000.0
20000.0
20000.0
20000.0
20000.0
20000.0
20000.001953125
20000.0
20000.0
20000.0
19922.640625
19243.201171875
18726.84765625
18314.322265625
17921.533203125
17604.28125
17336.064453125
17077.3515625
16837.859375
16628.83984375
16275.2333984375
15903.6728515625
15493.044921875
15002.44921875
14492.708984375
14032.7021484375
13563.5048828125
13118.841796875
12692.1025390625
12293.58203125
11948.916015625
11618.7080078125
11306.2578125
11029.1572265625
10736.896484375
10472.9638671875
10219.2919921875
9998.1396484375
9791.1357421875
9584.470703125
9387.7080078125
9212.6513671875
9061.43359375
8912.4052734375
8769.51171875
8643.67578125
8505.978515625
8375.96484375
8244.6953125
8120.02587890625
7993.7607421875
7870.19189453125
7754.1142578125
7637.33056640625
7527.4033203125
7416.84521484375
7309.193359375
7213.90380859375
7109.88818359375
7012.64697265625
6915.98095703125
6824.46923828125
6731.84765625
6641.470703125
6556.130859375
6470.0400390625
6388.8330078125
6306.9140625
6227.02783203125
6156.60888671875
6080.3076171875
6008.20263671875
5941.0556640625
5879.81298828125
5816.025390625
5751.83447265625
5689.787109375
5626.34521484375
5565.8388671875
5499.65234375
5434.34912109375
5378.015625
5318.39453125
5262.75439453125
5207.072265625
5154.6650390625
5101.9140625
5050.44580078125
5001.71044921875
4952.37060546875
4905.513671875
4858.00146484375
4811.33935546875
4769.9130859375
4724.81298828125
4682.13330078125
4639.66015625
4599.21435546875
4557.947265625
4517.20068359375
4477.89990234375
4437.56103515625
4398.884765625
4359.3779296875
