20000.0
20000.0
20000.0
19828.984375
18840.3984375
18327.943359375
17868.2109375
17612.5546875
17409.162109375
17550.052734375
17892.34375
18367.970703125
18892.94921875
19395.177734375
19845.51171875
20000.0
20000.0
20000.0
20000.0
20000.0
20000.0
20000.0
20000.0
20000.0
20000.0
20000.0
20000.0
20000.0
20000.0
20000.0
20000.0
20000.0
20000.0
19999.998046875
20000.0
19999.98046875
20000.0
20000.0
19472.666015625
18891.056640625
18499.849609375
18112.849609375
17684.607421875
17279.396484375
16773.171875
16248.69140625
15700.0556640625
15189.681640625
14649.490234375
14132.046875
13685.0810546875
13264.7080078125
12873.56640625
12528.658203125
12187.4462890625
11879.3837890625
11555.65625
11272.962890625
11003.5546875
10754.794921875
10503.3642578125
10261.58203125
10037.3427734375
9814.4794921875
9615.5703125
9423.935546875
9242.275390625
9085.5078125
8954.0556640625
8828.9443359375
8702.8955078125
8596.107421875
8484.787109375
8362.693359375
8241.8203125
8123.47705078125
8015.00439453125
7906.25634765625
7800.015625
7705.85888671875
7603.96142578125
7507.677734375
7410.63232421875
7319.3623046875
7227.53662109375
7137.5146484375
7052.82275390625
6968.26904296875
6886.63330078125
6803.54296875
6722.83203125
6652.1953125
6576.70361328125
6506.158203125
6435.5966796875
6369.03857421875
6301.91259765625
6236.3759765625
6174.52880859375
6112.2861328125
6053.57373046875
5994.4189453125
5936.720703125
5885.8388671875
5830.9150390625
5779.125
5726.9892578125
5677.77978515625
5628.21435546875
5579.2490234375
5529.748046875
5477.2841796875
5429.5859375
5383.20556640625
5338.98779296875
5300.38330078125
5258.8681640625
5219.66064453125
5180.0537109375
5142.5048828125
5104.5009765625
5067.216796875
5031.72216796875
4995.65380859375
4961.62060546875
4927.66650390625
