20000.0
19828.61328125
19078.07421875
18096.13671875
17118.26953125
16839.12890625
16868.181640625
17124.072265625
17903.49609375
18643.916015625
19277.119140625
19712.90625
20000.0
20000.0
20000.0
20000.0
20000.0
20000.0
20000.0
20000.0
20000.0
20000.0
20000.0
20000.0
20000.0
20000.001953125
20000.0
18718.5703125
17923.244140625
17340.33984375
16882.90234375
16507.080078125
16159.40625
15880.6923828125
15631.3330078125
15387.9609375
15158.6552734375
14961.6416015625
14802.74609375
14411.7861328125
14025.3798828125
13556.3125
13078.51171875
12663.662109375
12218.123046875
11816.9345703125
11403.150390625
11049.3515625
10719.2109375
10410.533203125
10125.4248046875
9842.90234375
9586.537109375
9339.30078125
9109.4384765625
8932.3642578125
8777.0546875
8626.865234375
8473.2705078125
8325.703125
8178.57275390625
8037.87109375
7906.8310546875
7775.87548828125
7652.5078125
7527.9052734375
7404.0419921875
7292.97216796875
7173.10546875
7060.67919921875
6947.89404296875
6841.73828125
6735.00146484375
6631.13525390625
6532.28466796875
6433.02392578125
6340.2216796875
6246.80029296875
6155.8154296875
6075.81005859375
5990.7734375
5910.498046875
5829.22509765625
5752.2177734375
5674.46728515625
5598.62744140625
5527.0830078125
5455.146484375
5391.86572265625
5331.36083984375
5270.1689453125
5214.52587890625
5153.02001953125
5094.037109375
5032.15625
4970.0625
4908.7138671875
4850.25927734375
4795.9248046875
4741.7021484375
4690.70751953125
4639.37744140625
4589.28466796875
4544.9404296875
4496.896484375
4451.34912109375
4405.25537109375
4361.59375
4317.4130859375
4274.31494140625
4233.8017578125
4193.39404296875
4154.8759765625
4115.60888671875
4076.85009765625
4042.214111328125
4004.337890625
3968.11279296875
3931.1826171875
3895.9580078125
3863.223876953125
3831.8564453125
3802.2021484375
3772.15478515625
3743.56396484375
3714.3994140625
