20000.0
20000.0
20000.0
19226.107421875
18531.486328125
18186.853515625
18087.271484375
18193.572265625
18477.62109375
18813.96484375
19482.107421875
20000.0
20000.0
20000.0
20000.0
20000.0
20000.0
20000.0
20000.0
20000.0
20000.0
20000.0
20000.0
20000.0
20000.0
20000.0
20000.0
20000.0
20000.0
19999.919921875
20000.0
20000.0
20000.0
20000.0
19954.994140625
19326.65625
18863.25
18452.43359375
18097.81640625
17795.912109375
17525.849609375
17262.98046875
16923.6171875
16492.736328125
16118.634765625
15665.302734375
15128.9013671875
14617.4873046875
14131.7080078125
13649.705078125
13179.9990234375
12753.74609375
12366.3232421875
12019.7431640625
11682.95703125
11356.5458984375
11072.3603515625
10779.94140625
10517.1435546875
10269.609375
10058.8310546875
9840.341796875
9624.8076171875
9417.1884765625
9242.8349609375
9093.2509765625
8945.0673828125
8801.1572265625
8672.076171875
8532.50390625
8400.314453125
8266.439453125
8139.5400390625
8012.0205078125
7888.10595703125
7771.474609375
7654.2568359375
7543.8955078125
7432.26904296875
7322.60498046875
7226.49560546875
7122.98681640625
7026.57666015625
6929.578125
6837.814453125
6745.1484375
6654.560546875
6568.9794921875
6482.84521484375
6401.46826171875
6319.53662109375
6239.55126953125
6168.92138671875
6097.76953125
6033.55810546875
5966.666015625
5901.5234375
5834.388671875
5767.947265625
5702.9619140625
5632.705078125
5567.4384765625
5503.21435546875
5441.58544921875
5387.65869140625
5329.70458984375
5275.0947265625
5220.052734375
5168.005859375
5115.42138671875
5063.97021484375
5015.1416015625
4965.65478515625
4918.638671875
4870.9609375
4824.30126953125
4782.97412109375
4738.83154296875
4696.7958984375
4653.9267578125
4612.85400390625
4570.5009765625
4528.50390625
4488.30224609375
4447.27685546875
4408.12744140625
4368.29833984375
