20000.0
20000.0
20000.0
20000.0
19886.806640625
19379.6953125
18851.720703125
18536.166015625
18255.26953125
18430.64453125
18950.447265625
19525.544921875
20000.0
20000.0
20000.0
20000.0
20000.0
20000.0
20000.0
20000.0
20000.0
20000.0
20000.0
20000.0
20000.0
20000.0
20000.0
20000.0
20000.0
20000.0
20000.0
20000.0
20000.0
20000.0
19999.98046875
20000.0
20000.0
19942.302734375
19422.7734375
18893.578125
18372.20703125
17726.583984375
17072.603515625
16484.65234375
15835.5537109375
15212.69140625
14645.3095703125
14149.267578125
13686.6123046875
13256.1962890625
12846.1103515625
12443.95703125
12096.9765625
11765.970703125
11445.486328125
11166.8828125
10872.345703125
10601.4892578125
10345.7587890625
10116.22265625
9892.4365234375
9678.5849609375
9479.470703125
9336.212890625
9201.1328125
9054.8701171875
8900.5068359375
8767.7939453125
8627.7265625
8496.6875
8365.4482421875
8242.3095703125
8118.91650390625
7999.1982421875
7887.13525390625
7774.81591796875
7669.49853515625
7561.68212890625
7454.7958984375
7360.9033203125
7261.1943359375
7168.75537109375
7077.01318359375
6991.22265625
6905.09130859375
6821.43115234375
6742.90576171875
6664.1962890625
6590.40576171875
6516.59912109375
6444.3779296875
6380.2578125
6311.06884765625
6245.86865234375
6180.5810546875
6119.306640625
6057.98291015625
5992.3603515625
5930.9052734375
5871.7021484375
5817.4619140625
5763.60693359375
5711.3935546875
5665.37158203125
5615.58056640625
5568.38525390625
5520.60791015625
5475.33642578125
5429.7421875
5385.9599609375
5344.87158203125
5303.3369140625
5263.8994140625
5222.28759765625
5181.04736328125
5144.51611328125
5105.06396484375
5067.90380859375
5030.4931640625
4995.13623046875
4959.412109375
4924.296875
4890.90380859375
4857.1572265625
4825.21923828125
4793.0400390625
