20000.0
20000.0
20000.0
19645.919921875
18821.794921875
18070.349609375
17698.451171875
17730.646484375
18066.4921875
18548.05078125
19077.83984375
19588.19140625
20000.0
20000.0
20000.0
20000.0
20000.0
20000.0
20000.0
20000.0
20000.0
20000.0
20000.0
20000.0
20000.0
20000.0
20000.0
20000.0
20000.0
20000.0
20000.0
19999.98828125
20000.0
20000.0
20000.0
20000.0
19910.40625
19290.630859375
18904.384765625
18541.740234375
18127.544921875
17730.87890625
17249.107421875
16724.642578125
16171.0380859375
15646.939453125
15100.2939453125
14557.5234375
14089.2265625
13651.775390625
13257.6318359375
12898.8740234375
12540.1611328125
12214.837890625
11880.5400390625
11589.8203125
11312.56640625
11052.37890625
10790.708984375
10541.3818359375
10305.375
10078.97265625
9876.2607421875
9679.595703125
9492.53125
9329.4296875
9171.3603515625
9049.259765625
8932.119140625
8817.8662109375
8685.36328125
8555.5966796875
8436.8916015625
8318.873046875
8207.7138671875
8095.76025390625
7986.59228515625
7890.26953125
7786.44287109375
7688.95654296875
7590.9853515625
7498.39306640625
7405.4609375
7313.09716796875
7224.40869140625
7135.34033203125
7052.11962890625
6969.3388671875
6889.60546875
6819.7880859375
6744.607421875
6673.49755859375
6601.9736328125
6534.52880859375
6466.650390625
6400.71875
6338.755859375
6276.216796875
6216.96630859375
6157.14306640625
6098.7041015625
6047.1123046875
5991.494140625
5938.45556640625
5885.19287109375
5829.61279296875
5773.638671875
5721.3837890625
5673.546875
5626.18115234375
5581.7568359375
5537.07080078125
5493.38525390625
5454.66455078125
5412.58642578125
5372.630859375
5332.091796875
5293.84912109375
5255.67529296875
5218.6083984375
5183.4794921875
5147.79248046875
5113.7763671875
5077.90478515625
