20000.0
19566.541015625
18863.86328125
17861.90234375
16949.17578125
16504.513671875
16377.8916015625
16496.91796875
17130.681640625
17812.111328125
18460.794921875
18891.978515625
19359.578125
19831.69140625
20000.0
20000.0
20000.0
20000.0
20000.0
20000.0
20000.0
20000.0
20000.0
20000.0
20000.0
20000.0
20000.0
20000.0
20000.001953125
20000.0
20000.0
19475.94140625
18421.533203125
17793.974609375
17355.634765625
17001.298828125
16678.59765625
16397.83984375
16194.5341796875
15753.7041015625
15285.0791015625
14863.416015625
14318.5087890625
13855.5908203125
13385.27734375
12941.783203125
12489.5126953125
12060.482421875
11675.2744140625
11321.533203125
10997.904296875
10673.8671875
10373.28515625
10085.62109375
9818.9716796875
9593.0029296875
9358.736328125
9165.134765625
8955.73828125
8758.88671875
8606.9716796875
8461.408203125
8325.3828125
8189.09033203125
8060.513671875
7930.4375
7802.9912109375
7690.58935546875
7569.6845703125
7456.05517578125
7342.28759765625
7235.146484375
7126.04833984375
7016.93408203125
6914.3427734375
6811.39453125
6714.55078125
6617.56787109375
6523.451171875
6440.53369140625
6351.1181640625
6266.74072265625
6181.6064453125
6101.26708984375
6020.25830078125
5941.37158203125
5866.83154296875
5791.70166015625
5720.94921875
5650.41552734375
5585.14794921875
5530.95166015625
5470.2392578125
5410.78466796875
5343.8466796875
5280.01904296875
5216.88916015625
5156.2861328125
5099.79833984375
5043.13330078125
4989.6416015625
4935.6728515625
4882.8837890625
4836.11865234375
4785.349609375
4737.16357421875
4688.32958984375
4641.93603515625
4594.91357421875
4548.8369140625
4505.1943359375
4460.9921875
4419.12158203125
4376.818359375
4335.4677734375
4298.8681640625
4259.4609375
4222.41015625
4184.6953125
4148.572265625
4111.66015625
4075.15380859375
4040.264892578125
4004.768798828125
3970.966796875
3936.684814453125
