20000.0
20000.0
20000.0
20000.0
20000.0
20000.0
20000.0
20000.0
20000.0
20000.0
20000.0
20000.0
20000.0
20000.0
20000.0
20000.0
20000.0
20000.0
20000.0
20000.0
19999.9296875
20000.0
19999.978515625
20000.0
20000.0
20000.0
20000.0
20000.0
20000.015625
20000.0
20000.0
20000.0
19999.998046875
20000.0
20000.0
20000.0
20000.0
20000.0
20000.0
20000.0
20000.0
20000.0
20000.0
19671.80078125
18402.71484375
17362.69140625
16561.267578125
15984.91015625
15529.1455078125
15090.48828125
14646.7392578125
14207.3798828125
13802.4208984375
13459.7998046875
13094.0625
12757.0595703125
12425.9267578125
12121.5205078125
11821.44140625
11536.4580078125
11272.517578125
11009.0
10751.2265625
10489.2802734375
10235.4892578125
10011.4716796875
9768.1103515625
9537.37890625
9330.9404296875
9126.0439453125
8911.8720703125
8704.7470703125
8511.046875
8317.5771484375
8135.75048828125
7953.88720703125
7778.1396484375
7626.2177734375
7469.6416015625
7321.3798828125
7173.7236328125
7035.05029296875
6897.93603515625
6766.677734375
6644.56201171875
6524.05419921875
6413.1181640625
6303.71044921875
6199.1376953125
6103.123046875
6001.4677734375
5907.63134765625
5815.8388671875
5730.6943359375
5645.91357421875
5564.10009765625
5487.65087890625
5411.04345703125
5339.9501953125
5268.6376953125
5200.2158203125
5142.87548828125
5079.7099609375
5019.73095703125
4962.20556640625
4912.60400390625
4862.994140625
4813.73583984375
4766.29931640625
4709.86767578125
4653.7958984375
4597.37890625
4543.16162109375
4495.84716796875
4445.2060546875
4397.68896484375
4350.078125
4305.41943359375
4260.66845703125
4217.7421875
4178.09765625
4138.97216796875
4102.736328125
4069.0
