20000.0
20000.0
20000.0
20000.0
20000.0
20000.0
20000.0
20000.0
20000.0
20000.0
20000.0
20000.0
20000.0
20000.0
20000.0
20000.0
20000.0
20000.0
20000.0
20000.0
20000.0
20000.0
20000.0
20000.0
20000.0
20000.0
19994.73046875
20000.0
20000.0
20000.0
19999.97265625
20000.0
19999.998046875
19999.998046875
19964.984375
19362.453125
18861.119140625
18445.25
18020.37890625
17669.10546875
17356.205078125
17074.6640625
16837.0078125
16587.439453125
16345.1923828125
16110.46875
15902.9345703125
15707.505859375
15524.9306640625
15357.8271484375
15193.310546875
15023.384765625
14853.30078125
14701.787109375
14568.0810546875
14446.056640625
14326.515625
14061.7998046875
13809.3583984375
13542.927734375
13198.6064453125
12879.2890625
12568.7421875
12266.810546875
11966.509765625
11684.189453125
11445.19921875
11187.5234375
10949.5068359375
10721.4677734375
10513.3505859375
10308.806640625
10113.53125
9934.150390625
9773.142578125
9615.2353515625
9480.92578125
9348.7890625
9232.6259765625
9107.7509765625
8989.15625
8868.9306640625
8754.7822265625
8639.0224609375
8525.5693359375
8417.5419921875
8307.216796875
8202.0673828125
8095.021484375
7989.83349609375
7895.5859375
7795.0078125
7700.64501953125
7605.6865234375
7515.93359375
7425.1083984375
7336.083984375
7251.517578125
7165.57080078125
7083.7373046875
7000.63232421875
6919.0361328125
6846.54833984375
6768.0693359375
6693.98828125
6619.193359375
6548.39013671875
6476.748046875
6406.5537109375
6339.89111328125
6271.908203125
6207.48583984375
6142.66064453125
6079.3662109375
6023.0830078125
5961.60546875
5902.89501953125
5842.81689453125
5786.3447265625
5736.119140625
5685.5458984375
5635.63330078125
5583.5458984375
5533.14111328125
5481.396484375
