20000.0
20000.0
20000.0
20000.0
20000.0
20000.0
20000.0
20000.0
20000.0
20000.0
20000.0
20000.0
20000.0
20000.0
20000.0
20000.0
20000.0
20000.001953125
20000.0
20000.0
20000.0
20000.0
20000.0
20000.0
20000.0
20000.0
19999.99609375
20000.0
20000.0
20000.0
20000.0
20000.0
19999.98828125
19999.953125
19999.91015625
20000.0
18977.47265625
17573.7421875
16438.875
15692.671875
15121.126953125
14629.0205078125
14187.1005859375
13710.0537109375
13284.927734375
12878.2841796875
12501.853515625
12135.6953125
11790.38671875
11474.9658203125
11166.291015625
10882.48828125
10598.33203125
10310.7470703125
10057.138671875
9786.0068359375
9528.7236328125
9271.4853515625
9052.619140625
8819.5029296875
8589.1884765625
8375.435546875
8163.77783203125
7965.74462890625
7768.76953125
7578.43798828125
7417.44921875
7248.07080078125
7088.54150390625
6927.75830078125
6779.4775390625
6633.3974609375
6494.76904296875
6367.56591796875
6242.4599609375
6126.1826171875
6005.3037109375
5891.583984375
5794.57763671875
5692.87060546875
5597.96240234375
5503.72216796875
5415.48779296875
5328.3505859375
5244.13916015625
5164.99072265625
5088.95458984375
5018.85107421875
4950.32275390625
4889.36083984375
4835.8046875
4776.63623046875
4709.982421875
4641.697265625
4578.47900390625
4516.18701171875
4456.6416015625
4401.2802734375
4346.19775390625
4294.8623046875
4244.509765625
4196.65283203125
4155.10546875
4112.91650390625
4076.21630859375
4039.583984375
4004.800537109375
3969.60986328125
3935.181640625
3902.70751953125
3869.978515625
3839.195068359375
3808.14990234375
3777.66748046875
3750.576904296875
3721.2333984375
3693.4599609375
3665.597412109375
3640.3818359375
3618.233642578125
3599.0791015625
3581.922607421875
3564.90283203125
3548.84716796875
3532.6181640625
