20000.0
20000.0
20000.0
19999.998046875
20000.0
20000.0
20000.0
20000.0
20000.0
20000.0
20000.0
20000.0
20000.0
20000.0
20000.0
20000.0
20000.0
20000.0
20000.0
20000.0
20000.0
20000.0
20000.0
20000.0
20000.0
20000.0
20000.0
20000.0
20000.0
20000.0
20000.0
20000.0
20000.0
19999.998046875
20000.0
20000.0
20000.0
19999.99609375
20000.0
19999.998046875
20000.0
20000.0
20000.0
20000.0
20000.0
20000.0
20000.0
20000.0
20000.0
20000.0
20000.0
20000.0
20000.0
19423.4296875
18579.013671875
17864.517578125
17118.416015625
16495.94921875
15939.3984375
15418.9111328125
14902.12109375
14417.572265625
13981.423828125
13563.5771484375
13186.4072265625
12822.037109375
12479.4658203125
12197.6484375
11932.3515625
11690.298828125
11451.8349609375
11230.201171875
11009.9287109375
10760.4326171875
10522.3896484375
10306.4072265625
10109.9736328125
9915.3984375
9726.3955078125
9569.583984375
9417.203125
9279.84375
9101.5673828125
8911.4609375
8729.4296875
8566.720703125
8424.8857421875
8287.6298828125
8156.1708984375
8022.109375
7891.6845703125
7771.97021484375
7638.46826171875
7501.9677734375
7365.41162109375
7239.8837890625
7117.83837890625
7002.0146484375
6893.7685546875
6784.681640625
6683.89111328125
6584.9169921875
6489.6435546875
6406.587890625
6316.3681640625
6229.857421875
6141.2333984375
6056.509765625
5966.92822265625
5876.005859375
5788.5712890625
5699.53369140625
5614.43408203125
5528.431640625
5443.40625
5367.64208984375
5285.29443359375
5200.99169921875
5109.67626953125
5026.00048828125
4945.6435546875
4869.9951171875
4802.9169921875
4738.64208984375
4679.759765625
4623.181640625
