20000.0
20000.0
20000.0
20000.0
20000.0
20000.0
20000.0
20000.0
20000.0
20000.0
20000.0
20000.0
20000.0
20000.0
20000.0
20000.0
20000.0
20000.0
20000.0
20000.0
20000.0
20000.0
20000.0
20000.0
20000.0
20000.0
20000.0
20000.0
20000.0
20000.0
20000.0
20000.0
20000.0
20000.0
20000.0
20000.0
19999.919921875
20000.0
20000.0
20000.0
20000.0
20000.0
20000.0
20000.0
20000.0
20000.0
20000.0
20000.0
20000.0
20000.0
20000.0
20000.0
20000.0
20000.0
20000.0
20000.0
19999.986328125
20000.0
20000.0
20000.0
20000.0
20000.0
19317.525390625
18635.00390625
17953.548828125
17332.05078125
16724.0859375
16163.421875
15708.0888671875
15239.6005859375
14812.865234375
14395.900390625
14011.7236328125
13630.7119140625
13278.6015625
12964.333984375
12662.4970703125
12429.138671875
12207.7548828125
11990.60546875
11795.892578125
11585.568359375
11388.0869140625
11183.4814453125
10987.2236328125
10798.501953125
10621.626953125
10459.7666015625
10299.357421875
10148.7109375
9997.5654296875
9850.697265625
9721.6455078125
9582.142578125
9452.982421875
9299.5322265625
9177.849609375
9034.5283203125
8856.2998046875
8695.8896484375
8550.0947265625
8425.427734375
8310.130859375
8200.3515625
8102.451171875
7994.724609375
7895.650390625
7795.20556640625
7694.74560546875
7591.7412109375
7491.1982421875
7394.9501953125
7298.322265625
7208.63525390625
7121.517578125
7038.4521484375
6956.88232421875
6865.4716796875
6781.9365234375
6700.5849609375
6626.94384765625
6555.41357421875
6487.7373046875
6424.98779296875
6362.94677734375
6305.21533203125
6246.779296875
