20000.0
20000.0
20000.0
20000.0
20000.0
20000.0
20000.0
20000.0
20000.0
20000.0
20000.0
20000.0
20000.0
20000.0
20000.0
20000.0
20000.0
20000.0
20000.0
20000.0
20000.0
20000.0
20000.0
20000.0
20000.0
20000.0
20000.0
20000.0
20000.0
20000.0
20000.0
20000.0
19999.986328125
20000.0
19999.998046875
20000.001953125
20000.0
20000.0
20000.0
20000.0
20000.001953125
20000.0
19999.98828125
20000.0
20000.0
20000.0
20000.0
20000.0
20000.0
19999.376953125
19999.998046875
20000.0
20000.0
20000.0
20000.0
20000.0
20000.0
20000.0
20000.0
20000.0
20000.0
20000.0
20000.0
19310.37890625
18491.982421875
17742.892578125
17116.279296875
16475.7890625
15896.8056640625
15345.30859375
14909.17578125
14497.6044921875
14114.1484375
13779.0751953125
13377.96484375
13004.916015625
12670.2001953125
12358.3076171875
12091.427734375
11810.806640625
11555.44140625
11321.5986328125
11009.3251953125
10702.0205078125
10445.822265625
10230.765625
10017.8603515625
9815.513671875
9601.3564453125
9384.9638671875
9196.2587890625
8996.77734375
8816.748046875
8636.4423828125
8468.5400390625
8302.9326171875
8143.55859375
7995.31298828125
7848.07177734375
7711.4697265625
7573.7822265625
7439.4599609375
7319.61328125
7187.8583984375
7048.97119140625
6901.7197265625
6766.9609375
6635.892578125
6511.86328125
6398.18701171875
6286.37060546875
6184.3203125
6083.10546875
5982.03857421875
5890.18408203125
5788.35400390625
5692.87646484375
5597.775390625
5517.1552734375
5439.5888671875
5363.39990234375
5289.99658203125
5214.83642578125
5144.5869140625
5077.69140625
