25400.0
25400.0
25400.0
25400.0
25400.0
25400.0
25400.0
25400.0
25400.0
25400.0
25400.0
25400.0
25400.0
25400.0
25400.0
25400.0
25400.0
25400.0
25400.0
25400.0
25400.0
25400.0
26481.373046875
45787.90234375
63977.046875
79917.1875
91882.9765625
103779.5546875
113587.40625
121396.6640625
128656.0078125
134473.078125
139104.171875
142676.453125
145658.0625
147962.859375
149700.265625
150664.984375
146804.578125
143363.828125
140172.3125
137506.375
134884.859375
132604.1875
130399.5546875
128138.0234375
125810.34375
123745.0
121912.15625
119852.5
117899.7109375
116308.7421875
115613.9296875
114839.5546875
113766.3203125
112852.640625
112460.1484375
112336.0859375
112245.5234375
112198.6796875
112285.5703125
112452.59375
112652.6875
112880.3125
113142.2109375
113354.9921875
113471.578125
113544.125
113638.4140625
113732.109375
113767.4765625
113760.515625
113710.875
113621.265625
113501.6484375
113345.828125
113163.453125
112978.6875
112754.75
112522.71875
112267.9375
112007.7734375
111727.0390625
111439.109375
111219.875
111043.5625
110856.296875
110637.9375
110407.6328125
110230.671875
110079.703125
109969.0703125
109884.390625
109864.75
109904.4375
109991.46875
110099.1953125
110228.484375
110383.78125
110587.8671875
110820.703125
111041.328125
111342.171875
111675.171875
111989.7265625
112255.5390625
112493.5
112714.03125
112917.9296875
113112.921875
113282.2109375
113422.765625
113532.453125
113610.3359375
113677.5859375
113726.046875
113733.4453125
113621.21875
113539.8125
113500.4921875
113477.375
113452.203125
113424.1953125
113387.1171875
