20000.0
20000.0
20000.0
20000.0
20000.0
20000.0
20000.0
20000.0
20000.0
20000.0
20000.0
20000.0
20000.0
20000.0
20000.0
20000.0
20000.0
20000.0
20000.0
20000.0
20000.0
20000.0
20000.0
20000.0
20000.0
20000.0
20000.0
20000.0
19999.98828125
20000.005859375
20000.0
20000.0
20000.0
20000.0
20000.0
20000.0
20000.0
20000.0
19999.998046875
20000.0
20000.0
20000.0
20000.0
20000.0
20000.0
19911.76171875
19586.67578125
19262.421875
18981.11328125
18705.75390625
18470.875
18222.294921875
17752.798828125
17344.564453125
16868.453125
16341.193359375
15832.1513671875
15369.1943359375
14904.5859375
14466.71875
14062.958984375
13662.798828125
13314.3466796875
12983.1533203125
12671.1142578125
12417.7294921875
12150.486328125
11888.5888671875
11624.6533203125
11380.0068359375
11139.6875
10910.6708984375
10713.01953125
10539.7998046875
10377.8515625
10215.419921875
10056.587890625
9915.16796875
9760.607421875
9614.669921875
9469.486328125
9333.6826171875
9197.94140625
9066.29296875
8942.7509765625
8818.31640625
8700.7607421875
8581.0947265625
8462.853515625
8357.84375
8244.564453125
8137.70458984375
8029.97607421875
7928.13330078125
7825.3154296875
7724.1484375
7628.75634765625
7532.77099609375
7441.623046875
7349.32373046875
7261.59619140625
7190.7275390625
7111.59423828125
7024.0703125
6925.1044921875
6836.376953125
6753.697265625
6675.9716796875
6604.6953125
6534.18115234375
6468.7333984375
6403.0810546875
6338.794921875
6260.77587890625
6167.25439453125
6081.28759765625
5994.9853515625
5917.43310546875
5846.2265625
5782.44873046875
5725.55615234375
5668.814453125
5612.4345703125
5553.18017578125
