20000.0
20000.0
20000.0
20000.0
20000.0
20000.0
20000.0
20000.0
20000.0
20000.0
20000.0
20000.0
20000.0
20000.0
20000.0
20000.0
20000.0
20000.0
20000.0
20000.0
20000.0
20000.0
20000.0
20000.0
20000.0
20000.0
19996.130859375
20000.0
19975.587890625
20000.0
19999.681640625
20000.0
20000.0
20000.0
20000.0
20000.0
20000.0
20000.0
20000.0
20000.0
19999.998046875
20000.0
20000.0
20000.0
20000.0
20000.0
20000.0
20000.0
19999.998046875
20000.0
20000.0
20000.0
20000.0
20000.0
19999.912109375
19124.109375
18116.451171875
17335.83984375
16729.31640625
16295.6650390625
15902.193359375
15531.560546875
15159.05859375
14779.369140625
14436.1650390625
14104.912109375
13787.951171875
13509.580078125
13206.9365234375
12925.859375
12646.2998046875
12385.6826171875
12125.4521484375
11873.9228515625
11637.2255859375
11398.95703125
11157.646484375
10909.556640625
10667.6181640625
10453.236328125
10218.8828125
9994.359375
9766.5029296875
9572.498046875
9375.6943359375
9175.541015625
8986.0166015625
8795.671875
8613.5224609375
8431.8134765625
8256.2451171875
8101.58984375
7935.80615234375
7782.50537109375
7632.32421875
7490.5380859375
7345.7353515625
7203.80126953125
7071.93896484375
6940.8349609375
6819.4912109375
6699.26611328125
6584.189453125
6483.66552734375
6375.74755859375
6270.0390625
6165.8076171875
6070.37109375
5976.59423828125
5887.017578125
5803.3291015625
5719.5361328125
5641.14208984375
5562.93994140625
5487.68994140625
5421.3818359375
5349.69970703125
5286.00244140625
5221.564453125
5160.0205078125
5099.16064453125
5040.72119140625
4989.43359375
4939.033203125
4890.87744140625
4841.86865234375
