20000.0
20000.0
20000.0
20000.0
20000.0
20000.0
20000.0
20000.0
20000.0
20000.0
20000.0
20000.0
20000.0
20000.0
20000.0
20000.0
20000.0
20000.0
20000.0
20000.0
20000.0
20000.0
20000.0
20000.0
20000.0
20000.0
20000.0
20000.0
20000.0
20000.0
20000.0
20000.0
20000.0
20000.0
19999.998046875
20000.0
20000.0
20000.0
20000.0
20000.0
20000.0
20000.0
20000.0
20000.0
20000.0
19999.998046875
20000.0
20000.0
19999.982421875
19999.998046875
20000.0
20000.0
19999.998046875
19999.99609375
20000.0
19999.9765625
19963.4140625
19225.48828125
18555.7109375
17887.396484375
17260.58203125
16662.740234375
16107.4619140625
15631.7138671875
15177.19921875
14746.94140625
14375.3916015625
14004.6162109375
13662.33203125
13323.64453125
13010.6484375
12702.6552734375
12409.283203125
12138.669921875
11871.75
11624.3994140625
11404.2109375
11202.4384765625
11027.953125
10842.6884765625
10669.8798828125
10497.2705078125
10335.380859375
10173.1552734375
10015.53125
9866.9658203125
9717.4814453125
9576.6416015625
9434.423828125
9295.9013671875
9174.123046875
9043.3017578125
8920.63671875
8795.50390625
8678.7373046875
8560.98046875
8445.8818359375
8337.134765625
8227.6298828125
8125.36669921875
8027.05029296875
7903.76025390625
7806.7431640625
7703.5693359375
7605.27685546875
7510.5048828125
7424.2763671875
7339.7255859375
7258.978515625
7183.37353515625
7096.6728515625
6990.01611328125
6879.18798828125
6777.91162109375
6687.8544921875
6597.28369140625
6518.83251953125
6446.66748046875
6379.19482421875
6307.06005859375
6234.52685546875
6166.685546875
6099.3876953125
6031.5771484375
5957.52978515625
