20000.0
20000.0
20000.0
20000.0
20000.0
20000.0
20000.0
20000.0
20000.0
20000.0
20000.0
20000.0
20000.0
20000.0
20000.0
20000.0
20000.0
20000.0
20000.0
20000.0
19999.99609375
20000.0
20000.0
20000.0
20000.0
20000.0
20000.0
20000.0
20000.0
20000.0
19999.998046875
20000.0
20000.0
20000.0
19999.921875
20000.0
20000.0
20000.0
19999.998046875
20000.0
20000.0
20000.0
20000.0
20000.0
20000.0
20000.0
20000.0
20000.0
20000.0
20000.0
20000.0
19743.5625
19474.125
18971.42578125
18436.76953125
17961.625
17329.07421875
16752.123046875
16206.8583984375
15695.0029296875
15196.2919921875
14728.0751953125
14291.7861328125
13891.1162109375
13534.77734375
13185.8212890625
12869.453125
12603.5947265625
12306.794921875
12027.2978515625
11751.8046875
11498.31640625
11249.1865234375
11032.5458984375
10849.552734375
10667.521484375
10496.728515625
10324.23828125
10155.15234375
10004.7763671875
9842.7490234375
9692.330078125
9542.7783203125
9403.2138671875
9263.0009765625
9125.8935546875
8996.212890625
8865.0107421875
8740.537109375
8614.322265625
8490.576171875
8381.5361328125
8263.857421875
8152.72412109375
8040.53369140625
7934.486328125
7809.77978515625
7680.353515625
7572.38330078125
7464.994140625
7364.18701171875
7275.12060546875
7192.50341796875
7119.119140625
7038.96533203125
6962.7841796875
6879.88525390625
6773.75390625
6662.390625
6560.18359375
6470.15380859375
6385.40966796875
6309.63134765625
6237.244140625
6166.50244140625
6101.45458984375
6029.08642578125
5959.7451171875
5887.33349609375
5816.87548828125
5742.13232421875
5667.955078125
5599.5869140625
5531.5244140625
5466.626953125
5400.857421875
