20000.0
20000.0
20000.0
20000.0
20000.0
20000.0
20000.0
20000.0
20000.0
20000.0
20000.0
20000.0
20000.0
20000.0
20000.0
20000.0
20000.0
20000.0
20000.0
20000.0
20000.0
20000.0
20000.0
20000.0
20000.0
20000.0
20000.0
20000.0
20000.0
20000.0
20000.0
20000.0
19999.970703125
20000.001953125
20000.0
20000.0
20000.0
20000.0
20000.0
20000.0
20000.0
20000.0
20000.0
20000.0
20000.0
20000.0
20000.0
20000.0
20000.0
20000.0
20000.0
19752.416015625
18816.697265625
17995.44921875
17318.84375
16616.966796875
16005.1474609375
15438.1162109375
14952.66015625
14510.693359375
14082.197265625
13648.3759765625
13239.1015625
12875.5634765625
12526.97265625
12244.2080078125
12006.826171875
11755.587890625
11522.73828125
11286.9091796875
11066.044921875
10849.34375
10645.916015625
10460.4794921875
10278.869140625
10110.353515625
9943.0029296875
9782.107421875
9643.4775390625
9495.2421875
9319.1982421875
9146.3115234375
8996.3388671875
8839.4697265625
8678.8369140625
8549.8291015625
8428.0029296875
8305.421875
8183.63623046875
8070.44287109375
7963.02001953125
7842.080078125
7729.41796875
7616.73583984375
7513.8916015625
7415.0244140625
7321.82861328125
7233.28955078125
7142.54931640625
7052.57666015625
6961.78515625
6874.88427734375
6800.49755859375
6720.568359375
6645.4765625
6572.08203125
6508.6328125
6443.94287109375
6377.76513671875
6312.43359375
6244.32568359375
6178.9169921875
6113.4873046875
6050.88134765625
5997.2470703125
5940.7255859375
5888.111328125
5835.107421875
5784.68359375
5733.97265625
5684.94775390625
5640.7548828125
5598.86572265625
5559.1337890625
5518.18505859375
