20000.0
20000.0
20000.0
20000.0
20000.0
20000.0
20000.0
20000.0
20000.0
20000.0
20000.0
20000.0
20000.0
20000.0
20000.0
20000.0
20000.0
20000.0
20000.0
20000.0
20000.0
20000.0
20000.0
20000.0
20000.0
20000.0
20000.0
20000.0
20000.0
20000.0
20000.0
20000.0
20000.0
20000.0
20000.0
19999.591796875
20000.0
19999.9765625
20000.0
20000.0
20000.0
20000.0
20000.0
20000.0
20000.0
20000.0
20000.0
19999.98046875
19999.919921875
20000.0
20000.0
20000.0
19999.9375
20000.0
20000.0
20000.0
20000.0
20000.0
20000.0
20000.0
20000.0
20000.0
20000.0
20000.0
20000.0
20000.0
20000.0
19894.205078125
18999.1640625
18202.638671875
17443.673828125
16790.1484375
16213.78125
15581.443359375
15085.7158203125
14617.29296875
14194.2587890625
13782.1455078125
13407.87890625
13104.595703125
12660.7890625
12247.572265625
11899.5546875
11590.8349609375
11278.9384765625
10969.666015625
10677.1015625
10388.494140625
10127.2705078125
9873.236328125
9639.962890625
9442.2626953125
9229.5234375
9028.7001953125
8827.720703125
8639.4208984375
8448.1083984375
8259.6181640625
8081.2490234375
7874.66845703125
7682.2958984375
7497.025390625
7325.14013671875
7179.50927734375
7029.0791015625
6890.337890625
6750.12841796875
6615.08544921875
6477.31689453125
6344.09423828125
6228.75634765625
6119.80615234375
6018.3974609375
5914.779296875
5813.05859375
5723.8662109375
5629.75390625
5544.74267578125
5463.33203125
5388.92724609375
5319.39111328125
5251.31591796875
5189.7978515625
5133.5849609375
5082.982421875
5032.09765625
