20000.0
20000.0
19946.947265625
18766.453125
17693.10546875
17055.224609375
16805.041015625
16987.03125
17485.34375
18043.458984375
18607.22265625
19129.330078125
19585.166015625
20000.0
20000.0
19999.998046875
20000.0
20000.0
20000.0
20000.0
20000.0
20000.0
20000.0
20000.0
20000.0
20000.0
20000.001953125
20000.0
20000.0
19999.998046875
19094.63671875
18355.39453125
17876.89453125
17536.916015625
17244.52734375
16968.775390625
16635.400390625
16226.650390625
15817.361328125
15304.0947265625
14785.9609375
14327.4833984375
13785.9814453125
13310.8798828125
12870.5390625
12491.7265625
12125.78515625
11763.7412109375
11414.6015625
11092.7060546875
10810.6171875
10532.533203125
10266.09375
10036.474609375
9789.0986328125
9569.8388671875
9360.1826171875
9168.8212890625
8979.734375
8823.3818359375
8705.7734375
8583.13671875
8448.9296875
8312.072265625
8181.97265625
8068.8095703125
7947.55517578125
7834.88330078125
7721.71630859375
7615.14501953125
7508.3095703125
7404.59619140625
7305.23486328125
7203.13232421875
7107.1123046875
7011.755859375
6920.3916015625
6841.25
6756.35791015625
6676.61572265625
6596.806640625
6521.8271484375
6446.5888671875
6373.6337890625
6304.919921875
6235.5068359375
6169.6240234375
6103.15771484375
6038.548828125
5981.8251953125
5921.01953125
5860.15625
5796.28369140625
5738.78076171875
5682.84912109375
5629.55859375
5579.71484375
5529.61962890625
5482.177734375
5433.556640625
5386.189453125
5345.06640625
5301.31298828125
5260.0673828125
5218.4814453125
5179.0810546875
5138.86376953125
5097.9755859375
5058.61328125
5018.83349609375
4981.359375
4943.78125
4907.2822265625
4875.21044921875
4840.6845703125
4808.17138671875
4775.3154296875
4744.11474609375
4712.4296875
4681.1591796875
4650.99072265625
4619.912109375
4590.0341796875
4560.37109375
