20000.0
20000.0
19810.392578125
18758.044921875
17679.828125
17282.009765625
17108.615234375
17191.078125
17775.423828125
18422.845703125
19053.587890625
19485.34765625
19916.423828125
20000.0
20000.0
20000.0
20000.0
20000.0
20000.0
20000.0
20000.0
20000.0
20000.0
20000.0
20000.0
20000.0
20000.0
20000.0
20000.0
20000.0
19999.986328125
20000.0
20000.0
20000.0
19753.302734375
18952.416015625
18445.4609375
18040.5859375
17690.095703125
17403.001953125
17040.541015625
16528.25
16045.1123046875
15592.89453125
15015.1640625
14503.833984375
14001.4951171875
13533.6982421875
13045.78125
12597.865234375
12218.009765625
11853.99609375
11519.39453125
11181.5888671875
10860.794921875
10591.1435546875
10315.4013671875
10065.9423828125
9822.8828125
9622.2890625
9408.4345703125
9194.8046875
9008.1318359375
8857.8583984375
8717.8095703125
8577.7607421875
8441.6484375
8321.271484375
8190.50732421875
8066.37451171875
7941.6171875
7824.06103515625
7704.787109375
7586.96044921875
7475.8056640625
7362.66552734375
7256.08349609375
7149.35498046875
7045.53857421875
6954.1630859375
6855.86474609375
6763.39111328125
6670.27587890625
6582.38232421875
6493.82568359375
6407.46630859375
6325.8740234375
6243.6025390625
6166.94677734375
6089.3583984375
6013.224609375
5945.72998046875
5872.5947265625
5803.2783203125
5741.99560546875
5682.94970703125
5621.0244140625
5558.8828125
5493.0830078125
5427.068359375
5366.05908203125
5305.50244140625
5247.03076171875
5195.66650390625
5140.2685546875
5087.884765625
5034.927734375
4984.7666015625
4933.94970703125
4884.13818359375
4836.8388671875
4788.8251953125
4743.28564453125
4697.07373046875
4651.86962890625
4611.79638671875
4568.3193359375
4527.1865234375
4485.55224609375
4446.13232421875
4406.3193359375
4367.95458984375
4331.40478515625
4294.0654296875
4258.28759765625
4221.64697265625
