20000.0
20000.0
20000.0
19670.271484375
18565.34765625
18013.95703125
17904.912109375
17816.640625
18127.94140625
18655.9765625
19233.314453125
19828.392578125
20000.0
20000.0
20000.0
20000.0
20000.0
20000.0
20000.0
20000.0
20000.0
20000.0
20000.0
20000.0
20000.0
20000.0
20000.0
20000.0
20000.0
20000.0
20000.0
20000.0
20000.0
20000.0
19369.8671875
18936.669921875
18537.083984375
18160.015625
17701.97265625
17227.271484375
16674.65625
16083.623046875
15555.2265625
14989.505859375
14420.78515625
13902.3515625
13450.3056640625
13009.5439453125
12624.5478515625
12269.380859375
11905.6806640625
11567.43359375
11249.1787109375
10950.669921875
10692.615234375
10416.8486328125
10162.775390625
9911.5224609375
9683.7109375
9466.5498046875
9263.5859375
9116.2138671875
8968.013671875
8827.6728515625
8685.5859375
8560.169921875
8448.7587890625
8320.6728515625
8187.337890625
8057.5390625
7938.20947265625
7819.68896484375
7704.6865234375
7596.03271484375
7486.53955078125
7383.41357421875
7279.58447265625
7178.71240234375
7090.087890625
6994.30712890625
6905.11572265625
6815.849609375
6730.38037109375
6643.0244140625
6558.072265625
6478.6865234375
6399.76318359375
6326.234375
6252.79638671875
6181.3359375
6118.396484375
6050.56787109375
5986.81689453125
5922.76025390625
5862.5419921875
5802.2568359375
5743.74755859375
5688.1591796875
5631.92626953125
5578.75048828125
5525.3515625
5473.2666015625
5426.1064453125
5370.20947265625
5319.36328125
5270.18701171875
5224.94189453125
5179.990234375
5136.39697265625
5095.3017578125
5053.8408203125
5014.5947265625
4974.87353515625
4935.943359375
4901.35205078125
4863.677734375
4828.4404296875
4793.3466796875
4760.27734375
4726.82470703125
4692.693359375
4659.54150390625
4625.76806640625
4593.98583984375
4562.05712890625
