20000.0
20000.0
20000.0
20000.0
19624.09375
19255.994140625
19234.671875
19362.833984375
19681.240234375
20000.0
20000.0
20000.0
20000.0
20000.0
20000.0
20000.0
20000.0
20000.0
20000.0
20000.0
20000.0
20000.0
20000.0
20000.0
20000.0
20000.0
19995.4921875
20000.0
20000.0
20000.0
20000.0
20000.0
19999.990234375
19832.80859375
19272.4453125
18788.3359375
18348.0078125
17973.75390625
17653.76953125
17380.296875
17103.923828125
16835.408203125
16595.107421875
16394.439453125
16217.07421875
15792.0498046875
15383.87109375
14922.51171875
14434.7705078125
13966.7197265625
13511.029296875
13094.326171875
12680.330078125
12296.267578125
11947.0458984375
11625.5009765625
11349.7099609375
11058.9794921875
10784.5927734375
10516.2607421875
10272.65625
10059.4296875
9840.3291015625
9632.2333984375
9447.7421875
9291.810546875
9133.658203125
8978.251953125
8838.9677734375
8691.39453125
8553.8369140625
8416.505859375
8287.54296875
8157.59765625
8030.40380859375
7910.603515625
7789.69384765625
7674.5615234375
7558.2939453125
7445.1123046875
7345.42578125
7237.96044921875
7136.4833984375
7034.44921875
6936.77734375
6839.5009765625
6745.23974609375
6655.93505859375
6565.74267578125
6480.6875
6395.2060546875
6312.0029296875
6238.603515625
6159.392578125
6084.54150390625
6012.1884765625
5949.181640625
5883.771484375
5817.859375
5754.32373046875
5689.49658203125
5627.798828125
5565.05908203125
5503.59326171875
5448.1787109375
5383.4736328125
5323.26025390625
5264.0712890625
5209.0439453125
5153.3984375
5099.115234375
5047.7705078125
4995.82275390625
4946.47705078125
4896.4296875
4847.2900390625
4803.6884765625
4757.03857421875
4712.60888671875
4667.2890625
4624.35693359375
4580.72705078125
4537.65576171875
4496.54443359375
4454.6767578125
4414.669921875
4373.8603515625
