20000.0
20000.0
20000.0
20000.0
20000.0
20000.0
20000.0
20000.0
20000.0
20000.0
20000.0
20000.0
20000.0
20000.0
20000.0
20000.0
20000.0
20000.0
20000.0
20000.0
20000.0
20000.0
20000.0
20000.0
20000.0
20000.0
20000.0
20000.0
20000.0
20000.0
20000.0
19999.998046875
20000.0
20000.0
20000.0
20000.0
19999.998046875
20000.0
19999.998046875
20000.0
20000.0
19999.998046875
20000.0
20000.0
20000.0
19999.998046875
20000.0
20000.0
20000.0
19999.3125
19999.998046875
19999.998046875
20000.0
19301.466796875
18543.8359375
17955.82421875
17405.83203125
16878.25390625
16370.1142578125
15899.3681640625
15464.6982421875
15032.1669921875
14629.78515625
14235.87109375
13861.3486328125
13535.5380859375
13190.7294921875
12863.9990234375
12520.1484375
12194.8662109375
11868.5302734375
11549.328125
11245.732421875
10946.2958984375
10691.166015625
10420.1806640625
10151.1650390625
9914.158203125
9656.1572265625
9417.279296875
9180.232421875
8958.833984375
8742.7216796875
8536.48828125
8336.294921875
8138.01123046875
7954.49072265625
7773.8173828125
7602.7373046875
7455.50244140625
7299.3310546875
7146.70751953125
6995.6630859375
6858.81982421875
6725.3251953125
6597.74951171875
6479.759765625
6363.00341796875
6255.06396484375
6147.34423828125
6042.94775390625
5951.47216796875
5853.47314453125
5762.52783203125
5673.44140625
5595.32763671875
5517.0537109375
5443.849609375
5364.44677734375
5280.59130859375
5203.80615234375
5128.9501953125
5057.34375
4994.82470703125
4927.99853515625
4865.533203125
4803.595703125
4746.38525390625
4690.25390625
4636.80029296875
4588.783203125
4543.89794921875
4502.3935546875
4460.67333984375
