20000.0
20000.0
20000.0
19876.6640625
18902.20703125
18402.888671875
17989.96484375
17861.9375
17708.138671875
17764.896484375
18228.3671875
18900.048828125
19563.904296875
20000.0
20000.0
20000.0
20000.0
20000.0
20000.0
20000.0
20000.0
20000.0
20000.0
20000.0
20000.0
20000.0
20000.0
20000.0
20000.0
20000.0
20000.0
20000.0
19999.998046875
19407.416015625
18930.166015625
18522.37890625
18172.73828125
17778.638671875
17297.66015625
16831.171875
16230.1943359375
15646.9775390625
15061.9541015625
14455.4716796875
13950.8291015625
13452.63671875
13000.75390625
12604.236328125
12218.9248046875
11826.9716796875
11462.5283203125
11138.7890625
10824.8115234375
10533.2421875
10247.1650390625
9974.4384765625
9743.51953125
9508.9443359375
9296.115234375
9129.4951171875
8974.865234375
8818.861328125
8680.685546875
8549.50390625
8407.6083984375
8263.3203125
8123.48974609375
7990.34228515625
7874.32373046875
7749.3203125
7631.51318359375
7513.66357421875
7402.9775390625
7292.03173828125
7184.830078125
7084.654296875
6984.33935546875
6888.205078125
6790.4453125
6696.03369140625
6613.9306640625
6526.744140625
6445.55517578125
6364.43310546875
6288.19287109375
6211.76513671875
6137.75390625
6068.4658203125
5999.0869140625
5933.97509765625
5868.7421875
5805.17626953125
5748.58251953125
5687.65576171875
5630.4267578125
5572.83056640625
5511.96240234375
5453.30859375
5398.61767578125
5348.33544921875
5298.36279296875
5251.482421875
5204.30029296875
5158.21142578125
5117.45458984375
5073.29150390625
5031.376953125
4989.71044921875
4950.7744140625
4911.58544921875
4873.19775390625
4836.02783203125
4797.27734375
4760.20458984375
4722.810546875
4686.515625
4654.92724609375
4620.82080078125
4588.4873046875
4555.77783203125
4524.748046875
4493.3701171875
4462.65087890625
4433.56005859375
4403.9384765625
4375.49755859375
4346.47998046875
