20000.0
20000.0
20000.0
19814.6796875
18708.875
18288.916015625
17825.755859375
17552.11328125
17306.775390625
17472.228515625
17937.5078125
18480.400390625
19037.037109375
19557.1640625
20000.0
20000.0
20000.0
20000.0
20000.0
20000.0
20000.0
20000.0
20000.0
20000.0
20000.0
20000.0
20000.0
20000.0
20000.0
20000.0
20000.0
20000.0
20000.0
19999.998046875
19999.974609375
19684.91796875
18993.365234375
18560.03125
18182.943359375
17820.923828125
17425.763671875
16982.2109375
16469.796875
15975.1630859375
15426.8017578125
14908.330078125
14341.7451171875
13853.759765625
13401.5546875
12983.26953125
12628.66015625
12260.736328125
11906.5380859375
11569.5361328125
11267.3076171875
11011.7607421875
10736.86328125
10480.7333984375
10227.6005859375
9992.306640625
9769.302734375
9562.013671875
9372.1474609375
9184.123046875
9029.607421875
8899.6162109375
8778.404296875
8668.1337890625
8528.3369140625
8399.2548828125
8273.13671875
8156.1142578125
8038.4248046875
7923.66259765625
7815.458984375
7706.64794921875
7604.3759765625
7501.90283203125
7402.10888671875
7314.13916015625
7217.16064453125
7125.0
7032.75146484375
6946.9541015625
6861.84521484375
6779.7099609375
6702.490234375
6624.87890625
6551.85546875
6478.45751953125
6407.255859375
6344.68896484375
6277.55810546875
6214.01318359375
6149.73486328125
6088.9384765625
6027.5625
5967.92333984375
5911.85595703125
5855.72998046875
5799.61279296875
5740.0517578125
5684.09521484375
5636.42626953125
5586.09033203125
5539.07470703125
5491.8291015625
5447.18505859375
5402.08154296875
5357.8759765625
5315.9052734375
5273.62158203125
5234.20654296875
5194.759765625
5156.2275390625
5121.99755859375
5084.80078125
5048.10693359375
5010.224609375
4974.24853515625
4938.0390625
4902.75341796875
4869.42236328125
4835.81005859375
4804.01513671875
4771.912109375
