20000.0
20000.0
20000.0
20000.0
20000.0
19948.96484375
20000.0
20000.0
20000.0
20000.0
20000.0
20000.0
20000.0
20000.0
20000.0
20000.0
20000.0
20000.0
20000.0
20000.0
20000.0
20000.0
20000.0
20000.0
20000.0
19999.9921875
20000.0
20000.0
20000.005859375
20000.0
20000.0
20000.0
20000.001953125
20000.0
20000.0
19911.55078125
19433.892578125
19039.52734375
18692.1015625
18397.8125
18112.134765625
17818.966796875
17583.107421875
17362.158203125
17140.33203125
16696.173828125
16263.4091796875
15778.9306640625
15253.091796875
14777.2705078125
14299.43359375
13862.9306640625
13431.5849609375
13009.8115234375
12673.4228515625
12335.060546875
12024.8408203125
11719.5166015625
11430.9208984375
11147.14453125
10875.3310546875
10648.3486328125
10419.5625
10201.5771484375
9983.787109375
9774.3466796875
9626.1953125
9466.08984375
9312.0732421875
9158.5048828125
9015.6669921875
8873.23828125
8735.177734375
8605.1923828125
8475.6015625
8352.23046875
8226.4189453125
8102.77001953125
7993.07568359375
7875.13134765625
7764.02099609375
7652.26953125
7547.091796875
7441.01708984375
7336.9248046875
7238.37255859375
7139.78662109375
7046.89501953125
6953.0537109375
6861.32958984375
6780.51513671875
6693.55078125
6611.45458984375
6528.7109375
6450.63916015625
6371.92431640625
6302.04638671875
6237.19091796875
6169.72705078125
6104.38037109375
6037.15771484375
5970.79638671875
5911.71826171875
5847.43017578125
5786.2880859375
5723.65966796875
5658.25390625
5593.0205078125
5530.89306640625
5473.1708984375
5415.455078125
5361.10205078125
5306.3203125
5252.69970703125
5205.13134765625
5153.42236328125
5104.2314453125
5054.38330078125
5007.6455078125
4960.0966796875
4913.16796875
4868.41455078125
4823.2041015625
4780.07275390625
4736.07177734375
