20000.0
20000.0
20000.0
19798.400390625
18707.5
18201.556640625
18079.0546875
18222.10546875
18867.2421875
19525.72265625
20000.0
20000.0
20000.0
20000.0
20000.0
20000.0
20000.0
20000.0
20000.0
20000.0
20000.0
20000.0
20000.0
20000.0
20000.0
20000.0
20000.0
20000.0
19999.5703125
19999.951171875
20000.0
20000.0
19999.994140625
19876.93359375
19268.751953125
18816.736328125
18410.466796875
18063.154296875
17761.375
17494.490234375
17265.859375
16925.3203125
16435.375
16027.3603515625
15491.3076171875
14948.0234375
14437.80859375
13949.2216796875
13468.9443359375
12993.2001953125
12583.453125
12205.435546875
11864.7529296875
11532.595703125
11206.947265625
10927.0439453125
10641.083984375
10383.8525390625
10137.6494140625
9931.7548828125
9717.52734375
9504.87890625
9311.7001953125
9151.1640625
9002.880859375
8855.6669921875
8713.56640625
8586.2490234375
8447.61328125
8316.068359375
8182.70703125
8056.3056640625
7929.2255859375
7805.8330078125
7689.814453125
7573.14697265625
7463.203125
7352.58154296875
7243.12353515625
7147.51220703125
7044.7529296875
6948.6103515625
6851.9697265625
6760.49951171875
6668.30712890625
6578.23046875
6493.09423828125
6407.404296875
6326.41845703125
6244.81396484375
6165.3154296875
6095.03076171875
6019.14697265625
5952.68017578125
5888.26220703125
5825.4453125
5760.0693359375
5694.8115234375
5632.29541015625
5566.71142578125
5500.712890625
5435.32373046875
5373.0712890625
5318.95947265625
5261.08154296875
5206.71240234375
5152.02685546875
5100.4111328125
5048.34375
4997.3955078125
4949.0244140625
4900.06787109375
4853.47900390625
4806.212890625
4759.77978515625
4718.65966796875
4674.0185546875
4631.9052734375
4589.59765625
4549.31201171875
4507.9873046875
4466.8515625
4427.4794921875
4387.2158203125
4348.6806640625
4309.3515625
