20000.0
20000.0
20000.0
19985.517578125
18978.203125
18524.1875
18409.13671875
18519.6953125
19127.865234375
19754.26953125
20000.0
20000.0
20000.0
20000.0
20000.0
20000.0
20000.0
20000.0
20000.0
20000.0
20000.0
20000.0
20000.0
20000.0
20000.0
20000.0
20000.0
20000.0
19999.470703125
19999.986328125
20000.0
20000.0
19999.998046875
19835.462890625
19191.984375
18700.5546875
18278.37890625
17878.50390625
17551.009765625
17263.517578125
17018.17578125
16786.45703125
16539.86328125
16331.9013671875
16128.0126953125
15971.2744140625
15773.5498046875
15407.75
15029.3408203125
14604.7265625
14161.744140625
13732.4873046875
13328.3759765625
12932.638671875
12559.7275390625
12213.466796875
11877.6953125
11585.1669921875
11301.3046875
11038.6064453125
10776.4912109375
10522.3603515625
10289.1240234375
10062.53125
9866.138671875
9679.2646484375
9492.5576171875
9333.4931640625
9191.7822265625
9055.5771484375
8914.8017578125
8778.740234375
8642.833984375
8512.103515625
8389.70703125
8267.0625
8151.56591796875
8034.7841796875
7920.0986328125
7818.2861328125
7707.58544921875
7602.470703125
7496.39990234375
7396.4921875
7296.67529296875
7199.5869140625
7107.28271484375
7013.673828125
6924.7607421875
6833.576171875
6745.61767578125
6668.38720703125
6584.6640625
6505.40185546875
6425.349609375
6349.74365234375
6273.546875
6199.0361328125
6128.48095703125
6057.25732421875
5989.82861328125
5921.68310546875
5857.38818359375
5805.47802734375
5748.1494140625
5691.88671875
5633.52685546875
5577.4033203125
5520.00048828125
5463.47705078125
5409.6787109375
5354.400390625
5297.640625
5241.162109375
5187.34423828125
5140.58251953125
5090.56396484375
5043.50439453125
4996.125
4951.23583984375
4905.74658203125
4861.0556640625
4818.53857421875
4775.27880859375
4734.0751953125
4691.65869140625
