20000.0
20000.0
20000.0
20000.0
20000.0
19370.201171875
19108.23046875
19110.232421875
19641.505859375
20000.0
20000.0
20000.0
20000.0
20000.0
20000.0
20000.0
20000.0
20000.0
20000.0
20000.0
20000.0
20000.0
20000.0
20000.0
20000.0
20000.0
20000.0
20000.0
20000.0
20000.0
20000.0
20000.0
19995.337890625
20000.0
20000.0
19999.99609375
20000.0
20000.0
20000.0
20000.0
20000.0
19715.876953125
19262.642578125
18770.685546875
18210.275390625
17645.30078125
16969.166015625
16362.3935546875
15768.109375
15199.255859375
14638.2509765625
14126.779296875
13691.0546875
13273.45703125
12874.8486328125
12521.2392578125
12149.4521484375
11819.0576171875
11505.5908203125
11239.7216796875
10985.1123046875
10727.9619140625
10481.994140625
10241.2744140625
10020.376953125
9801.072265625
9616.2958984375
9469.1708984375
9311.408203125
9162.86328125
9012.9462890625
8871.583984375
8729.3876953125
8590.8203125
8460.4990234375
8329.6513671875
8203.896484375
8078.353515625
7957.017578125
7850.6484375
7737.794921875
7630.9697265625
7522.89208984375
7420.6376953125
7317.47705078125
7217.07421875
7122.35888671875
7026.95654296875
6937.0107421875
6846.31884765625
6757.81640625
6684.83935546875
6609.44287109375
6536.07568359375
6459.91796875
6386.45556640625
6310.42041015625
6229.5947265625
6154.40234375
6080.49951171875
6011.9130859375
5943.5263671875
5877.212890625
5818.83984375
5755.8984375
5696.47607421875
5636.50439453125
5579.68603515625
5522.173828125
5465.7890625
5412.26953125
5358.00537109375
5306.58447265625
5253.76708984375
5201.65673828125
5155.8466796875
5106.5966796875
5059.677734375
5011.89990234375
4966.26611328125
4919.65234375
4873.58740234375
4829.564453125
4784.71240234375
4741.96337890625
4698.51416015625
