20000.0
20000.0
20000.0
20000.0
19787.439453125
19679.544921875
19883.109375
20000.0
20000.0
20000.0
20000.0
20000.0
20000.0
20000.0
20000.0
20000.0
20000.0
20000.0
20000.0
20000.0
20000.0
20000.0
20000.0
20000.0
20000.0
19999.931640625
19999.955078125
20000.0
19999.994140625
20000.0
19955.369140625
19402.650390625
18901.5703125
18482.958984375
18137.412109375
17822.2578125
17498.365234375
17215.11328125
16958.771484375
16764.376953125
16313.0517578125
15857.4794921875
15404.4033203125
14851.646484375
14347.9833984375
13843.7880859375
13385.7041015625
12919.2373046875
12502.654296875
12138.2880859375
11786.4873046875
11463.6962890625
11141.052734375
10832.04296875
10592.466796875
10333.3310546875
10089.095703125
9847.3662109375
9633.1435546875
9452.9453125
9275.908203125
9108.869140625
8943.9599609375
8790.505859375
8637.3525390625
8488.57421875
8358.9697265625
8217.556640625
8083.05908203125
7947.12109375
7819.5546875
7691.84814453125
7567.86279296875
7451.51806640625
7333.7763671875
7222.9150390625
7112.12744140625
7004.26904296875
6909.35400390625
6807.28955078125
6711.4208984375
6615.212890625
6524.716796875
6433.77490234375
6352.5673828125
6277.51806640625
6199.498046875
6124.2216796875
6047.302734375
5971.82666015625
5904.9443359375
5832.46533203125
5761.72802734375
5686.16162109375
5616.05029296875
5546.57421875
5479.75390625
5417.0986328125
5354.11376953125
5294.62060546875
5234.47119140625
5175.60791015625
5123.5810546875
5067.93603515625
5015.00341796875
4961.22314453125
4910.03271484375
4858.28125
4807.26416015625
4758.55859375
4708.93701171875
4661.615234375
4613.52197265625
4566.30615234375
4524.40380859375
4478.126953125
4435.29638671875
4393.72607421875
4355.62255859375
4317.78369140625
4281.20751953125
4246.02099609375
4209.90673828125
4175.68896484375
4140.89990234375
