20000.0
20000.0
20000.0
20000.0
19348.888671875
18807.509765625
18330.724609375
18093.951171875
17909.017578125
17930.8203125
18521.40234375
19244.2734375
19919.60546875
20000.0
20000.0
20000.0
20000.0
20000.0
20000.0
20000.0
20000.0
20000.0
20000.0
20000.0
20000.0
20000.0
19999.99609375
20000.0
20000.0
20000.0
19999.98046875
19999.9921875
19999.986328125
19348.515625
18694.939453125
18028.33203125
17291.62890625
16527.8125
15789.734375
15044.234375
14374.8115234375
13794.5322265625
13251.763671875
12767.6005859375
12334.630859375
11899.845703125
11519.2724609375
11146.7607421875
10803.4951171875
10469.14453125
10157.576171875
9883.8427734375
9621.560546875
9381.7587890625
9188.283203125
9015.880859375
8871.8896484375
8704.3583984375
8535.8046875
8371.7529296875
8220.5654296875
8069.89990234375
7924.3115234375
7788.09912109375
7651.99853515625
7525.14892578125
7397.65966796875
7276.06103515625
7168.03564453125
7050.2255859375
6940.71923828125
6832.76025390625
6733.02392578125
6634.17529296875
6538.72607421875
6449.41552734375
6360.37255859375
6277.34765625
6194.509765625
6114.37939453125
6043.55908203125
5967.78662109375
5896.82470703125
5825.9580078125
5759.67236328125
5687.33837890625
5617.68408203125
5554.91357421875
5493.73291015625
5436.91650390625
5380.21142578125
5325.14892578125
5276.6962890625
5224.38134765625
5174.89453125
5125.23876953125
5079.275390625
5033.4013671875
4988.2978515625
4943.94189453125
4898.99560546875
4856.49951171875
4813.775390625
4772.31591796875
4735.888671875
4696.73486328125
4659.853515625
4622.66943359375
4587.49462890625
4552.23583984375
4517.95263671875
4485.0712890625
4451.6904296875
4419.96630859375
4388.95703125
4362.73486328125
4340.55322265625
4316.509765625
4292.83837890625
4265.35009765625
4235.17724609375
4202.0673828125
4171.15380859375
4143.09130859375
4115.5576171875
4089.965087890625
4060.865966796875
