20000.0
20000.0
19999.998046875
19010.142578125
17786.060546875
17342.421875
16976.28515625
16862.046875
16728.974609375
16799.681640625
16980.173828125
17242.298828125
17922.15234375
18560.833984375
19160.853515625
19689.6171875
20000.0
20000.0
20000.0
20000.0
20000.0
20000.0
20000.0
20000.0
20000.0
20000.0
20000.0
20000.0
20000.0
20000.0
20000.0
19844.89453125
18853.16015625
18145.58984375
17680.111328125
17252.15234375
16756.958984375
16249.380859375
15637.1240234375
15009.8759765625
14421.2099609375
13799.966796875
13244.4453125
12733.9287109375
12255.0810546875
11883.572265625
11489.6005859375
11113.0048828125
10760.0048828125
10447.1787109375
10144.5673828125
9855.359375
9591.123046875
9328.3701171875
9096.439453125
8874.162109375
8700.4501953125
8558.58984375
8404.765625
8261.287109375
8130.8203125
7997.423828125
7850.17041015625
7711.2724609375
7583.5859375
7456.9609375
7338.2734375
7218.6201171875
7102.1044921875
6999.72119140625
6889.64208984375
6786.0546875
6682.92041015625
6587.23876953125
6489.3583984375
6393.91748046875
6305.0849609375
6217.09765625
6135.251953125
6053.59375
5974.47900390625
5905.01708984375
5830.5751953125
5760.7109375
5690.7978515625
5625.23583984375
5559.638671875
5496.080078125
5436.4873046875
5376.70556640625
5320.6064453125
5261.4326171875
5200.8828125
5149.77783203125
5096.76904296875
5047.37744140625
4998.19677734375
4952.08056640625
4905.8798828125
4860.861328125
4818.30322265625
4775.31787109375
4734.52978515625
4694.0
4655.021484375
4620.7451171875
4582.40478515625
4545.216796875
4507.478515625
4471.8974609375
4436.1796875
4401.4833984375
4368.82861328125
4336.0302734375
4305.0478515625
4273.7392578125
4243.07177734375
4215.89501953125
4186.1640625
4157.54541015625
4128.314453125
4100.609375
4072.73876953125
4045.527587890625
4023.4638671875
4001.385986328125
3979.929443359375
3957.52001953125
