20000.0
20000.0
20000.0
20000.0
20000.0
19999.990234375
20000.0
20000.0
20000.0
20000.0
20000.0
20000.0
20000.0
20000.0
20000.0
20000.0
20000.0
20000.0
20000.0
20000.0
20000.0
20000.0
20000.0
20000.0
20000.0
20000.0
20000.0
20000.0
20000.0
20000.0
20000.0
20000.0
20000.0
20000.0
20000.0
20000.0
20000.0
19999.98828125
20000.0
20000.0
20000.0
20000.0
20000.0
20000.0
19999.998046875
20000.0
20000.0
20000.0
20000.0
20000.0
20000.0
20000.0
19999.998046875
20000.0
20000.0
20000.0
19999.998046875
19999.998046875
19999.998046875
20000.0
20000.0
20000.0
20000.0
20000.0
20000.0078125
20000.0
19999.998046875
20000.0
20000.0
20000.0
20000.0
19636.150390625
18865.37109375
18163.015625
17504.546875
16917.8203125
16351.4326171875
15821.7080078125
15291.87109375
14801.412109375
14405.615234375
14030.873046875
13686.548828125
13370.2509765625
13069.380859375
12799.7607421875
12542.87109375
12253.2392578125
11923.255859375
11622.333984375
11386.80078125
11143.5888671875
10916.3916015625
10684.1611328125
10456.87890625
10213.9951171875
9981.3447265625
9771.412109375
9568.5576171875
9381.6513671875
9200.6494140625
9033.1748046875
8890.0595703125
8738.1708984375
8596.3828125
8452.3759765625
8313.4462890625
8166.17578125
8016.0595703125
7871.533203125
7724.18603515625
7583.13720703125
7438.9560546875
7298.75439453125
7175.08935546875
7027.2099609375
6882.06591796875
6740.76513671875
6612.76416015625
6489.548828125
6374.748046875
6271.73291015625
6169.9169921875
6074.18408203125
5977.255859375
