20000.0
20000.0
20000.0
20000.0
20000.0
20000.0
20000.0
20000.0
20000.0
20000.0
20000.0
20000.0
20000.0
20000.0
20000.0
20000.0
20000.0
20000.0
20000.0
20000.0
20000.0
20000.0
20000.0
20000.0
20000.0
20000.0
20000.0
19999.724609375
20000.0
20000.0
20000.0
20000.015625
20000.0
20000.0
20000.0
20000.0
20000.0
20000.0
20000.0
20000.0
20000.0
20000.0
19999.998046875
19999.994140625
20000.0
20000.0
20000.0
20000.0
19999.9296875
20000.0
19627.064453125
18657.587890625
17932.703125
17637.048828125
17359.66796875
16882.08203125
16344.380859375
15856.4765625
15390.619140625
14960.9345703125
14532.2919921875
14126.4228515625
13753.6162109375
13387.1689453125
13048.4794921875
12712.900390625
12377.263671875
12074.9892578125
11750.54296875
11444.197265625
11134.466796875
10841.4580078125
10575.2138671875
10310.2958984375
10052.142578125
9791.396484375
9545.9765625
9301.8486328125
9067.822265625
8862.1865234375
8646.2373046875
8448.8720703125
8247.859375
8058.4970703125
7871.30517578125
7692.537109375
7528.39111328125
7367.74072265625
7218.99853515625
7068.7998046875
6920.1279296875
6793.13134765625
6661.36865234375
6539.369140625
6419.1240234375
6307.572265625
6197.421875
6091.58203125
5992.234375
5892.80712890625
5799.52001953125
5706.89013671875
5618.5732421875
5546.9609375
5470.31103515625
5398.72119140625
5321.37744140625
5241.95751953125
5163.1796875
5089.107421875
5020.8251953125
4952.994140625
4889.5498046875
4826.15380859375
4765.2763671875
4712.71435546875
4657.52685546875
4606.5458984375
4557.9052734375
4515.3232421875
4473.1943359375
4432.17626953125
4393.46142578125
4354.443359375
4317.6396484375
4280.66943359375
