20000.0
20000.0
20000.0
20000.0
20000.0
20000.0
20000.0
20000.0
20000.0
20000.0
20000.0
20000.0
20000.0
20000.0
20000.0
20000.0
20000.0
20000.0
20000.0
20000.0
20000.0
20000.0
20000.0
20000.0
20000.0
20000.0
20000.0
20000.0
20000.0
19999.736328125
20000.0
20000.013671875
20000.0
19999.96875
20000.0
19999.9921875
20000.0
20000.0
20000.0
20000.0
20000.0
20000.0
20000.0
20000.0
20000.0
20000.0
19999.982421875
20000.0
20000.0
20000.0
20000.0
19999.98046875
19999.955078125
20000.0
20000.0
20000.0
19208.201171875
18425.310546875
17651.408203125
16992.783203125
16385.494140625
15864.7158203125
15368.8388671875
14873.5390625
14423.705078125
13991.8193359375
13590.025390625
13249.056640625
12895.0185546875
12571.83984375
12275.060546875
12023.2333984375
11776.21484375
11541.62890625
11324.6416015625
11109.232421875
10908.0654296875
10664.8037109375
10432.921875
10246.3388671875
10051.380859375
9870.513671875
9684.6513671875
9522.3154296875
9366.0537109375
9219.80078125
9090.673828125
8914.3330078125
8737.2626953125
8569.07421875
8418.6455078125
8294.3134765625
8165.4814453125
8041.90087890625
7915.6044921875
7797.5732421875
7671.71240234375
7544.0244140625
7423.44482421875
7296.5341796875
7173.564453125
7053.25732421875
6940.537109375
6842.9208984375
6737.19970703125
6637.658203125
6538.9619140625
6448.4033203125
6359.20947265625
6273.00927734375
6192.4619140625
6110.22216796875
6030.166015625
5947.43798828125
5865.248046875
5792.146484375
5709.5205078125
5627.73046875
5543.0048828125
5461.77099609375
5379.30712890625
5297.806640625
5219.89501953125
5140.47705078125
5065.01171875
4983.56396484375
