20000.0
20000.0
20000.0
20000.0
20000.0
20000.0
20000.0
20000.0
20000.0
19999.998046875
20000.0
20000.0
20000.0
20000.0
20000.0
20000.0
20000.0
20000.0
20000.0
20000.0
20000.0
20000.0
20000.0
20000.0
20000.0
20000.0
20000.0
20000.0
20000.0
20000.0
20000.0
20000.0
20000.0
20000.0
20000.0
20000.0
20000.0
20000.0
20000.0
20000.0
20000.0
19999.998046875
20000.0
20000.0
19999.998046875
20000.0
20000.0
20000.0
19747.0703125
18926.25390625
18126.625
17404.09375
16777.88671875
16193.0537109375
15654.1435546875
15175.7373046875
14661.0224609375
14215.6123046875
13799.3916015625
13417.0263671875
13036.900390625
12678.2451171875
12343.4365234375
12026.8134765625
11744.2451171875
11474.5048828125
11219.0380859375
10997.5390625
10775.2060546875
10588.8701171875
10418.96875
10251.8837890625
10069.3955078125
9898.0068359375
9741.37109375
9586.4296875
9441.4365234375
9295.7900390625
9154.72265625
9030.9326171875
8897.88671875
8774.333984375
8650.939453125
8534.38671875
8416.1103515625
8297.234375
8184.13818359375
8071.54345703125
7967.3740234375
7864.62939453125
7766.2626953125
7680.65869140625
7588.6025390625
7501.89599609375
7414.85888671875
7333.0205078125
7250.84326171875
7171.06640625
7096.20849609375
7020.59912109375
6948.904296875
6876.31787109375
6805.48828125
6743.75390625
6677.4482421875
6613.38134765625
6542.34765625
6477.57177734375
6414.7958984375
6355.03173828125
6299.1845703125
6243.4462890625
6184.5947265625
6114.55859375
6050.39404296875
5998.23876953125
5946.47119140625
5900.3525390625
5853.06494140625
5804.54443359375
5755.578125
5709.0439453125
5666.3369140625
5624.39501953125
5579.64794921875
5529.74169921875
