20000.0
20000.0
20000.0
20000.0
20000.0
20000.0
20000.0
20000.0
20000.0
20000.0
20000.0
20000.0
20000.0
20000.0
20000.0
20000.0
20000.0
20000.0
20000.0
20000.0
20000.0
20000.0
20000.0
19999.990234375
20000.0
20000.0
20000.0
20000.0
20000.0
20000.0
20000.0
20000.0
20000.0
20000.0
20000.0
20000.0
20000.001953125
20000.0
20000.0
20000.0
20000.0
20000.0
20000.0
20000.0
20000.0
20000.0
19999.919921875
20000.0
20000.0
20000.0
20000.0
20000.0
19610.17578125
18780.3203125
18115.146484375
17452.951171875
16896.931640625
16323.7099609375
15781.9765625
15262.3759765625
14797.5361328125
14385.0341796875
13979.03125
13602.3486328125
13234.427734375
12882.189453125
12590.6201171875
12292.728515625
12021.4921875
11756.3984375
11514.5302734375
11296.4462890625
11088.20703125
10915.1494140625
10734.0546875
10550.8681640625
10372.8115234375
10204.8974609375
10059.3544921875
9904.0263671875
9758.2314453125
9612.02734375
9474.9140625
9338.580078125
9205.609375
9080.046875
8954.216796875
8836.0341796875
8715.7431640625
8596.810546875
8492.103515625
8380.6640625
8277.3232421875
8174.85498046875
8079.4189453125
7984.19189453125
7891.53955078125
7804.18017578125
7716.35205078125
7633.5810546875
7550.5859375
7470.0498046875
7400.02587890625
7324.15625
7251.69873046875
7178.10302734375
7108.3681640625
7038.12353515625
6953.7021484375
6858.35986328125
6772.33203125
6701.2900390625
6636.3505859375
6577.07421875
6526.8408203125
6474.8642578125
6419.1728515625
6360.0615234375
6304.0556640625
6249.2568359375
6197.80126953125
6138.72900390625
6069.13427734375
6008.5048828125
5949.955078125
