20000.0
20000.0
20000.0
20000.0
20000.0
20000.0
20000.0
20000.0
20000.0
20000.0
20000.0
20000.0
20000.0
20000.0
20000.0
20000.0
20000.0
20000.0
20000.0
20000.0
20000.0078125
20000.0
19999.408203125
20000.0
20000.0
20000.0
20000.0
20000.0
20000.0078125
20000.0
20000.0
20000.0
20000.0
20000.0
20000.0
20000.0
20000.0
20000.0
20000.0
20000.0
20000.0
20000.0
20000.0
19240.501953125
18064.263671875
17214.859375
16583.369140625
16065.7578125
15622.8291015625
15159.0087890625
14743.2666015625
14346.28125
13964.7900390625
13632.3232421875
13273.5556640625
12941.15234375
12611.2294921875
12299.4189453125
11986.6396484375
11670.7421875
11355.7421875
11035.3291015625
10731.3447265625
10423.4130859375
10121.7001953125
9877.1806640625
9619.3701171875
9367.18359375
9111.0966796875
8871.3828125
8634.0029296875
8406.8603515625
8197.5849609375
7995.99560546875
7801.68994140625
7605.64501953125
7417.57958984375
7255.40625
7081.92041015625
6920.47412109375
6756.52490234375
6602.43896484375
6453.4677734375
6313.25
6184.6162109375
6057.646484375
5940.6162109375
5824.7421875
5713.32958984375
5616.0322265625
5512.3759765625
5415.99951171875
5322.1123046875
5243.197265625
5164.35400390625
5079.19970703125
4995.916015625
4913.697265625
4838.2470703125
4764.212890625
4693.583984375
4632.4736328125
4568.24951171875
4509.34521484375
4451.62646484375
4398.35888671875
4347.42529296875
4300.95703125
4257.423828125
4213.42333984375
4171.8154296875
4130.0302734375
4089.4365234375
4053.86865234375
4015.606689453125
3979.454345703125
3943.009521484375
3908.56298828125
3873.94775390625
3840.495361328125
3809.787841796875
3780.815673828125
3756.4853515625
3734.15087890625
