20000.0
20000.0
20000.0
20000.0
20000.0
20000.0
20000.0
20000.0
20000.0
20000.0
20000.0
20000.0
20000.0
20000.0
20000.0
20000.0
20000.0
20000.0
20000.0
20000.0
20000.001953125
19999.9921875
20000.0
20000.0
20000.0
19999.998046875
20000.0
20000.0
20000.0
20000.0
20000.0
20000.0
20000.0
20000.0
20000.0
19999.998046875
20000.0
19999.998046875
20000.0
20000.0
20000.0
19441.650390625
18278.54296875
17240.94921875
16368.498046875
15741.8037109375
15279.3369140625
14877.9765625
14515.2578125
14118.716796875
13761.248046875
13421.7939453125
13102.65234375
12824.0625
12521.732421875
12238.5966796875
11957.1689453125
11693.7021484375
11429.890625
11172.34375
10928.0908203125
10666.6279296875
10408.830078125
10147.9208984375
9891.6240234375
9663.2734375
9414.8134765625
9197.0810546875
8983.1552734375
8775.91796875
8565.8037109375
8359.486328125
8166.6337890625
7975.36376953125
7797.33447265625
7621.32080078125
7456.89990234375
7310.35009765625
7149.42578125
6998.36279296875
6848.75341796875
6710.5380859375
6572.16796875
6438.8212890625
6314.158203125
6184.943359375
6066.99658203125
5952.1806640625
5842.958984375
5748.505859375
5647.79248046875
5553.9111328125
5461.0712890625
5374.044921875
5287.08447265625
5204.818359375
5130.90625
5055.5849609375
4985.673828125
4921.68701171875
4860.18359375
4801.12548828125
4730.69921875
4664.0712890625
4598.443359375
4537.904296875
4478.15478515625
4420.86328125
4367.513671875
4314.9580078125
4266.62890625
4219.03955078125
4173.615234375
4134.2734375
4095.11669921875
4059.6328125
4023.8837890625
3989.855712890625
3955.280517578125
3921.320556640625
3889.18115234375
3856.808837890625
3826.344970703125
3795.662841796875
